0 0.33475783475783477 0.8163184552073441 0.06276709401709397 0.12187401076289966
0 0.41644408831908836 0.6596232985121874 0.07389601139601142 0.1202912314023425
0 0.3942733494363929 0.8067185543030955 0.042773752012882464 0.1534263732331365
0 0.7266766268260291 0.5031724952043677 0.07304116865869853 0.12394864984506423
0 0.7028137450199202 0.823742068761989 0.0676460823373174 0.07451674782352072
0 0.8580211518858308 0.6734907690565184 0.06530326197757397 0.08692943708234227
0 0.8695686799184507 0.6027013251783895 0.06100280326197757 0.10788311247026836
0 0.9379384118967452 0.7064471879286693 0.048225308641975315 0.12345679012345671
0 0.06023923992673993 0.8758140008140007 0.06438873626373627 0.10836385836385834
0 0.09085966117216117 0.7483719983719984 0.04378434065934065 0.09564509564509564
0 0.12305402930402928 0.7806776556776556 0.02747252747252748 0.06868131868131873
0 0.1621165293040293 0.7878001628001627 0.04035027472527473 0.0737688237688238
