0 0.29739583333333336 0.7907407407407407 0.036458333333333336 0.09444444444444444
0 0.8690104166666667 0.7837962962962963 0.044270833333333336 0.09351851851851851
0 0.14661458333333333 0.42824074074074076 0.043229166666666666 0.10462962962962963
0 0.17864583333333334 0.8763888888888889 0.06666666666666667 0.10092592592592593
0 0.35442708333333334 0.6416666666666667 0.06614583333333333 0.08518518518518518
0 0.28489583333333335 0.5513888888888889 0.06770833333333333 0.08425925925925926
0 0.6296875 0.6662037037037037 0.051041666666666666 0.10462962962962963
0 0.15859375 0.5592592592592592 0.04114583333333333 0.08888888888888889
0 0.03854166666666667 0.6347222222222222 0.046875 0.08055555555555556
0 0.9830729166666666 0.4708333333333333 0.0296875 0.08611111111111111
0 0.7200520833333334 0.624537037037037 0.0578125 0.125
0 0.10130208333333333 0.44675925925925924 0.027604166666666666 0.11018518518518519
0 0.09973958333333334 0.7509259259259259 0.059895833333333336 0.06111111111111111
0 0.09401041666666667 0.5740740740740741 0.03697916666666667 0.09814814814814815
0 0.684375 0.42685185185185187 0.08333333333333333 0.07592592592592592
0 0.013541666666666667 0.8050925925925926 0.026041666666666668 0.0712962962962963
0 0.25925409226190477 0.6510416666666666 0.04789806547619051 0.08845899470899475
0 0.33970424107142855 0.9019510582010581 0.05440848214285718 0.051256613756613785
0 0.665922619047619 0.5381944444444444 0.03348214285714282 0.09424603174603179
0 0.023263888888888886 0.7469135802469137 0.042361111111111106 0.08395061728395058
0 0.6878208925750395 0.7771634193435142 0.04369075829383888 0.10882920835527475
