0 0.19327799479166666 0.33613040123456794 0.052354600694444434 0.12731481481481483
0 0.09711500395882819 0.6275842350664204 0.04849564528899446 0.09919063957068698
0 0.09414588281868566 0.7922055071698777 0.06259897070467141 0.03474971408463095
0 0.3771402414885194 0.855326823260315 0.06989806017418841 0.0840151315210697
0 0.5116166864608077 0.9493489926981614 0.0981047110055424 0.09831089997360785
0 0.4631828978622328 0.8691827219143133 0.06903206650831356 0.09897070467141726
0 0.5633758758758759 0.6795684573462352 0.06318818818818824 0.11344678011344679
0 0.6611298798798799 0.772022022022022 0.04848598598598587 0.1159492826159493
0 0.7626376376376377 0.7995495495495496 0.048798798798798754 0.09537315092870655
0 0.7575544294294294 0.6025469914358803 0.0664727227227227 0.11011011011011015
0 0.8812301316984559 0.8169341003128469 0.02682220708446875 0.061055606014734094
0 0.953891348773842 0.8036885659501464 0.03391802906448677 0.05928953476637402
0 0.9343778383287921 0.7032748006862448 0.05648274296094466 0.11479463114340493
0 0.9844033832879201 0.5003027550711475 0.028809037238873833 0.13068927237864572
0 0.9257918937329701 0.10596427490160461 0.06968097184377839 0.10243213240488444
0 0.6385476878612716 0.14745236566045816 0.042750481695568374 0.11186041532862342
0 0.04567307692307692 0.6207264957264957 0.024839743589743588 0.12891737891737898
