0 0.47242144808743164 0.542956891317547 0.08965163934426226 0.09805707346690945
0 0.4170935792349726 0.8054037644201577 0.0756489071038251 0.08439587128111714
0 0.40500321750321755 0.7087444587444588 0.06636100386100387 0.1090376090376091
0 0.3514116795366796 0.667989417989418 0.050474581724581746 0.0975975975975976
0 0.47458172458172465 0.2881452881452881 0.03740347490347495 0.12798512798512796
0 0.6409869691119691 0.6281281281281282 0.06776866151866147 0.11583011583011579
0 0.7544348184818481 0.7016639163916392 0.06033415841584168 0.08823799046571318
0 0.7955489519427402 0.6721483753692342 0.05959228016359918 0.13150420359009318
0 0.8723958333333334 0.7106339468302657 0.06438522494887534 0.06248579868211771
0 0.8454754601226994 0.8228243581004316 0.06646216768916156 0.08520790729379689
0 0.8892510224948874 0.8079129743240172 0.04026073619631904 0.09344467166553054
0 0.9340650562372187 0.7033912747102932 0.05479933537832314 0.12184730743012953
0 0.8948427914110428 0.6352249488752556 0.06774028629856849 0.0792433537832311
0 0.9814979309703766 0.47858797409252246 0.035273469302716264 0.08349662622986079
0 0.8534644194756553 0.3344777361631294 0.054073033707865176 0.12005826050769873
0 0.11031420765027322 0.7905282331511839 0.05191256830601094 0.07103825136612021
0 0.036885245901639344 0.7706435944140861 0.02629781420765027 0.044019429265330874
0 0.3500405844155844 0.7744107744107743 0.030438311688311674 0.12866762866762868
