0 0.5380394345238095 0.5543154761904762 0.06851438492063491 0.10223765432098762
0 0.5929129464285715 0.5752590388007055 0.047743055555555594 0.10609567901234561
0 0.6879340277777779 0.6622023809523809 0.06975446428571423 0.0914902998236332
0 0.7386997767857143 0.713045634920635 0.048828125 0.1121582892416226
0 0.7833426339285714 0.7144235008818343 0.04944816468253966 0.09397045855379184
0 0.8130270337301587 0.744323192239859 0.044952876984127005 0.10967813051146375
0 0.860382564484127 0.7097387566137566 0.05130828373015864 0.10113536155202822
0 0.8758060515873017 0.8421516754850089 0.06789434523809526 0.08763227513227521
0 0.9362599206349207 0.7047784391534392 0.053323412698412655 0.11656746031746029
0 0.9271143353174603 0.56671626984127 0.05642361111111119 0.09507275132275134
0 0.9846106150793651 0.496169532627866 0.029737103174603163 0.12152777777777783
0 0.961061507936508 0.3754684744268078 0.05642361111111107 0.09782848324514994
0 0.2437359234234234 0.6396396396396397 0.05306869369369365 0.11311311311311315
0 0.12346372901678655 0.8438249400479615 0.0666966426858513 0.07593924860111909
0 0.0830078125 0.7874710648148148 0.0458984375 0.0708912037037037
0 0.06534830729166667 0.7398726851851852 0.029459635416666668 0.08622685185185185
