0 0.93515625 0.5916666666666667 0.058854166666666666 0.10740740740740741
0 0.9747395833333333 0.4930555555555556 0.0453125 0.11944444444444445
0 0.2669270833333333 0.8435185185185186 0.06510416666666667 0.08148148148148149
0 0.14817708333333332 0.8328703703703704 0.058854166666666666 0.075
0 0.028645833333333332 0.5685185185185185 0.04895833333333333 0.08703703703703704
0 0.42578125 0.7953703703703704 0.0453125 0.10555555555555556
0 0.04140625 0.9263888888888889 0.0734375 0.08796296296296297
0 0.05182291666666667 0.799074074074074 0.05677083333333333 0.05740740740740741
0 0.9309895833333334 0.7680555555555556 0.05260416666666667 0.08055555555555556
0 0.1296875 0.5550925925925926 0.046875 0.11203703703703703
0 0.8354166666666667 0.7439814814814815 0.05625 0.08796296296296297
0 0.6346354166666667 0.425462962962963 0.03697916666666667 0.1361111111111111
0 0.9395833333333333 0.3347222222222222 0.03229166666666667 0.17685185185185184
0 0.7528645833333333 0.8546296296296296 0.0453125 0.037037037037037035
0 0.790625 0.8291666666666667 0.021875 0.08055555555555556
0 0.27395833333333336 0.5638888888888889 0.03125 0.12037037037037036
0 0.05374203821656051 0.6912007548950224 0.035828025477707005 0.09554140127388533
0 0.37157685512367494 0.7811477555293809 0.047114252061248564 0.08146839418924222
0 0.39274146054181386 0.85410940976312 0.040856890459363984 0.03828032979976451
0 0.774624558303887 0.7855647166601231 0.04748233215547704 0.07983248265933772
