0 0.1421875 0.42685185185185187 0.035416666666666666 0.10740740740740741
0 0.16328125 0.5449074074074074 0.03802083333333333 0.09722222222222222
0 0.12734375 0.7509259259259259 0.050520833333333334 0.10185185185185185
0 0.6421875 0.49537037037037035 0.065625 0.12407407407407407
0 0.203125 0.9212962962962963 0.052083333333333336 0.1
0 0.6216145833333333 0.6925925925925925 0.05364583333333333 0.0962962962962963
0 0.19765625 0.5949074074074074 0.03697916666666667 0.10277777777777777
0 0.2875 0.7546296296296297 0.05520833333333333 0.10185185185185185
0 0.3455729166666667 0.9078703703703703 0.06822916666666666 0.09537037037037037
0 0.6622395833333333 0.625 0.05677083333333333 0.12407407407407407
0 0.2638020833333333 0.9027777777777778 0.049479166666666664 0.11296296296296296
0 0.10234375 0.625462962962963 0.0390625 0.08611111111111111
0 0.23489583333333333 0.5393518518518519 0.053125 0.049074074074074076
0 0.5700520833333333 0.7458333333333333 0.03697916666666667 0.11944444444444445
0 0.4609375 0.5976851851851852 0.058333333333333334 0.1175925925925926
0 0.10625 0.4689814814814815 0.046875 0.10648148148148148
0 0.72109375 0.6208333333333333 0.06197916666666667 0.14166666666666666
0 0.03359375 0.6458333333333334 0.03697916666666667 0.09351851851851851
0 0.24765625 0.6050925925925926 0.028645833333333332 0.08611111111111111
0 0.4122395833333333 0.8282407407407407 0.06302083333333333 0.03611111111111111
0 0.87109375 0.8074074074074075 0.025520833333333333 0.05
0 0.0109375 0.825 0.0010416666666666667 0.007407407407407408
0 0.013802083333333333 0.8032407407407407 0.025520833333333333 0.06388888888888888
0 0.015104166666666667 0.7467592592592592 0.026041666666666668 0.06018518518518518
0 0.7320601851851852 0.2551440329218107 0.0300925925925925 0.11522633744855969
