0 0.31484375 0.5694444444444444 0.06302083333333333 0.0962962962962963
0 0.9572916666666667 0.5 0.06145833333333333 0.10740740740740741
0 0.75 0.8527777777777777 0.06875 0.053703703703703705
0 0.11067708333333333 0.39305555555555555 0.0546875 0.14537037037037037
0 0.18854166666666666 0.8476851851851852 0.04375 0.08981481481481482
0 0.15234375 0.8314814814814815 0.03802083333333333 0.07222222222222222
0 0.22447916666666667 0.6240740740740741 0.03125 0.1111111111111111
0 0.07994791666666666 0.8194444444444444 0.04635416666666667 0.10740740740740741
0 0.9059895833333333 0.6763888888888889 0.05572916666666667 0.0787037037037037
0 0.9825520833333333 0.5976851851851852 0.030729166666666665 0.09537037037037037
0 0.015104166666666667 0.8791666666666667 0.030208333333333334 0.08055555555555556
0 0.17135416666666667 0.6361111111111111 0.065625 0.05740740740740741
0 0.9643229166666667 0.6787037037037037 0.04635416666666667 0.08148148148148149
0 0.9278645833333333 0.7685185185185185 0.05260416666666667 0.07222222222222222
0 0.038802083333333334 0.7939814814814815 0.03697916666666667 0.05462962962962963
0 0.3645833333333333 0.3347222222222222 0.04479166666666667 0.13425925925925927
0 0.9901041666666667 0.7865740740740741 0.01875 0.11203703703703703
0 0.2634343705293276 0.8152519472261962 0.029729971387696737 0.08623430297250041
0 0.4389082618025751 0.7316006994118582 0.04045958512160226 0.12001271657924015
0 0.049634971509971516 0.5601060462171574 0.021812678062678066 0.10011079455523897
