0 0.29846892959770116 0.8568805874840358 0.09361530172413796 0.09259259259259259
0 0.3072243175287357 0.7449313537675607 0.06308369252873565 0.10416666666666667
0 0.19362877155172414 0.848499361430396 0.07969647988505747 0.11095146871008936
0 0.166015625 0.716794380587484 0.06936961206896552 0.0981800766283525
0 0.049959367612293144 0.5901956921460467 0.04377216312056738 0.12509850275807716
0 0.7893764775413712 0.6579984239558708 0.06279550827423168 0.11754662463882318
0 0.7621343085106383 0.7702915681639086 0.04746601654846335 0.11951667980036783
0 0.723441193853428 0.7998423955870766 0.05947104018912531 0.06107171000788014
0 0.8922502955082744 0.7382781717888101 0.06094858156028368 0.09554767533490936
0 0.9364841903073287 0.7047872340425533 0.055961879432624075 0.11590491200420285
0 0.9879210992907801 0.7455017073811401 0.01994680851063831 0.11065143157341742
0 0.9772089243498818 0.5219004465458367 0.04210992907801412 0.13429209351195162
