0 0.4354166666666667 0.8333333333333334 0.03958333333333333 0.08333333333333333
0 0.13697916666666668 0.6087962962962963 0.03854166666666667 0.08796296296296297
0 0.08984375 0.8180555555555555 0.04635416666666667 0.07685185185185185
0 0.029947916666666668 0.6129629629629629 0.04635416666666667 0.1
0 0.2203125 0.950462962962963 0.08020833333333334 0.08796296296296297
0 0.13463541666666667 0.49722222222222223 0.0421875 0.11666666666666667
0 0.2604166666666667 0.7166666666666667 0.03125 0.11481481481481481
0 0.047135416666666666 0.7263888888888889 0.04635416666666667 0.0712962962962963
0 0.20078125 0.825925925925926 0.043229166666666666 0.06666666666666667
0 0.8541666666666666 0.7143518518518519 0.035416666666666666 0.09907407407407408
0 0.9291666666666667 0.6356481481481482 0.04479166666666667 0.12314814814814815
0 0.6877604166666667 0.8643518518518518 0.0453125 0.032407407407407406
0 0.41822916666666665 0.7490740740740741 0.034375 0.12037037037037036
0 0.21536458333333333 0.6708333333333333 0.0328125 0.12314814814814815
0 0.7393229166666667 0.7546296296296297 0.0421875 0.11296296296296296
0 0.07760416666666667 0.7620370370370371 0.03333333333333333 0.05740740740740741
0 0.15390625 0.7027777777777777 0.0265625 0.11296296296296296
0 0.0421875 0.7972222222222223 0.040625 0.05925925925925926
0 0.9783854166666667 0.6564814814814814 0.04114583333333333 0.07222222222222222
0 0.8989583333333333 0.8402777777777778 0.058333333333333334 0.03981481481481482
0 0.16015625 0.825925925925926 0.0234375 0.02962962962962963
0 0.30437234607218683 0.6275064873790989 0.04080414012738854 0.12149091766926164
0 0.07823129251700679 0.5379818594104309 0.025510204081632647 0.10544217687074832
0 0.6359735324947589 0.7264733286745866 0.024567610062893052 0.11297460982995577
0 0.8015592243186582 0.7427789424644771 0.032429245283018916 0.10598648963428835
