0 0.34817708333333336 0.6458333333333334 0.05572916666666667 0.08611111111111111
0 0.365625 0.9037037037037037 0.07916666666666666 0.09444444444444444
0 0.7955729166666666 0.45185185185185184 0.0640625 0.1111111111111111
0 0.09114583333333333 0.6731481481481482 0.052083333333333336 0.09444444444444444
0 0.9658854166666667 0.387037037037037 0.04739583333333333 0.13148148148148148
0 0.13932291666666666 0.5712962962962963 0.05572916666666667 0.08703703703703704
0 0.2671875 0.6337962962962963 0.05 0.08055555555555556
0 0.878125 0.7861111111111111 0.051041666666666666 0.08703703703703704
0 0.6317708333333333 0.6185185185185185 0.046875 0.10555555555555556
0 0.14635416666666667 0.4222222222222222 0.05625 0.0962962962962963
0 0.30755208333333334 0.586574074074074 0.06510416666666667 0.09907407407407408
0 0.28072916666666664 0.7666666666666667 0.035416666666666666 0.10555555555555556
0 0.9263020833333333 0.8050925925925926 0.03697916666666667 0.04537037037037037
0 0.6984375 0.6037037037037037 0.06666666666666667 0.1037037037037037
0 0.021614583333333333 0.7407407407407407 0.0421875 0.08148148148148149
0 0.11458333333333333 0.37824074074074077 0.0 0.000925925925925926
0 0.10130208333333333 0.43842592592592594 0.0234375 0.10648148148148148
0 0.013541666666666667 0.8055555555555556 0.022916666666666665 0.06296296296296296
0 0.7052479619565217 0.4639694041867955 0.05463088768115938 0.0805152979066023
0 0.036223370927318296 0.6397939292676134 0.038768796992481196 0.05430242272347538
0 0.10441350710900474 0.850886431455152 0.05529225908372828 0.06582411795681935
0 0.08108708530805687 0.826312094084606 0.05899486571879937 0.04827101983500084
