0 0.24973958333333332 0.8472222222222222 0.0515625 0.09814814814814815
0 0.42161458333333335 0.5402777777777777 0.05572916666666667 0.11574074074074074
0 0.1703125 0.8796296296296297 0.042708333333333334 0.08888888888888889
0 0.83671875 0.6217592592592592 0.04635416666666667 0.13796296296296295
0 0.73828125 0.31712962962962965 0.06614583333333333 0.09722222222222222
0 0.9020833333333333 0.0912037037037037 0.06458333333333334 0.06759259259259259
0 0.9807291666666667 0.3199074074074074 0.0375 0.10092592592592593
0 0.9411458333333333 0.7185185185185186 0.03958333333333333 0.1111111111111111
0 0.1359375 0.6342592592592593 0.06041666666666667 0.05740740740740741
0 0.20703125 0.7694444444444445 0.0359375 0.09444444444444444
0 0.037760416666666664 0.7472222222222222 0.0296875 0.08703703703703704
0 0.26015625 0.6291666666666667 0.06822916666666666 0.07685185185185185
0 0.7127604166666667 0.8194444444444444 0.0453125 0.05555555555555555
0 0.9895833333333334 0.7564814814814815 0.01875 0.11296296296296296
0 0.15349911971830987 0.7513367240479917 0.03191021126760563 0.12943401147626502
0 0.1874502784407319 0.6984221691858922 0.038534208432776454 0.1102713692212499
0 0.8169419845594914 0.440004036734282 0.07450613079019064 0.15339590271470385
