0 0.6752604166666667 0.5222222222222223 0.07239583333333334 0.09814814814814815
0 0.3841145833333333 0.8291666666666667 0.06614583333333333 0.07685185185185185
0 0.14765625 0.4638888888888889 0.05677083333333333 0.10555555555555556
0 0.25390625 0.6717592592592593 0.058854166666666666 0.09166666666666666
0 0.08489583333333334 0.7564814814814815 0.029166666666666667 0.09814814814814815
0 0.18046875 0.8722222222222222 0.07552083333333333 0.09074074074074075
0 0.22317708333333333 0.7708333333333334 0.044270833333333336 0.0787037037037037
0 0.34479166666666666 0.9074074074074074 0.065625 0.09259259259259259
0 0.89296875 0.6782407407407407 0.05572916666666667 0.06944444444444445
0 0.018229166666666668 0.399537037037037 0.035416666666666666 0.08611111111111111
0 0.3658854166666667 0.7185185185185186 0.06822916666666666 0.08148148148148149
0 0.16380208333333332 0.5902777777777778 0.06197916666666667 0.10648148148148148
0 0.21458333333333332 0.6939814814814815 0.04791666666666667 0.075
0 0.46119791666666665 0.7638888888888888 0.027604166666666666 0.10925925925925926
0 0.4200520833333333 0.7763888888888889 0.028645833333333332 0.075
0 0.26197916666666665 0.812037037037037 0.058333333333333334 0.04259259259259259
0 0.9661458333333334 0.7555555555555555 0.03854166666666667 0.05925925925925926
0 0.9700520833333334 0.6606481481481481 0.0296875 0.11574074074074074
0 0.8674479166666667 0.7791666666666667 0.028645833333333332 0.07685185185185185
0 0.85234375 0.8231481481481482 0.0515625 0.03148148148148148
0 0.015104166666666667 0.7643518518518518 0.028125 0.1287037037037037
0 0.4953125 0.8328703703703704 0.028125 0.032407407407407406
0 0.09526353276353276 0.546454574232352 0.03561253561253562 0.1036720481164926
