0 0.5540280758226037 0.6076140518200603 0.06907188841201713 0.11444921316165954
0 0.4314198855507868 0.7049753616277222 0.07063662374821172 0.09457955809887142
0 0.39744277539341916 0.40077094261643614 0.07913090128755365 0.10451438563026548
0 0.10819027181688125 0.833929422985217 0.07644849785407724 0.08782387537752345
0 0.07656026466380544 0.6930535685900492 0.04135371959942776 0.10491177873152127
0 0.14574391988555077 0.6407963757749165 0.049624463519313294 0.11246224765538071
0 0.15993830472103004 0.7999523128278493 0.03643597997138771 0.060403751390875914
0 0.03196530758226037 0.6980209823557463 0.05275393419170243 0.10451438563026548
0 0.21269223891273245 0.7522651406771578 0.03911838340486409 0.13431886822444764
0 0.7535318311874105 0.8025353679860117 0.06884835479256081 0.08384994436496579
0 0.8167918454935621 0.8283659195676362 0.07331902718168817 0.08067079955491971
0 0.8193624821173103 0.7504768717215069 0.04448319027181687 0.08861866158003492
0 0.962535765379113 0.49177396280400565 0.06437768240343343 0.0981560960101733
0 0.9355999642346209 0.7055714512796059 0.052083333333333336 0.11723096487044984
0 0.6094927763819096 0.7837800111669458 0.05980422948073697 0.10469011725293129
