0 0.34713541666666664 0.8958333333333334 0.06510416666666667 0.11574074074074074
0 0.13958333333333334 0.48055555555555557 0.036458333333333336 0.10555555555555556
0 0.07473958333333333 0.5115740740740741 0.049479166666666664 0.09722222222222222
0 0.94921875 0.6555555555555556 0.05572916666666667 0.1
0 0.9830729166666666 0.562037037037037 0.030729166666666665 0.10555555555555556
0 0.22421875 0.788425925925926 0.0453125 0.07685185185185185
0 0.2708333333333333 0.8527777777777777 0.058333333333333334 0.09074074074074075
0 0.18932291666666667 0.5138888888888888 0.0328125 0.10555555555555556
0 0.09010416666666667 0.6865740740740741 0.04791666666666667 0.06759259259259259
0 0.7643229166666666 0.5287037037037037 0.06510416666666667 0.1425925925925926
0 0.21510416666666668 0.6824074074074075 0.059375 0.07777777777777778
0 0.4434895833333333 0.6083333333333333 0.0328125 0.11666666666666667
0 0.97890625 0.7851851851851852 0.03177083333333333 0.06851851851851852
0 0.39140625 0.7518518518518519 0.058854166666666666 0.08888888888888889
0 0.8682291666666667 0.788425925925926 0.04895833333333333 0.10462962962962963
0 0.56171875 0.6643518518518519 0.07239583333333334 0.10277777777777777
0 0.015104166666666667 0.7675925925925926 0.028125 0.13518518518518519
0 0.34010416666666665 0.7472222222222222 0.028125 0.053703703703703705
0 0.1098191214470284 0.6040051679586562 0.05329457364341086 0.08110824002296868
0 0.22953003875968989 0.5749354005167959 0.06177325581395351 0.07321274763135227
0 0.33632105943152457 0.6585558426643697 0.03875968992248063 0.11699684180304339
0 0.3223917958656331 0.8161068044788974 0.0738856589147287 0.05455067470571338
