0 0.22994791666666667 0.874537037037037 0.0734375 0.08425925925925926
0 0.9825520833333333 0.4425925925925926 0.033854166666666664 0.07407407407407407
0 0.934375 0.3939814814814815 0.040625 0.12314814814814815
0 0.0578125 0.6421296296296296 0.051041666666666666 0.0787037037037037
0 0.8174479166666667 0.5101851851851852 0.0578125 0.11851851851851852
0 0.9658854166666667 0.8064814814814815 0.059895833333333336 0.07407407407407407
0 0.9408854166666667 0.7087962962962963 0.043229166666666666 0.11018518518518519
0 0.84375 0.3680555555555556 0.04791666666666667 0.10277777777777777
0 0.11536458333333334 0.6476851851851851 0.025520833333333333 0.10648148148148148
0 0.05026041666666667 0.7379629629629629 0.0296875 0.1037037037037037
0 0.8947916666666667 0.33287037037037037 0.065625 0.07314814814814814
0 0.28619791666666666 0.7217592592592592 0.0484375 0.125
0 0.078125 0.5462962962962963 0.04375 0.08888888888888889
0 0.016666666666666666 0.774074074074074 0.03125 0.11851851851851852
0 0.7434895833333334 0.14953703703703702 0.028645833333333332 0.12685185185185185
