0 0.13619791666666667 0.7976851851851852 0.0390625 0.0712962962962963
0 0.14479166666666668 0.6453703703703704 0.036458333333333336 0.1
0 0.04505208333333333 0.8412037037037037 0.049479166666666664 0.08796296296296297
0 0.7723958333333333 0.8050925925925926 0.052083333333333336 0.0787037037037037
0 0.86015625 0.812037037037037 0.049479166666666664 0.06666666666666667
0 0.17109375 0.7282407407407407 0.0296875 0.08425925925925926
0 0.18411458333333333 0.799537037037037 0.0421875 0.05092592592592592
0 0.8333333333333334 0.42314814814814816 0.06145833333333333 0.12222222222222222
0 0.8151041666666666 0.5879629629629629 0.04375 0.14444444444444443
0 0.06875 0.649074074074074 0.023958333333333335 0.10555555555555556
0 0.7880208333333333 0.7287037037037037 0.04895833333333333 0.10740740740740741
0 0.8770833333333333 0.4064814814814815 0.03333333333333333 0.10740740740740741
0 0.07708333333333334 0.7273148148148149 0.035416666666666666 0.06018518518518518
0 0.06354166666666666 0.7796296296296297 0.026041666666666668 0.046296296296296294
0 0.019010416666666665 0.7662037037037037 0.027604166666666666 0.05648148148148148
0 0.11999591503267974 0.7392656136528686 0.041104983660130726 0.09508896151053019
0 0.9282619775739042 0.7179465398119832 0.039500509683995946 0.1209083701438441
0 0.9567724260958206 0.7207781175671083 0.03822629969418957 0.08466417487824215
