0 0.52890625 0.6990740740740741 0.05260416666666667 0.12777777777777777
0 0.07604166666666666 0.7907407407407407 0.051041666666666666 0.06851851851851852
0 0.2552083333333333 0.5564814814814815 0.06458333333333334 0.09259259259259259
0 0.3338541666666667 0.913425925925926 0.07083333333333333 0.09722222222222222
0 0.10755208333333334 0.6111111111111112 0.04635416666666667 0.06666666666666667
0 0.17578125 0.4671296296296296 0.06197916666666667 0.09537037037037037
0 0.1890625 0.6486111111111111 0.05416666666666667 0.09907407407407408
0 0.30911458333333336 0.799537037037037 0.034895833333333334 0.06759259259259259
0 0.628125 0.6995370370370371 0.06770833333333333 0.0787037037037037
0 0.16927083333333334 0.5583333333333333 0.03854166666666667 0.09074074074074075
0 0.43463541666666666 0.8300925925925926 0.059895833333333336 0.05462962962962963
0 0.20208333333333334 0.8004629629629629 0.051041666666666666 0.05277777777777778
0 0.6072916666666667 0.9523148148148148 0.09375 0.08981481481481482
0 0.15052083333333333 0.8111111111111111 0.05416666666666667 0.08518518518518518
0 0.865625 0.8004629629629629 0.034375 0.06759259259259259
0 0.3104166666666667 0.7310185185185185 0.06354166666666666 0.08055555555555556
0 0.41484375 0.6393518518518518 0.04010416666666667 0.12129629629629629
0 0.871875 0.6157407407407407 0.05520833333333333 0.10185185185185185
0 0.9752604166666666 0.6472222222222223 0.03802083333333333 0.07962962962962963
0 0.65078125 0.8328703703703704 0.058854166666666666 0.03425925925925926
0 0.12213541666666666 0.6861111111111111 0.03177083333333333 0.11481481481481481
0 0.020052083333333335 0.7166666666666667 0.03697916666666667 0.08333333333333333
0 0.49765625 0.8263888888888888 0.0578125 0.04351851851851852
0 0.011458333333333333 0.8087962962962963 0.021875 0.058333333333333334
0 0.6110491071428571 0.6121858465608465 0.03162202380952384 0.10168650793650803
0 0.023148148148148147 0.7758563301863954 0.046296296296296294 0.051167998063422926
0 0.1177680467091295 0.531375324368955 0.04445329087048832 0.0660533144609578
