0 0.5669270833333333 0.5879629629629629 0.06197916666666667 0.10740740740740741
0 0.10234375 0.5509259259259259 0.0578125 0.09444444444444444
0 0.27838541666666666 0.8560185185185185 0.06614583333333333 0.08981481481481482
0 0.9078125 0.48055555555555557 0.058333333333333334 0.10740740740740741
0 0.20833333333333334 0.7347222222222223 0.0375 0.10462962962962963
0 0.8635416666666667 0.6138888888888889 0.053125 0.08148148148148149
0 0.8057291666666667 0.8208333333333333 0.059375 0.08981481481481482
0 0.11666666666666667 0.6425925925925926 0.03958333333333333 0.09814814814814815
0 0.23020833333333332 0.8796296296296297 0.04375 0.06851851851851852
0 0.8986979166666667 0.6671296296296296 0.04739583333333333 0.09166666666666666
0 0.10520833333333333 0.7657407407407407 0.03333333333333333 0.07407407407407407
0 0.035416666666666666 0.5842592592592593 0.04791666666666667 0.08148148148148149
0 0.04375 0.662962962962963 0.051041666666666666 0.07037037037037037
0 0.08541666666666667 0.8175925925925925 0.0375 0.07407407407407407
0 0.6421875 0.8481481481481481 0.05625 0.06296296296296296
0 0.94765625 0.8342592592592593 0.0203125 0.03518518518518519
0 0.0453125 0.7393518518518518 0.03958333333333333 0.075
0 0.6197916666666666 0.44166666666666665 0.03958333333333333 0.1537037037037037
0 0.734375 0.8481481481481481 0.041666666666666664 0.05555555555555555
0 0.04114583333333333 0.7925925925925926 0.04375 0.05925925925925926
0 0.18831073113207544 0.7929332634521313 0.030218160377358493 0.10962613556953181
0 0.97412109375 0.7777777777777778 0.023111979166666668 0.09259259259259259
0 0.96240234375 0.5758101851851852 0.0400390625 0.09259259259259259
0 0.7556329257246378 0.13335346215781 0.06199048913043477 0.09460547504025765
