0 0.24895833333333334 0.8481481481481481 0.04895833333333333 0.09814814814814815
0 0.9119791666666667 0.09768518518518518 0.06666666666666667 0.06574074074074074
0 0.9411458333333333 0.7189814814814814 0.040625 0.11203703703703703
0 0.17395833333333333 0.8930555555555556 0.052083333333333336 0.08981481481481482
0 0.4747395833333333 0.5578703703703703 0.03697916666666667 0.1361111111111111
0 0.8359375 0.6259259259259259 0.04375 0.13518518518518519
0 0.26588541666666665 0.6268518518518519 0.0640625 0.08518518518518518
0 0.7471354166666667 0.3023148148148148 0.06302083333333333 0.10092592592592593
0 0.9809895833333333 0.3347222222222222 0.03697916666666667 0.08611111111111111
0 0.8223958333333333 0.44027777777777777 0.06354166666666666 0.14166666666666666
0 0.14036458333333332 0.6388888888888888 0.0609375 0.05925925925925926
0 0.7138020833333333 0.812962962962963 0.044270833333333336 0.07037037037037037
0 0.044270833333333336 0.7435185185185185 0.025 0.09814814814814815
0 0.2 0.7976851851851852 0.026041666666666668 0.05277777777777778
0 0.16930330423940151 0.778262676641729 0.03623753117206983 0.1290754594993996
0 0.1821151129943503 0.6886377903327054 0.04043079096045199 0.07219083490269927
