0 0.2609375 0.8921296296296296 0.06875 0.08611111111111111
0 0.9231770833333334 0.4828703703703704 0.058854166666666666 0.09907407407407408
0 0.5375 0.6189814814814815 0.065625 0.10462962962962963
0 0.11354166666666667 0.875 0.04895833333333333 0.09259259259259259
0 0.9591145833333333 0.5782407407407407 0.05364583333333333 0.09537037037037037
0 0.04401041666666667 0.5615740740740741 0.05260416666666667 0.07314814814814814
0 0.7721354166666666 0.09722222222222222 0.0578125 0.12962962962962962
0 0.86640625 0.8212962962962963 0.05572916666666667 0.07962962962962963
0 0.94921875 0.8328703703703704 0.04635416666666667 0.05092592592592592
0 0.0859375 0.8305555555555556 0.029166666666666667 0.06296296296296296
0 0.022135416666666668 0.6240740740740741 0.043229166666666666 0.06296296296296296
0 0.19661458333333334 0.6222222222222222 0.034895833333333334 0.10555555555555556
0 0.146875 0.5944444444444444 0.03333333333333333 0.1037037037037037
0 0.13229166666666667 0.7375 0.03958333333333333 0.07685185185185185
0 0.10729166666666666 0.6541666666666667 0.05625 0.0712962962962963
0 0.9057291666666667 0.6810185185185185 0.05520833333333333 0.062037037037037036
0 0.7455729166666667 0.8731481481481481 0.06197916666666667 0.12037037037037036
0 0.06328125 0.8300925925925926 0.024479166666666666 0.062037037037037036
0 0.05390625 0.7324074074074074 0.0265625 0.07962962962962963
0 0.08179754273504275 0.738366571699905 0.03494480056980057 0.1036720481164926
0 0.041391429539295393 0.8128199337548931 0.020960365853658534 0.06210478771454375
0 0.014714600271002711 0.7892953929539296 0.027735433604336047 0.03538090936464913
0 0.15775820463320464 0.828864578864579 0.031169562419562435 0.028242528242528216
0 0.8667954749103941 0.6133014735165272 0.05628360215053772 0.050776583034647584
0 0.8383736559139784 0.37037037037037035 0.038082437275985724 0.12246117084826762
