0 0.5908854166666667 0.47175925925925927 0.0578125 0.15648148148148147
0 0.3268229166666667 0.9175925925925926 0.06614583333333333 0.08703703703703704
0 0.2078125 0.8189814814814815 0.05 0.08055555555555556
0 0.40286458333333336 0.9277777777777778 0.07239583333333334 0.09814814814814815
0 0.5596354166666667 0.7347222222222223 0.06197916666666667 0.0712962962962963
0 0.053125 0.624537037037037 0.04375 0.08611111111111111
0 0.21197916666666666 0.46296296296296297 0.046875 0.08703703703703704
0 0.28151041666666665 0.8166666666666667 0.0578125 0.05740740740740741
0 0.07526041666666666 0.7055555555555556 0.0296875 0.10185185185185185
0 0.2638020833333333 0.45231481481481484 0.04635416666666667 0.09537037037037037
0 0.11510416666666666 0.6935185185185185 0.053125 0.09814814814814815
0 0.48463541666666665 0.7157407407407408 0.0640625 0.05925925925925926
0 0.43645833333333334 0.7652777777777777 0.06770833333333333 0.06759259259259259
0 0.47708333333333336 0.6212962962962963 0.065625 0.07962962962962963
0 0.58984375 0.7865740740740741 0.059895833333333336 0.09907407407407408
0 0.6880208333333333 0.7083333333333334 0.06770833333333333 0.06666666666666667
0 0.23385416666666667 0.5356481481481481 0.046875 0.08425925925925926
0 0.025260416666666667 0.7597222222222222 0.0359375 0.08425925925925926
0 0.21098428143712578 0.7060878243512975 0.028380738522954106 0.1036815258372145
0 0.16046032934131738 0.8039476602350855 0.032123253493013974 0.03659347970725222
0 0.20006861277445112 0.5852184519849192 0.04023203592814371 0.1092259924595254
0 0.34444273399014774 0.7765462506841816 0.05567528735632183 0.06978653530377667
0 0.15595739700374533 0.4210882230545152 0.02750468164794008 0.10559717020391178
0 0.008067255434782608 0.7973530595813204 0.012737771739130434 0.04579307568437998
0 0.7909399224806201 0.6866386735572781 0.04966085271317825 0.09205426356589148
