0 0.30833333333333335 0.7986111111111112 0.035416666666666666 0.075
0 0.17864583333333334 0.4708333333333333 0.05520833333333333 0.075
0 0.33151041666666664 0.9175925925925926 0.06927083333333334 0.08888888888888889
0 0.28515625 0.7337962962962963 0.044270833333333336 0.09537037037037037
0 0.6645833333333333 0.6851851851851852 0.0625 0.07407407407407407
0 0.6588541666666666 0.9467592592592593 0.07708333333333334 0.10462962962962963
0 0.4171875 0.6129629629629629 0.04479166666666667 0.1574074074074074
0 0.6119791666666666 0.6092592592592593 0.042708333333333334 0.12962962962962962
0 0.09713541666666667 0.5504629629629629 0.05572916666666667 0.06759259259259259
0 0.12213541666666666 0.6013888888888889 0.04114583333333333 0.07685185185185185
0 0.05859375 0.7902777777777777 0.0484375 0.07314814814814814
0 0.19765625 0.6092592592592593 0.0578125 0.07962962962962963
0 0.2713541666666667 0.5574074074074075 0.059375 0.10555555555555556
0 0.13776041666666666 0.4351851851851852 0.0421875 0.12037037037037036
0 0.653125 0.8268518518518518 0.06041666666666667 0.04814814814814815
0 0.47604166666666664 0.8236111111111111 0.051041666666666666 0.05277777777777778
0 0.41380208333333335 0.8222222222222222 0.058854166666666666 0.05185185185185185
0 0.85546875 0.799537037037037 0.0609375 0.06759259259259259
0 0.8815104166666666 0.6125 0.04635416666666667 0.125
0 0.15729166666666666 0.5643518518518519 0.030208333333333334 0.09537037037037037
0 0.5192708333333333 0.7171296296296297 0.03333333333333333 0.11944444444444445
0 0.021614583333333333 0.7138888888888889 0.04010416666666667 0.07592592592592592
0 0.01640625 0.7870370370370371 0.030729166666666665 0.08148148148148149
0 0.9713541666666666 0.7097222222222223 0.04895833333333333 0.11018518518518519
0 0.20333880649106412 0.8041591832391736 0.05333083832335331 0.02883122643601681
0 0.14658183632734534 0.8056110002217787 0.056761477045908185 0.047682412951874024
0 0.17028443113772457 0.7759481037924152 0.024326347305389243 0.040474606342869764
