0 0.16640625 0.7481481481481481 0.05677083333333333 0.05185185185185185
0 0.9067708333333333 0.6555555555555556 0.04479166666666667 0.1111111111111111
0 0.15286458333333333 0.8495370370370371 0.05364583333333333 0.0787037037037037
0 0.12578125 0.5342592592592592 0.0390625 0.11296296296296296
0 0.21380208333333334 0.8 0.0421875 0.09444444444444444
0 0.16015625 0.6754629629629629 0.04635416666666667 0.08611111111111111
0 0.41796875 0.7287037037037037 0.0703125 0.09444444444444444
0 0.8322916666666667 0.8337962962962963 0.05520833333333333 0.06018518518518518
0 0.7854166666666667 0.7907407407407407 0.03229166666666667 0.10185185185185185
0 0.11458333333333333 0.6018518518518519 0.03229166666666667 0.1111111111111111
0 0.7270833333333333 0.7972222222222223 0.06041666666666667 0.08333333333333333
0 0.12473958333333333 0.8134259259259259 0.0453125 0.06018518518518518
0 0.83203125 0.7481481481481481 0.050520833333333334 0.06666666666666667
0 0.040364583333333336 0.8004629629629629 0.0390625 0.05462962962962963
0 0.05253492292870906 0.622725326482552 0.02378371868978806 0.09687433097837722
