0 0.029427083333333333 0.47685185185185186 0.0453125 0.10925925925925926
0 0.15572916666666667 0.8726851851851852 0.07291666666666667 0.0787037037037037
0 0.9411458333333333 0.7092592592592593 0.04375 0.1111111111111111
0 0.97109375 0.8060185185185185 0.0515625 0.075
0 0.93984375 0.3212962962962963 0.0671875 0.11296296296296296
0 0.9403645833333333 0.4486111111111111 0.04010416666666667 0.12685185185185185
0 0.8661458333333333 0.324537037037037 0.06875 0.06944444444444445
0 0.80625 0.5569444444444445 0.03125 0.10648148148148148
0 0.08151041666666667 0.7754629629629629 0.0234375 0.058333333333333334
0 0.14661458333333333 0.5814814814814815 0.04114583333333333 0.12777777777777777
0 0.011197916666666667 0.8157407407407408 0.0203125 0.06666666666666667
0 0.73125 0.8157407407407408 0.0375 0.06481481481481481
0 0.08799342105263157 0.6661793372319688 0.04714912280701754 0.12573099415204678
0 0.870143581081081 0.4305555555555556 0.038710585585585496 0.12287287287287288
