0 0.16692708333333334 0.8768518518518519 0.07135416666666666 0.1
0 0.14817708333333332 0.4300925925925926 0.043229166666666666 0.10092592592592593
0 0.037760416666666664 0.6337962962962963 0.044270833333333336 0.08796296296296297
0 0.86953125 0.7847222222222222 0.0453125 0.08981481481481482
0 0.159375 0.5625 0.040625 0.09351851851851851
0 0.7190104166666667 0.6217592592592592 0.06927083333333334 0.13240740740740742
0 0.6294270833333333 0.6560185185185186 0.044270833333333336 0.11018518518518519
0 0.29635416666666664 0.5694444444444444 0.06145833333333333 0.0962962962962963
0 0.3567708333333333 0.6527777777777778 0.06458333333333334 0.08333333333333333
0 0.2669270833333333 0.6476851851851851 0.05677083333333333 0.09537037037037037
0 0.340625 0.9055555555555556 0.07291666666666667 0.09814814814814815
0 0.10260416666666666 0.7333333333333333 0.05625 0.07222222222222222
0 0.09895833333333333 0.4412037037037037 0.04375 0.125
0 0.2911458333333333 0.7791666666666667 0.03333333333333333 0.10833333333333334
0 0.6861979166666666 0.4203703703703704 0.07552083333333333 0.08518518518518518
0 0.09479166666666666 0.5680555555555555 0.035416666666666666 0.08981481481481482
0 0.01328125 0.8111111111111111 0.025520833333333333 0.08703703703703704
0 0.022395833333333334 0.7430555555555556 0.04375 0.08055555555555556
0 0.6783571105072463 0.7900563607085345 0.042742300724637756 0.09762479871175521
0 0.9768653100775194 0.47588285960378984 0.035125968992248006 0.05167958656330753
0 0.6664691943127963 0.5364665613480779 0.03653238546603473 0.09522555731086542
