0 0.30130208333333336 0.8199074074074074 0.06302083333333333 0.0712962962962963
0 0.16145833333333334 0.812962962962963 0.06458333333333334 0.08888888888888889
0 0.058854166666666666 0.5111111111111111 0.0375 0.10185185185185185
0 0.45989583333333334 0.5768518518518518 0.071875 0.0962962962962963
0 0.4830729166666667 0.7402777777777778 0.050520833333333334 0.11574074074074074
0 0.14661458333333333 0.462037037037037 0.05677083333333333 0.1111111111111111
0 0.36223958333333334 0.6226851851851852 0.0609375 0.09351851851851851
0 0.27291666666666664 0.675 0.06458333333333334 0.06296296296296296
0 0.07265625 0.37175925925925923 0.05364583333333333 0.09722222222222222
0 0.34791666666666665 0.9046296296296297 0.06666666666666667 0.09814814814814815
0 0.5411458333333333 0.6643518518518519 0.07083333333333333 0.08981481481481482
0 0.24869791666666666 0.7837962962962963 0.0453125 0.0824074074074074
0 0.01640625 0.7439814814814815 0.030729166666666665 0.06944444444444445
0 0.7515625 0.6152777777777778 0.065625 0.10092592592592593
0 0.8997395833333334 0.7597222222222222 0.033854166666666664 0.06574074074074074
0 0.03697916666666667 0.6064814814814815 0.05520833333333333 0.07037037037037037
0 0.90703125 0.8097222222222222 0.04739583333333333 0.04722222222222222
0 0.8697916666666666 0.7652777777777777 0.029166666666666667 0.0787037037037037
0 0.9908854166666666 0.43194444444444446 0.0171875 0.075
0 0.7846354166666667 0.49675925925925923 0.04635416666666667 0.1287037037037037
0 0.03697916666666667 0.6800925925925926 0.035416666666666666 0.09166666666666666
0 0.8416666666666667 0.8152777777777778 0.03333333333333333 0.03796296296296296
0 0.9658854166666667 0.7652777777777777 0.0453125 0.08611111111111111
0 0.0109375 0.8 0.020833333333333332 0.053703703703703705
0 0.2520240916271722 0.5783745831139196 0.05381121642969985 0.09390907495172895
