0 0.3546875 0.9092592592592592 0.07708333333333334 0.08888888888888889
0 0.19505208333333332 0.6824074074074075 0.05677083333333333 0.08703703703703704
0 0.42239583333333336 0.8347222222222223 0.06770833333333333 0.08425925925925926
0 0.47239583333333335 0.8037037037037037 0.036458333333333336 0.08518518518518518
0 0.21796875 0.7703703703703704 0.034895833333333334 0.09074074074074075
0 0.17213541666666668 0.46944444444444444 0.058854166666666666 0.09259259259259259
0 0.9309895833333334 0.750462962962963 0.049479166666666664 0.08981481481481482
0 0.20677083333333332 0.5953703703703703 0.04791666666666667 0.10925925925925926
0 0.11770833333333333 0.5837962962962963 0.028125 0.11388888888888889
0 0.078125 0.5412037037037037 0.03229166666666667 0.09907407407407408
0 0.084375 0.7421296296296296 0.03125 0.1175925925925926
0 0.16432291666666668 0.5898148148148148 0.0484375 0.08703703703703704
0 0.5640625 0.687037037037037 0.051041666666666666 0.1111111111111111
0 0.05234375 0.7708333333333334 0.0265625 0.05462962962962963
0 0.08020833333333334 0.3699074074074074 0.058333333333333334 0.075
0 0.9486979166666667 0.8013888888888889 0.0265625 0.04351851851851852
0 0.016927083333333332 0.7449074074074075 0.024479166666666666 0.09166666666666666
0 0.86796875 0.7851851851851852 0.025520833333333333 0.07962962962962963
0 0.5385416666666667 0.8347222222222223 0.026041666666666668 0.030555555555555555
0 0.012239583333333333 0.8041666666666667 0.022395833333333334 0.062037037037037036
0 0.3458333333333333 0.8134259259259259 0.025 0.05648148148148148
0 0.8419270833333333 0.8222222222222222 0.027604166666666666 0.027777777777777776
0 0.12870303468208094 0.7952715426667049 0.04485789980732178 0.06541923536879544
0 0.4972001445086705 0.7088953114964676 0.06292148362235063 0.05191607792763856
0 0.8789438824662813 0.7123742239349177 0.0424494219653179 0.07278955255833869
