0 0.05 0.8435185185185186 0.05520833333333333 0.07777777777777778
0 0.7513020833333334 0.6416666666666667 0.058854166666666666 0.08888888888888889
0 0.9380208333333333 0.7064814814814815 0.04791666666666667 0.1111111111111111
0 0.8143229166666667 0.6148148148148148 0.044270833333333336 0.12222222222222222
0 0.8669270833333333 0.8162037037037037 0.0578125 0.05277777777777778
0 0.8088541666666667 0.8148148148148148 0.06041666666666667 0.053703703703703705
0 0.18098958333333334 0.8421296296296297 0.06302083333333333 0.08611111111111111
0 0.8453125 0.5 0.046875 0.11666666666666667
0 0.052083333333333336 0.7791666666666667 0.05520833333333333 0.04722222222222222
0 0.15703125 0.7856481481481481 0.03177083333333333 0.05648148148148148
0 0.8731770833333333 0.4101851851851852 0.044270833333333336 0.13518518518518519
0 0.24114583333333334 0.062037037037037036 0.034375 0.10185185185185185
0 0.11276041666666667 0.7972222222222223 0.021354166666666667 0.02962962962962963
0 0.06750497107736804 0.720053024825259 0.03287689804772234 0.08435767654856595
