0 0.89296875 0.32592592592592595 0.0609375 0.10740740740740741
0 0.4002604166666667 0.4759259259259259 0.06510416666666667 0.1574074074074074
0 0.9291666666666667 0.8245370370370371 0.05416666666666667 0.06388888888888888
0 0.93515625 0.4898148148148148 0.05677083333333333 0.1
0 0.02890625 0.8532407407407407 0.05364583333333333 0.08425925925925926
0 0.12578125 0.5138888888888888 0.043229166666666666 0.13333333333333333
0 0.23203125 0.825925925925926 0.050520833333333334 0.06296296296296296
0 0.27578125 0.8425925925925926 0.05677083333333333 0.07407407407407407
0 0.2630208333333333 0.6856481481481481 0.026041666666666668 0.11574074074074074
0 0.9104166666666667 0.6856481481481481 0.053125 0.08796296296296297
0 0.9700520833333334 0.5828703703703704 0.05677083333333333 0.08425925925925926
0 0.8591145833333333 0.8495370370370371 0.058854166666666666 0.03611111111111111
0 0.0703125 0.7986111111111112 0.026041666666666668 0.06574074074074074
0 0.10989583333333333 0.6412037037037037 0.05520833333333333 0.06759259259259259
0 0.046875 0.6763888888888889 0.029166666666666667 0.09537037037037037
0 0.08463541666666667 0.6865740740740741 0.033854166666666664 0.08981481481481482
0 0.040364583333333336 0.7949074074074074 0.04010416666666667 0.05462962962962963
0 0.08541666666666667 0.7277777777777777 0.0 0.001851851851851852
0 0.15703125 0.825462962962963 0.019270833333333334 0.030555555555555555
0 0.9596354166666666 0.5791666666666667 0.034895833333333334 0.058333333333333334
0 0.5036458333333333 0.8611111111111112 0.042708333333333334 0.03148148148148148
0 0.08296996124031007 0.761062661498708 0.02240794573643412 0.08263350559862183
0 0.13550750968992248 0.7930932385874246 0.0390625 0.08371016365202413
