0 0.051041666666666666 0.8412037037037037 0.05625 0.08055555555555556
0 0.80859375 0.6425925925925926 0.0453125 0.11481481481481481
0 0.809375 0.8148148148148148 0.051041666666666666 0.053703703703703705
0 0.9380208333333333 0.7074074074074074 0.04791666666666667 0.10925925925925926
0 0.21848958333333332 0.6041666666666666 0.05572916666666667 0.08425925925925926
0 0.7473958333333334 0.6425925925925926 0.065625 0.09074074074074075
0 0.17708333333333334 0.8101851851851852 0.07395833333333333 0.07222222222222222
0 0.875 0.8185185185185185 0.05 0.05
0 0.8721354166666667 0.4837962962962963 0.049479166666666664 0.09907407407407408
0 0.8611979166666667 0.5777777777777777 0.03177083333333333 0.1037037037037037
0 0.024479166666666666 0.7537037037037037 0.04479166666666667 0.08333333333333333
0 0.98671875 0.6356481481481482 0.024479166666666666 0.06018518518518518
0 0.0941602028639618 0.7858216211438168 0.02921141607000795 0.046848758065941826
