0 0.29758029513888895 0.408227237654321 0.08789062500000003 0.11622299382716053
0 0.15023240371845947 0.8501180463331857 0.07304116865869852 0.10513501549358119
0 0.10312915006640105 0.7870370370370371 0.0676460823373174 0.12210417588903648
0 0.05457337317397078 0.7344695292902463 0.04150066401062417 0.10033938320790907
0 0.0692023572377158 0.5865427180168216 0.04129316069057103 0.11730854360336425
0 0.16372011952191234 0.2825734100634499 0.055195883134130125 0.09517485613103144
0 0.2012310606060606 0.8040171833275281 0.04424634273772205 0.04411935446418203
0 0.26441679728317663 0.8086613259027052 0.06220611285266457 0.06850110298386156
0 0.7867687637969095 0.8101851851851852 0.06001655629139068 0.07511650723571245
0 0.8385071743929359 0.6541268089281335 0.03759657836644585 0.12049300956585725
0 0.8967128863134658 0.8230623007113073 0.04949641280353205 0.08983321069413787
0 0.9363790011037527 0.705635271032622 0.05294564017660051 0.11987981358842287
0 0.9570312499999999 0.56022579597141 0.0605354532163742 0.08974983755685499
