0 0.5656452922077922 0.6908369408369408 0.04565746753246754 0.11784511784511782
0 0.656802398989899 0.7457912457912457 0.041193181818181775 0.13860830527497198
0 0.6795296717171716 0.8236531986531986 0.04655934343434336 0.050224466891133565
0 0.7627051767676767 0.7904040404040403 0.05160984848484844 0.11167227833894502
0 0.756234217171717 0.6151795735129068 0.06644570707070703 0.10016835016835011
0 0.8817769849081365 0.8192074948964713 0.025734087926509257 0.055956547098279394
0 0.9539041994750656 0.8038969087197434 0.034448818897637776 0.059966462525517586
0 0.9340141076115486 0.7084791484397783 0.052903543307086666 0.10644502770487023
0 0.9832533628608924 0.5007837561971421 0.03245160761154852 0.13178040244969377
0 0.9446985094850948 0.11592893706714845 0.058604336043360426 0.10448660042155977
0 0.3629436728395062 0.8535665294924553 0.078125 0.09327846364883403
0 0.4708719135802469 0.9516975308641975 0.0875771604938271 0.09475308641975312
0 0.5001929012345678 0.8780864197530863 0.07831790123456787 0.10048010973936895
0 0.18931313993174062 0.3495133358614587 0.05012798634812287 0.1422070534698521
0 0.05952380952380952 0.7018849206349206 0.033172123015873016 0.10196208112874777
0 0.08572048611111112 0.6419477513227514 0.03193204365079364 0.09782848324514994
0 0.017593625992063492 0.5135306437389772 0.03487723214285714 0.10389109347442688
0 0.10401165674603176 0.7937885802469137 0.07037450396825397 0.04602072310405645
0 0.19208609882005898 0.6389298590626024 0.05738384955752211 0.12495902982628646
0 0.1751207729468599 0.796430488459474 0.04015700483091787 0.04804079441760602
0 0.4035687869822485 0.12601358755204908 0.05516518737672585 0.05588428665351744
