0 0.30494791666666665 0.5791666666666667 0.05364583333333333 0.10092592592592593
0 0.36015625 0.9046296296296297 0.0671875 0.09814814814814815
0 0.6299479166666667 0.6291666666666667 0.0546875 0.125
0 0.12734375 0.5712962962962963 0.0546875 0.08333333333333333
0 0.33359375 0.6550925925925926 0.05677083333333333 0.08425925925925926
0 0.9221354166666667 0.8060185185185185 0.0359375 0.04537037037037037
0 0.6924479166666667 0.6069444444444444 0.06614583333333333 0.075
0 0.8822916666666667 0.7726851851851851 0.05416666666666667 0.09722222222222222
0 0.27239583333333334 0.6393518518518518 0.05625 0.08425925925925926
0 0.7372395833333333 0.45 0.0734375 0.10555555555555556
0 0.10390625 0.85 0.05677083333333333 0.09074074074074075
0 0.28489583333333335 0.737037037037037 0.04479166666666667 0.10185185185185185
0 0.0328125 0.6259259259259259 0.046875 0.08518518518518518
0 0.14947916666666666 0.4101851851851852 0.057291666666666664 0.09074074074074075
0 0.11848958333333333 0.8111111111111111 0.0390625 0.05185185185185185
0 0.02578125 0.7435185185185185 0.0359375 0.09074074074074075
0 0.09713541666666667 0.4388888888888889 0.04739583333333333 0.11481481481481481
0 0.012760416666666666 0.7870370370370371 0.0234375 0.10185185185185185
0 0.09356287425149702 0.6775338212463962 0.04740518962075848 0.08316699933466394
0 0.8129054391217565 0.4951208693723664 0.0514595808383234 0.06875138611665559
0 0.4494691506410256 0.827991452991453 0.03455528846153844 0.035612535612535606
0 0.9728064903846153 0.39396367521367515 0.04156650641025645 0.09882478632478632
