0 0.16979166666666667 0.6833333333333333 0.035416666666666666 0.10555555555555556
0 0.10130208333333333 0.8379629629629629 0.05572916666666667 0.07407407407407407
0 0.09479166666666666 0.7189814814814814 0.042708333333333334 0.09166666666666666
0 0.228125 0.7935185185185185 0.051041666666666666 0.09444444444444444
0 0.48385416666666664 0.5189814814814815 0.05520833333333333 0.1527777777777778
0 0.75859375 0.8384259259259259 0.05677083333333333 0.0712962962962963
0 0.3846354166666667 0.4759259259259259 0.03802083333333333 0.15185185185185185
0 0.025520833333333333 0.7162037037037037 0.04895833333333333 0.049074074074074076
0 0.019010416666666665 0.8689814814814815 0.03697916666666667 0.06574074074074074
0 0.06898996509598603 0.29862323056040335 0.04962914485165793 0.08435136707388016
0 0.03340423211169284 0.7884913709521039 0.029722949389179753 0.04217568353694008
0 0.0631271815008726 0.7996412643009501 0.03463132635253054 0.05187124297071932
0 0.456808943089431 0.7967479674796748 0.04420731707317073 0.10027100271002717
0 0.9072764598540144 0.672816977561503 0.04447992700729924 0.08313057583130574
0 0.9355041058394159 0.7182684509326844 0.03668643552311437 0.088875371722087
0 0.9344586374695862 0.7892335766423356 0.039917883211678766 0.08279264666125981
