0 0.442541322096114 0.7845748421304304 0.06078110276640925 0.12213697812406742
0 0.40570175438596495 0.6942229310650364 0.06429425837320574 0.07620060251639205
0 0.34377492025518336 0.7112794612794613 0.0461024720893142 0.08550416445153289
0 0.4589064992025519 0.5462519936204148 0.07700358851674641 0.11607301080985284
0 0.09843500797448167 0.7245702640439483 0.03987240829346092 0.108541555909977
0 0.10391746411483255 0.7899167109693426 0.03688197767145137 0.05404926457558032
0 0.632351475279107 0.6089402799929116 0.07102272727272722 0.11119971646287435
0 0.7264254385964913 0.6645401382243488 0.06429425837320567 0.10809852915116064
0 0.6924092902711325 0.8087453482190325 0.05158492822966506 0.08107389686337053
0 0.7934609250398724 0.6634325713273082 0.053827751196172356 0.12537657274499378
0 0.8739533492822967 0.7165957823852561 0.05731658692185005 0.08904837852206274
0 0.935257177033493 0.7046340598972178 0.054326156299840514 0.11385787701577173
0 0.8780651913875599 0.6324206982101719 0.06653708133971285 0.07132730816941346
0 0.8461672647527911 0.33382066276803124 0.05407695374800644 0.12449051922736135
0 0.9792052930622009 0.4860003544214071 0.0405477472089314 0.10101010101010098
0 0.8291023073989321 0.8206203915586067 0.07115274599542332 0.08432918043902023
0 0.888038710907704 0.8163827443003645 0.03885392829900833 0.07373506229341466
0 0.29340277777777773 0.6101290684624018 0.028093434343434313 0.15516273849607176
