0 0.865625 0.043055555555555555 0.05416666666666667 0.08425925925925926
0 0.9372395833333333 0.7074074074074074 0.0484375 0.1111111111111111
0 0.22786458333333334 0.8032407407407407 0.0390625 0.04537037037037037
0 0.7325520833333333 0.6759259259259259 0.0640625 0.07962962962962963
0 0.17239583333333333 0.8444444444444444 0.05625 0.07962962962962963
0 0.7986979166666667 0.6842592592592592 0.06302083333333333 0.06481481481481481
0 0.17161458333333332 0.7944444444444444 0.05260416666666667 0.04814814814814815
0 0.1046875 0.7782407407407408 0.036458333333333336 0.06574074074074074
0 0.3502604166666667 0.6856481481481481 0.03697916666666667 0.13240740740740742
0 0.020572916666666666 0.7703703703703704 0.03802083333333333 0.08148148148148149
0 0.4075520833333333 0.3439814814814815 0.033854166666666664 0.125
0 0.13854166666666667 0.788425925925926 0.023958333333333335 0.05277777777777778
