0 0.9372395833333333 0.7083333333333334 0.04739583333333333 0.10925925925925926
0 0.8244791666666667 0.07222222222222222 0.058333333333333334 0.11296296296296296
0 0.81171875 0.6898148148148148 0.058854166666666666 0.08703703703703704
0 0.17864583333333334 0.8560185185185185 0.05625 0.08796296296296297
0 0.21432291666666667 0.8013888888888889 0.0265625 0.05277777777777778
0 0.1625 0.799537037037037 0.04479166666666667 0.05092592592592592
0 0.7158854166666667 0.6546296296296297 0.07239583333333334 0.06481481481481481
0 0.0125 0.43657407407407406 0.022916666666666665 0.10277777777777777
0 0.10338541666666666 0.7912037037037037 0.03177083333333333 0.03981481481481482
0 0.22708333333333333 0.5467592592592593 0.03125 0.125
0 0.26171875 0.8407407407407408 0.05260416666666667 0.12777777777777777
0 0.01953125 0.7888888888888889 0.03802083333333333 0.05925925925925926
0 0.044747652582159625 0.7508476786645801 0.03337734741784038 0.09780907668231609
