0 0.2638589559386973 0.8125798212005109 0.042205459770114945 0.07982120051085573
0 0.09249281609195402 0.8745742869306088 0.07243773946360153 0.11228182205193701
0 0.16388290229885058 0.8043316304810558 0.058967911877394655 0.07716049382716042
0 0.10880627394636017 0.590676883780332 0.027238984674329503 0.13303533418475946
0 0.14278017241379312 0.2711260110685398 0.07004310344827587 0.08673903788846316
0 0.36121323529411764 0.4011437908496732 0.06740196078431371 0.11383442265795211
0 0.8128063725490196 0.747276688453159 0.06372549019607839 0.10893246187363832
0 0.8400735294117647 0.6454248366013071 0.03982843137254903 0.11220043572984745
0 0.8765318627450981 0.821078431372549 0.06433823529411763 0.09204793028322437
0 0.9391850490196079 0.7045206971677561 0.0456495098039215 0.11928104575163404
0 0.9767156862745099 0.5370370370370371 0.04227941176470592 0.09477124183006538
