0 0.8859375 0.812037037037037 0.058333333333333334 0.05925925925925926
0 0.7901041666666667 0.5685185185185185 0.058333333333333334 0.11666666666666667
0 0.90859375 0.6300925925925925 0.058854166666666666 0.09907407407407408
0 0.13020833333333334 0.774074074074074 0.052083333333333336 0.08333333333333333
0 0.9408854166666667 0.7092592592592593 0.044270833333333336 0.11296296296296296
0 0.95390625 0.5449074074074074 0.0515625 0.09537037037037037
0 0.7270833333333333 0.7333333333333333 0.06979166666666667 0.1037037037037037
0 0.04765625 0.8361111111111111 0.0578125 0.08518518518518518
0 0.16979166666666667 0.4212962962962963 0.06875 0.12962962962962962
0 0.87734375 0.4125 0.03802083333333333 0.11018518518518519
0 0.07083333333333333 0.7805555555555556 0.030208333333333334 0.044444444444444446
0 0.8424479166666666 0.34444444444444444 0.0671875 0.09814814814814815
0 0.04960754107981221 0.7102569118414189 0.036128227699530516 0.1137845592070944
0 0.01861428990610329 0.7735067814293167 0.03576144366197183 0.06357589984350542
