0 0.2721354166666667 0.5513888888888889 0.06510416666666667 0.08055555555555556
0 0.15963541666666667 0.5583333333333333 0.04114583333333333 0.0962962962962963
0 0.038802083333333334 0.6337962962962963 0.04635416666666667 0.08611111111111111
0 0.18619791666666666 0.8837962962962963 0.06197916666666667 0.08611111111111111
0 0.22135416666666666 0.950462962962963 0.08125 0.09351851851851851
0 0.18854166666666666 0.4777777777777778 0.03125 0.1111111111111111
0 0.8703125 0.7842592592592592 0.05 0.09814814814814815
0 0.37473958333333335 0.6546296296296297 0.0703125 0.08333333333333333
0 0.09817708333333333 0.7694444444444445 0.0484375 0.07222222222222222
0 0.3453125 0.9060185185185186 0.06979166666666667 0.09351851851851851
0 0.14088541666666668 0.42592592592592593 0.0359375 0.10925925925925926
0 0.09635416666666667 0.5990740740740741 0.040625 0.1037037037037037
0 0.2559895833333333 0.6268518518518519 0.034895833333333334 0.09259259259259259
0 0.7221354166666667 0.6273148148148148 0.0421875 0.1175925925925926
0 0.09661458333333334 0.4513888888888889 0.0453125 0.10648148148148148
0 0.014322916666666666 0.8032407407407407 0.027604166666666666 0.0712962962962963
0 0.56875 0.8273148148148148 0.027083333333333334 0.049074074074074076
0 0.013802083333333333 0.7337962962962963 0.0265625 0.049074074074074076
0 0.30767108167770424 0.8072725042923717 0.03932119205298014 0.06193279372087312
0 0.6277593818984547 0.6696100073583516 0.030353200883002175 0.10792249202845228
0 0.6617342715231788 0.5561687515329901 0.023109823399558492 0.10056414029923962
0 0.6748949579831933 0.4376750700280112 0.06915266106442577 0.08169934640522872
0 0.7909578402366864 0.715538023230331 0.031126725838264355 0.10081087004163926
