0 0.9526041666666667 0.6800925925925926 0.04895833333333333 0.09351851851851851
0 0.44427083333333334 0.8060185185185185 0.053125 0.08055555555555556
0 0.26536458333333335 0.6 0.05572916666666667 0.0962962962962963
0 0.42916666666666664 0.9328703703703703 0.08229166666666667 0.0824074074074074
0 0.025260416666666667 0.6444444444444445 0.0453125 0.08703703703703704
0 0.20286458333333332 0.812037037037037 0.0609375 0.07777777777777778
0 0.9106770833333333 0.6259259259259259 0.05677083333333333 0.10740740740740741
0 0.08854166666666667 0.7083333333333334 0.030208333333333334 0.09444444444444444
0 0.88125 0.8375 0.04375 0.049074074074074076
0 0.4640625 0.887962962962963 0.07083333333333333 0.07592592592592592
0 0.7309895833333333 0.6 0.06302083333333333 0.10185185185185185
0 0.9815104166666667 0.6981481481481482 0.033854166666666664 0.08518518518518518
0 0.56015625 0.6027777777777777 0.04010416666666667 0.12222222222222222
0 0.06770833333333333 0.825462962962963 0.041666666666666664 0.075
0 0.24166666666666667 0.8268518518518518 0.023958333333333335 0.04259259259259259
0 0.039322916666666666 0.7930555555555555 0.0390625 0.05277777777777778
0 0.3587714592274678 0.8363137815927515 0.06527181688125895 0.0433158480368781
0 0.8119877049180327 0.6513357619914997 0.033128415300546506 0.10959319975713414
