0 0.56953125 0.7148148148148148 0.0609375 0.06296296296296296
0 0.4703125 0.6300925925925925 0.06666666666666667 0.075
0 0.55546875 0.4125 0.05364583333333333 0.12685185185185185
0 0.049479166666666664 0.6263888888888889 0.053125 0.05648148148148148
0 0.21953125 0.8291666666666667 0.0390625 0.08796296296296297
0 0.20442708333333334 0.5643518518518519 0.0671875 0.0712962962962963
0 0.25442708333333336 0.4736111111111111 0.0421875 0.09166666666666666
0 0.49635416666666665 0.7148148148148148 0.06458333333333334 0.07222222222222222
0 0.32265625 0.9157407407407407 0.0671875 0.09259259259259259
0 0.6513020833333333 0.725 0.0640625 0.09074074074074075
0 0.5377604166666666 0.799537037037037 0.049479166666666664 0.0787037037037037
0 0.11119791666666666 0.6986111111111111 0.050520833333333334 0.10648148148148148
0 0.5934895833333333 0.5476851851851852 0.0609375 0.125
0 0.19140625 0.5013888888888889 0.058854166666666666 0.06574074074074074
0 0.39479166666666665 0.9175925925925926 0.07291666666666667 0.09814814814814815
0 0.7979166666666667 0.663425925925926 0.05416666666666667 0.09722222222222222
0 0.22213541666666667 0.750462962962963 0.04010416666666667 0.08981481481481482
0 0.2674479166666667 0.8101851851851852 0.0546875 0.053703703703703705
0 0.5697916666666667 0.8328703703703704 0.03125 0.03796296296296296
0 0.0984375 0.7865740740740741 0.028125 0.05092592592592592
0 0.01640625 0.7893518518518519 0.03177083333333333 0.08611111111111111
0 0.015104166666666667 0.7027777777777777 0.028125 0.07222222222222222
0 0.44427083333333334 0.6527777777777778 0.03125 0.024074074074074074
0 0.3961412151067323 0.7813355227148331 0.05439244663382592 0.08392629082284254
0 0.16381876026272574 0.44768290457945625 0.04849137931034481 0.06340083926290818
