0 0.32935642764857875 0.8284883720930233 0.07368378552971576 0.10443583118001716
0 0.3619589793281654 0.6958799885156475 0.0722706718346253 0.11125466551823138
0 0.7131177325581395 0.8257967269595177 0.0664163436692507 0.07105943152454776
0 0.9380046834625323 0.7091587711742751 0.05228520671834621 0.12919896640826872
0 0.8640180878552971 0.5953919035314384 0.06379198966408275 0.1363766867642836
0 0.8917756782945736 0.6607091587711743 0.04057655038759691 0.1040769451622164
0 0.6704890915593704 0.5046892385948181 0.08203683834048642 0.10173263392147512
0 0.15772569444444445 0.7912037037037037 0.0498263888888889 0.075
0 0.06501736111111112 0.8796296296296297 0.061979166666666675 0.09135802469135809
0 0.06154513888888889 0.7611111111111111 0.02934027777777778 0.07654320987654328
0 0.09470486111111111 0.7547839506172839 0.039409722222222214 0.10833333333333334
0 0.12404513888888888 0.5876543209876544 0.031423611111111104 0.1549382716049383
