0 0.565625 0.5856481481481481 0.06041666666666667 0.10277777777777777
0 0.9625 0.5796296296296296 0.052083333333333336 0.0962962962962963
0 0.8359375 0.8097222222222222 0.053125 0.07685185185185185
0 0.9013020833333333 0.6726851851851852 0.05260416666666667 0.08055555555555556
0 0.08541666666666667 0.6773148148148148 0.051041666666666666 0.0824074074074074
0 0.11744791666666667 0.7449074074074075 0.034895833333333334 0.0787037037037037
0 0.19036458333333334 0.6412037037037037 0.0515625 0.11203703703703703
0 0.28515625 0.8717592592592592 0.04739583333333333 0.08611111111111111
0 0.07369791666666667 0.5731481481481482 0.0515625 0.07962962962962963
0 0.134375 0.6138888888888889 0.04791666666666667 0.07777777777777778
0 0.026822916666666665 0.6087962962962963 0.04635416666666667 0.08425925925925926
0 0.7348958333333333 0.8495370370370371 0.03958333333333333 0.05462962962962963
0 0.05560980902777778 0.7236207561728396 0.02549913194444444 0.05931712962962963
0 0.0390625 0.7824556327160495 0.026041666666666668 0.05931712962962963
0 0.012613932291666666 0.7752218364197532 0.025227864583333332 0.07860725308641968
0 0.09575737847222224 0.8294753086419754 0.03200954861111112 0.06462191358024698
0 0.06510416666666667 0.8065682870370371 0.01681857638888889 0.043885030864197566
0 0.17495598591549297 0.8087180490349504 0.0429137323943662 0.07140062597809078
0 0.867453231292517 0.6137566137566138 0.06313775510204091 0.05064247921390774
0 0.9620535714285713 0.8155706727135298 0.023596938775510168 0.0627362055933485
0 0.9221281828703705 0.4902906378600823 0.06618923611111108 0.059799382716049364
0 0.8221467840608466 0.158015158015158 0.05213500330687838 0.0943800943800944
