0 0.26927083333333335 0.8486111111111111 0.06145833333333333 0.08055555555555556
0 0.11666666666666667 0.6018518518518519 0.057291666666666664 0.09444444444444444
0 0.23307291666666666 0.5699074074074074 0.0578125 0.09351851851851851
0 0.13802083333333334 0.49212962962962964 0.03125 0.10462962962962963
0 0.3919270833333333 0.750462962962963 0.06302083333333333 0.09166666666666666
0 0.08776041666666666 0.6921296296296297 0.04739583333333333 0.075
0 0.9479166666666666 0.6523148148148148 0.05625 0.10277777777777777
0 0.22005208333333334 0.6898148148148148 0.05677083333333333 0.05555555555555555
0 0.22734375 0.7870370370370371 0.044270833333333336 0.07777777777777778
0 0.9822916666666667 0.5643518518518519 0.03229166666666667 0.10648148148148148
0 0.34739583333333335 0.8962962962962963 0.06666666666666667 0.11666666666666667
0 0.34479166666666666 0.638425925925926 0.04583333333333333 0.10648148148148148
0 0.3390625 0.7453703703703703 0.034375 0.08888888888888889
0 0.17239583333333333 0.5120370370370371 0.03125 0.11481481481481481
0 0.44765625 0.5958333333333333 0.030729166666666665 0.1287037037037037
0 0.8692708333333333 0.7870370370370371 0.04375 0.1
0 0.9794270833333333 0.7875 0.0234375 0.06018518518518518
0 0.015104166666666667 0.7597222222222222 0.028125 0.13240740740740742
0 0.06968896713615023 0.5161058946270214 0.042546948356807515 0.0775952008346375
0 0.3273547535211268 0.8114893062076161 0.06638791079812206 0.058033385498174224
0 0.583736795774648 0.6637976004173187 0.06565434272300467 0.06390193009911324
0 0.7660284624413146 0.5183881064162754 0.03777875586854466 0.11085028690662495
