0 0.40215588723051404 0.8420858669614888 0.08550995024875624 0.09950248756218914
0 0.4419309701492537 0.7172470978441128 0.06814883913764505 0.09673852957435047
0 0.24670446165191737 0.856071779744346 0.07812499999999997 0.08153064568993773
0 0.10462758112094393 0.8243198951163552 0.07374631268436578 0.10488364470665351
0 0.0819275442477876 0.7661422484431333 0.037103613569321535 0.07374631268436581
0 0.057729535398230086 0.6794903310390036 0.04632190265486725 0.0979187151753524
0 0.27349021592442646 0.3576248313090418 0.0350033738191633 0.1237067026540711
0 0.7216282894736842 0.8079515919428198 0.06076388888888881 0.07594217024041583
0 0.7754248903508771 0.7957683560753736 0.061906067251461985 0.0897498375568551
0 0.7841054459064326 0.6769818063677713 0.063733552631579 0.12589343729694602
0 0.9337308114035087 0.7019574398960363 0.05322551169590639 0.12305068226120852
0 0.9701663011695906 0.7988141650422352 0.058479532163742694 0.06578947368421055
0 0.977704678362573 0.5058073424301494 0.04340277777777774 0.11736517218973364
