0 0.1359375 0.5486111111111112 0.04479166666666667 0.0824074074074074
0 0.3416666666666667 0.9199074074074074 0.07916666666666666 0.08796296296296297
0 0.31536458333333334 0.6199074074074075 0.06822916666666666 0.0712962962962963
0 0.17682291666666666 0.6421296296296296 0.0390625 0.11388888888888889
0 0.44140625 0.7166666666666667 0.0421875 0.1111111111111111
0 0.625 0.6476851851851851 0.06041666666666667 0.11388888888888889
0 0.721875 0.8430555555555556 0.06041666666666667 0.08981481481481482
0 0.1046875 0.8212962962962963 0.04791666666666667 0.06481481481481481
0 0.196875 0.4898148148148148 0.057291666666666664 0.1111111111111111
0 0.68515625 0.6180555555555556 0.03177083333333333 0.1175925925925926
0 0.484375 0.7731481481481481 0.065625 0.08518518518518518
0 0.0984375 0.7101851851851851 0.028125 0.0962962962962963
0 0.30520833333333336 0.6884259259259259 0.059375 0.058333333333333334
0 0.3411458333333333 0.7356481481481482 0.06770833333333333 0.062037037037037036
0 0.30442708333333335 0.5162037037037037 0.04010416666666667 0.13240740740740742
0 0.09192708333333334 0.6018518518518519 0.028645833333333332 0.09444444444444444
0 0.8921875 0.6083333333333333 0.03854166666666667 0.08518518518518518
0 0.16822916666666668 0.35185185185185186 0.052083333333333336 0.09259259259259259
0 0.23098958333333333 0.7986111111111112 0.05260416666666667 0.05462962962962963
0 0.6408854166666667 0.8291666666666667 0.027604166666666666 0.04722222222222222
0 0.16328125 0.7902777777777777 0.0546875 0.058333333333333334
0 0.06458333333333334 0.7587962962962963 0.04479166666666667 0.0824074074074074
0 0.046614583333333334 0.7703703703703704 0.0005208333333333333 0.003703703703703704
0 0.0234375 0.7185185185185186 0.03958333333333333 0.06666666666666667
0 0.9190104166666667 0.7055555555555556 0.06197916666666667 0.08703703703703704
0 0.29152960526315785 0.8087231968810915 0.07209429824561404 0.04337231968810919
0 0.027913943355119826 0.7794722827402566 0.03880718954248366 0.055676591624304
