0 0.1896273474178404 0.8462115284298384 0.0810592723004695 0.11182837767344807
0 0.21722784624413147 0.7619327073552427 0.06253667840375586 0.1082420448617632
0 0.1309419014084507 0.7567162232655191 0.05024941314553991 0.11802295252999478
0 0.05410064553990611 0.6600482524778299 0.040713028169014086 0.10661189358372467
0 0.016872065727699528 0.6561358894105372 0.03301056338028169 0.1033515910276474
0 0.04346390845070423 0.5312663015127803 0.04401408450704226 0.12356546687532599
0 0.08525219298245613 0.7440302144249512 0.03289473684210525 0.114766081871345
0 0.7137345679012345 0.7160493827160493 0.06134259259259262 0.08710562414266113
0 0.7505787037037036 0.7644032921810698 0.06712962962962964 0.08710562414266113
0 0.8089313271604938 0.6613511659807956 0.061149691358024685 0.12928669410150886
0 0.9378858024691358 0.7047325102880658 0.048996913580246826 0.11454046639231824
0 0.9357638888888888 0.5989368998628258 0.0675154320987654 0.13065843621399176
0 0.980420524691358 0.544238683127572 0.03800154320987647 0.09053497942386836
0 0.3564164201183432 0.43036379574841116 0.04591962524654836 0.13532763532763536
