0 0.210453003875969 0.8543281653746769 0.061571382428940544 0.09008039046798731
0 0.1739139211886305 0.7502512202124605 0.06359011627906978 0.1051536032156187
0 0.14847787467700257 0.6522753373528566 0.048651485788113694 0.12094458799885154
0 0.10073481912144702 0.7031934614088304 0.03229974160206718 0.1117009324794967
0 0.04664855072463768 0.7716049382716049 0.02928743961352657 0.05314009661835752
0 0.020682367149758452 0.6057434245840042 0.036835748792270535 0.11325818572195383
0 0.048988526570048305 0.5815888352120236 0.05419685990338164 0.09983896940418681
0 0.27725694444444443 0.6544753086419753 0.0565972222222222 0.13240740740740742
0 0.8270999556737588 0.6698187549251379 0.057901152482269444 0.11524822695035453
0 0.8802914450354609 0.6474093774625689 0.04017065602836887 0.10392040977147367
0 0.9394392730496454 0.8574665090622537 0.07535460992907801 0.08766745468873127
0 0.937638519503546 0.7050334909377461 0.049035904255319215 0.11968085106382984
0 0.9757313829787234 0.6461780929866036 0.0326906028368794 0.07387706855791955
