0 0.23098958333333333 0.5370370370370371 0.0421875 0.09259259259259259
0 0.05390625 0.5361111111111111 0.05364583333333333 0.08333333333333333
0 0.2552083333333333 0.5837962962962963 0.04791666666666667 0.10277777777777777
0 0.21692708333333333 0.9444444444444444 0.07760416666666667 0.10185185185185185
0 0.040625 0.6351851851851852 0.040625 0.09074074074074075
0 0.13671875 0.4550925925925926 0.044270833333333336 0.09351851851851851
0 0.18072916666666666 0.5560185185185185 0.04895833333333333 0.09537037037037037
0 0.21510416666666668 0.7814814814814814 0.03229166666666667 0.09259259259259259
0 0.24791666666666667 0.7231481481481481 0.06458333333333334 0.07777777777777778
0 0.74921875 0.6583333333333333 0.0609375 0.09259259259259259
0 0.3515625 0.9087962962962963 0.06458333333333334 0.08981481481481482
0 0.48776041666666664 0.8041666666666667 0.06614583333333333 0.08981481481481482
0 0.2484375 0.8856481481481482 0.065625 0.075
0 0.6364583333333333 0.7046296296296296 0.05416666666666667 0.12962962962962962
0 0.13645833333333332 0.7388888888888889 0.03333333333333333 0.10740740740740741
0 0.534375 0.48842592592592593 0.06666666666666667 0.09722222222222222
0 0.6981770833333333 0.6703703703703704 0.059895833333333336 0.10185185185185185
0 0.57890625 0.5203703703703704 0.07760416666666667 0.08888888888888889
0 0.5809895833333333 0.6092592592592593 0.044270833333333336 0.09259259259259259
0 0.015364583333333333 0.8041666666666667 0.030729166666666665 0.06759259259259259
0 0.019791666666666666 0.7064814814814815 0.036458333333333336 0.08333333333333333
0 0.04635416666666667 0.7638888888888888 0.023958333333333335 0.06666666666666667
0 0.16888973577235772 0.8114498644986449 0.0508130081300813 0.030487804878048738
