0 0.18084490740740744 0.39252928141817034 0.053196225071225074 0.14403292181069957
0 0.1737224002849003 0.77991452991453 0.03717058404558404 0.08705286483064259
0 0.5716944945848376 0.6981214066051611 0.04418622141997588 0.11398582698221697
0 0.6514177196149217 0.7313812006952801 0.04004963898916962 0.10897178767214866
0 0.683570246690734 0.8045861746222757 0.06298886883273162 0.0996122476266881
0 0.75661853188929 0.6148883540580292 0.06956979542719613 0.12668805990105625
0 0.7716006324404762 0.7709160052910052 0.06952194940476192 0.12070105820105823
0 0.8816964285714285 0.8188657407407407 0.027901785714285646 0.05952380952380957
0 0.9345012626262625 0.7048260381593715 0.054924242424242445 0.1105499438832772
0 0.9542297979797979 0.8045735129068462 0.036931818181818225 0.05695847362514028
0 0.9588068181818181 0.14744668911335576 0.052083333333333336 0.11419753086419751
0 0.9812973484848484 0.5001402918069584 0.03488005050505052 0.1299102132435466
0 0.05322460159362549 0.7068024199498303 0.02510790172642762 0.0973882248782647
0 0.0856988711819389 0.6387413309724067 0.033200531208499334 0.10587280507599225
0 0.1263695219123506 0.6075697211155378 0.036935590969455506 0.13796665191087507
0 0.09514027224435591 0.7964438542127785 0.04834827357237715 0.03393832079091047
0 0.5089962121212122 0.3588664421997755 0.06534090909090912 0.06902356902356904
0 0.4510732323232323 0.9292929292929293 0.09848484848484844 0.127946127946128
0 0.3600063131313131 0.8535353535353535 0.07607323232323229 0.10101010101010094
0 0.5219381313131313 0.909371492704826 0.08175505050505052 0.09034792368125695
