0 0.55625 0.5314814814814814 0.065625 0.11481481481481481
0 0.8778645833333333 0.6458333333333334 0.06197916666666667 0.08796296296296297
0 0.7119791666666667 0.7972222222222223 0.052083333333333336 0.1
0 0.23072916666666668 0.8546296296296296 0.07291666666666667 0.09074074074074075
0 0.9796875 0.46111111111111114 0.03958333333333333 0.09259259259259259
0 0.9544270833333334 0.913425925925926 0.06614583333333333 0.11203703703703703
0 0.8153645833333333 0.44537037037037036 0.06614583333333333 0.10925925925925926
0 0.9197916666666667 0.6726851851851852 0.04791666666666667 0.10092592592592593
0 0.14661458333333333 0.5347222222222222 0.04010416666666667 0.11018518518518519
0 0.9580729166666667 0.5833333333333334 0.0296875 0.12777777777777777
0 0.9424479166666667 0.7199074074074074 0.0359375 0.10277777777777777
0 0.010416666666666666 0.8064814814814815 0.019791666666666666 0.07037037037037037
0 0.0921875 0.7865740740740741 0.022916666666666665 0.041666666666666664
0 0.9484375 0.7111111111111111 0.022916666666666665 0.08148148148148149
