0 0.9721354166666667 0.49398148148148147 0.0484375 0.11574074074074074
0 0.22734375 0.8351851851851851 0.0703125 0.07037037037037037
0 0.3453125 0.7356481481481482 0.06354166666666666 0.08611111111111111
0 0.9328125 0.6125 0.05625 0.12314814814814815
0 0.8856770833333333 0.6990740740740741 0.04739583333333333 0.08703703703703704
0 0.37916666666666665 0.8351851851851851 0.0625 0.06666666666666667
0 0.14166666666666666 0.5569444444444445 0.04583333333333333 0.08981481481481482
0 0.7611979166666667 0.7865740740740741 0.033854166666666664 0.0712962962962963
0 0.83125 0.7490740740740741 0.04895833333333333 0.06666666666666667
0 0.79375 0.7638888888888888 0.029166666666666667 0.17222222222222222
0 0.090625 0.8032407407407407 0.05520833333333333 0.05462962962962963
0 0.04140625 0.7935185185185185 0.03802083333333333 0.04814814814814815
0 0.015104166666666667 0.8097222222222222 0.025 0.058333333333333334
0 0.4116064375987362 0.7508337721607864 0.04122235387045811 0.15183429875373003
0 0.7651628270762229 0.8595626343066615 0.03857366325369741 0.029705473391480185
