0 0.29415760869565216 0.8160225442834138 0.05993357487922705 0.10010735373054214
0 0.2387530193236715 0.7921363392377885 0.05691425120772946 0.08990874932903924
0 0.0493659420289855 0.884728931830381 0.07185990338164251 0.10279119699409549
0 0.03714470284237726 0.7760311991578142 0.04118217054263565 0.06436022585893386
0 0.05363102928509906 0.6773375442626087 0.027589362618432388 0.11532204038663986
0 0.11748751920122888 0.341141833077317 0.04536290322580647 0.13526199010069978
0 0.4418976977950714 0.43143824758610755 0.07356517509727627 0.10844502089638276
0 0.8124737615449201 0.7475044313835246 0.06192275398824509 0.10262151320085824
0 0.8605557304785895 0.8212053363186864 0.07543555835432407 0.084429517678888
0 0.8456226591760299 0.6447149396587599 0.05196629213483147 0.11714523512276329
0 0.9365598676293623 0.7059767348576013 0.048510830324909784 0.11966840486696084
0 0.9790538507821901 0.5386749565449926 0.038357400722021616 0.08323305254713205
0 0.02080005324813632 0.546089220210626 0.031948881789137386 0.13667021654242106
