0 0.21044782763532766 0.8438192465970245 0.06432514245014245 0.08586578031022475
0 0.2853454415954416 0.7249129471351694 0.05831552706552709 0.1202912314023425
0 0.23370726495726496 0.5842434314656537 0.04718660968660968 0.11514719848053181
0 0.16214832621082623 0.7591405508072175 0.04696403133903131 0.1175213675213675
0 0.11251335470085472 0.7490503323836657 0.03538995726495727 0.09496676163342828
0 0.13343571937321938 0.6022475466919912 0.036280270655270654 0.14086736308958536
0 0.033943198005698005 0.6627888572333017 0.04028668091168091 0.10683760683760682
0 0.06431376464323749 0.5971186841793872 0.044428913738019174 0.10915867944621943
0 0.9369175985090522 0.7039107797893741 0.04875532481363152 0.11803336883209094
0 0.9705304845580405 0.854336764879896 0.057075346112885936 0.0993965211217607
0 0.9634584664536742 0.7953200804638504 0.03660809371671985 0.05827712696722274
0 0.8280085197018106 0.6734410128978819 0.06556176783812558 0.12394982842267184
0 0.8820054579339723 0.6704827831025915 0.045094515441959616 0.10146728197846411
0 0.5902777777777778 0.8153528145882886 0.0528797145769623 0.07447049495979162
