0 0.16484375 0.6763888888888889 0.0578125 0.0824074074074074
0 0.2140625 0.7782407407407408 0.036458333333333336 0.08981481481481482
0 0.37005208333333334 0.9125 0.08177083333333333 0.0824074074074074
0 0.20052083333333334 0.5930555555555556 0.05520833333333333 0.09722222222222222
0 0.11744791666666667 0.8097222222222222 0.05260416666666667 0.0824074074074074
0 0.8481770833333333 0.7430555555555556 0.0421875 0.08796296296296297
0 0.42578125 0.8305555555555556 0.06927083333333334 0.08148148148148149
0 0.9127604166666666 0.7611111111111111 0.04739583333333333 0.06666666666666667
0 0.17161458333333332 0.4925925925925926 0.0671875 0.05925925925925926
0 0.52265625 0.7685185185185185 0.0671875 0.06481481481481481
0 0.05182291666666667 0.7611111111111111 0.0234375 0.07777777777777778
0 0.103125 0.35185185185185186 0.05 0.10185185185185185
0 0.14505208333333333 0.5467592592592593 0.03802083333333333 0.09537037037037037
0 0.5080729166666667 0.6671296296296296 0.06614583333333333 0.09722222222222222
0 0.33958333333333335 0.8166666666666667 0.051041666666666666 0.05185185185185185
0 0.0890625 0.7467592592592592 0.034375 0.11944444444444445
0 0.9151041666666667 0.8087962962962963 0.04791666666666667 0.03796296296296296
0 0.07682291666666667 0.5643518518518519 0.0296875 0.10277777777777777
0 0.871875 0.7962962962962963 0.029166666666666667 0.06666666666666667
0 0.58515625 0.7384259259259259 0.03802083333333333 0.11944444444444445
0 0.13854166666666667 0.3523148148148148 0.030208333333333334 0.11944444444444445
0 0.016145833333333335 0.7467592592592592 0.028125 0.09351851851851851
0 0.013802083333333333 0.8027777777777778 0.025520833333333333 0.07037037037037037
