0 0.4063506441223833 0.6597781356235464 0.06642512077294688 0.09572374306673824
0 0.33422256097560976 0.8206865401987354 0.06631097560975606 0.0975609756097561
0 0.7008101851851852 0.8249314128943758 0.06558641975308639 0.07921810699588487
0 0.6949973460721868 0.503656522764803 0.08824309978768573 0.11795234725171037
0 0.8751006441223834 0.6787886920737164 0.05283816425120769 0.049651100375738076
0 0.8690583634175691 0.5936622543120739 0.0530234657039711 0.12568525203904266
0 0.9370431286549706 0.7056124106562702 0.04888523391812853 0.12142625081221572
0 0.1558641975308642 0.7913237311385459 0.04359567901234567 0.07304526748971196
0 0.06201774691358024 0.8794581618655692 0.0630787037037037 0.08950617283950614
0 0.08969907407407408 0.7541152263374484 0.040123456790123455 0.09396433470507538
0 0.04456018518518518 0.6899862825788752 0.029320987654320986 0.10219478737997252
