0 0.555514120922832 0.5996420047732697 0.07582537788385041 0.10894546097410061
0 0.07526601034208433 0.7639441350658533 0.05829852824184566 0.10651462918766015
0 0.7888946897374701 0.8080305842835674 0.056061058074781185 0.07005215239105456
0 0.8401700477326968 0.7468178202068417 0.05295346062052507 0.10673561389551837
0 0.9353868337311056 0.7081454963316538 0.051710421638822626 0.11203924688411566
0 0.9649090095465394 0.5045080880403076 0.04263623707239456 0.12949703880491464
0 0.28490453460620524 0.6544462123221072 0.055439538583929956 0.09215062317687613
0 0.28515314240254575 0.47080792009192957 0.06563245823389018 0.10938743038981702
0 0.18205705705705705 0.6854771438104771 0.042933558558558536 0.10969302635969302
0 0.12293543543543543 0.7896438104771438 0.03964902402402402 0.06110276943610279
