0 0.47213541666666664 0.8421296296296297 0.0765625 0.08055555555555556
0 0.17786458333333333 0.5 0.0515625 0.10185185185185185
0 0.3768229166666667 0.9087962962962963 0.08177083333333333 0.08796296296296297
0 0.096875 0.812962962962963 0.0625 0.07777777777777778
0 0.15703125 0.6893518518518519 0.05572916666666667 0.0787037037037037
0 0.10963541666666667 0.34675925925925927 0.0484375 0.10277777777777777
0 0.21328125 0.7699074074074074 0.03177083333333333 0.08425925925925926
0 0.17786458333333333 0.5601851851851852 0.0015625 0.0
0 0.0734375 0.5509259259259259 0.034375 0.08888888888888889
0 0.6205729166666667 0.8037037037037037 0.027604166666666666 0.09814814814814815
0 0.05364583333333333 0.7425925925925926 0.03125 0.08888888888888889
0 0.4979166666666667 0.7203703703703703 0.05 0.10555555555555556
0 0.9010416666666666 0.7907407407407407 0.03125 0.07407407407407407
0 0.08880208333333334 0.7435185185185185 0.034895833333333334 0.08888888888888889
0 0.3458333333333333 0.8231481481481482 0.030208333333333334 0.044444444444444446
0 0.17916666666666667 0.7944444444444444 0.046875 0.05555555555555555
0 0.8682291666666667 0.7810185185185186 0.040625 0.09166666666666666
0 0.8838541666666667 0.7796296296296297 0.0 0.001851851851851852
0 0.13403436018957346 0.5193522906793049 0.03505134281200631 0.11102334562050205
0 0.1864879541864139 0.5970247498683517 0.06294431279620853 0.06801825522204676
0 0.020487756714060036 0.7486396348955591 0.03208925750394945 0.0842548709847289
0 0.5563783570300157 0.7980077233631736 0.05331753554502363 0.08381604353168338
0 0.8340409873188406 0.7804951690821255 0.022927989130434766 0.051328502415458915
