0 0.21614583333333334 0.7787037037037037 0.03854166666666667 0.07962962962962963
0 0.15208333333333332 0.45694444444444443 0.052083333333333336 0.08425925925925926
0 0.07239583333333334 0.3578703703703704 0.05416666666666667 0.09537037037037037
0 0.13854166666666667 0.8055555555555556 0.0625 0.08703703703703704
0 0.35104166666666664 0.9064814814814814 0.06875 0.09444444444444444
0 0.08515625 0.5296296296296297 0.034895833333333334 0.1037037037037037
0 0.209375 0.5939814814814814 0.06770833333333333 0.10277777777777777
0 0.42135416666666664 0.8347222222222223 0.06458333333333334 0.08425925925925926
0 0.15130208333333334 0.5685185185185185 0.0484375 0.09444444444444444
0 0.45208333333333334 0.750462962962963 0.06770833333333333 0.06388888888888888
0 0.34322916666666664 0.8060185185185185 0.03229166666666667 0.06944444444444445
0 0.11979166666666667 0.6199074074074075 0.03854166666666667 0.09907407407407408
0 0.88828125 0.6930555555555555 0.0484375 0.075
0 0.084375 0.7435185185185185 0.026041666666666668 0.10925925925925926
0 0.58671875 0.6208333333333333 0.058854166666666666 0.11203703703703703
0 0.9380208333333333 0.7546296296296297 0.052083333333333336 0.1
0 0.9510416666666667 0.7930555555555555 0.022916666666666665 0.05462962962962963
0 0.46171875 0.8217592592592593 0.030729166666666665 0.05462962962962963
0 0.8643229166666667 0.7791666666666667 0.0296875 0.0824074074074074
0 0.0109375 0.7685185185185185 0.020833333333333332 0.11851851851851852
0 0.1978799882629108 0.6840114762649975 0.0553843896713615 0.07433489827856024
0 0.5307365023474179 0.8251825769431402 0.047681924882629075 0.0619457485654669
0 0.897337147887324 0.809207094418362 0.03264377934272294 0.03521126760563389
