0 0.29418801531213196 0.6677790865070017 0.06680653710247351 0.08506739955503204
0 0.122662691401649 0.8092854338437377 0.05797261484098938 0.08146839418924222
0 0.0834621613663133 0.7857283078131134 0.04472173144876325 0.06641800811412121
0 0.0731559187279152 0.7085132836016228 0.04582597173144876 0.10175369716005754
0 0.17943904593639579 0.6726868210967151 0.04821849234393403 0.10208087946603847
0 0.16370362190812718 0.17357021332286351 0.04214517078916371 0.13054574008637612
0 0.9444015017667844 0.19140164899882214 0.04545789163722015 0.18845700824499415
0 0.9348314193168433 0.7062230074597565 0.04987485276796235 0.11484098939929334
0 0.9668543875147232 0.5030427954456222 0.0421451707891638 0.12531082319068182
0 0.8397747349823322 0.7420494699646643 0.051899293286219124 0.1027352440780003
0 0.7557604534746761 0.825153775683811 0.06018109540636042 0.058238450464598815
0 0.80462308598351 0.8155018976573747 0.02723792697290932 0.05398508048684726
0 0.5589296230859835 0.8258081402957728 0.030550647820965792 0.048422981285172126
0 0.5500036808009423 0.5892553330715875 0.05686837455830389 0.11713126554115948
0 0.3160421914357682 0.44232204496688127 0.07320528967254407 0.1294430450601736
