0 0.49719432043650796 0.5362654320987654 0.07672991071428577 0.12676366843033507
0 0.35977802579365087 0.6214175485008818 0.04774305555555554 0.09975749559082887
0 0.38891989087301587 0.7374338624338624 0.042162698412698416 0.10030864197530857
0 0.34846230158730157 0.7983355379188712 0.042782738095238075 0.1339285714285714
0 0.06285652281746032 0.7873126102292769 0.03797743055555555 0.05511463844797178
0 0.3035094246031746 0.4715057319223986 0.03441220238095237 0.1284171075837742
0 0.8609250992063493 0.3334435626102292 0.053323412698412655 0.13172398589065257
0 0.8688306051587301 0.7090498236331569 0.0672743055555556 0.05787037037037037
0 0.8456566220238095 0.8254794973544973 0.057508680555555594 0.08570326278659605
0 0.8885168650793651 0.8115630511463844 0.04030257936507932 0.09424603174603179
0 0.9345548115079365 0.7056051587301587 0.052703373015872995 0.1116071428571428
0 0.7715618799603176 0.7335758377425045 0.06525917658730158 0.08212081128747792
0 0.6881665426587301 0.6324404761904763 0.04107762896825402 0.14495149911816577
0 0.9834453661327232 0.4773709636409866 0.030391876430205873 0.08560047461649292
0 0.7924532799389777 0.6728324434274091 0.0676964149504195 0.13454530044919064
0 0.6434917717086835 0.6628345782757548 0.0536151960784314 0.08228291316526616
0 0.9100905987394958 0.6149821039526921 0.0664171918767508 0.07333488951136012
