0 0.8729166666666667 0.8148148148148148 0.059375 0.06296296296296296
0 0.8752604166666667 0.687037037037037 0.049479166666666664 0.1037037037037037
0 0.9424479166666667 0.7069444444444445 0.043229166666666666 0.11574074074074074
0 0.7372395833333333 0.7425925925925926 0.06197916666666667 0.11851851851851852
0 0.1515625 0.7875 0.035416666666666666 0.06018518518518518
0 0.0484375 0.8393518518518519 0.046875 0.0787037037037037
0 0.35130208333333335 0.3287037037037037 0.04010416666666667 0.1388888888888889
0 0.17291666666666666 0.7 0.05416666666666667 0.10555555555555556
0 0.10703125 0.7981481481481482 0.034895833333333334 0.07962962962962963
0 0.9776041666666667 0.6171296296296296 0.03958333333333333 0.06574074074074074
0 0.05416666666666667 0.7263888888888889 0.041666666666666664 0.06388888888888888
0 0.07447916666666667 0.7847222222222222 0.03125 0.03796296296296296
0 0.01015625 0.8245370370370371 0.019270833333333334 0.07314814814814814
0 0.8483573717948718 0.34405666350110803 0.07233796296296298 0.12385248496359609
0 0.8728409900284901 0.4178537511870845 0.0442930911680912 0.12503956948401393
0 0.8017205638474294 0.5668417173392297 0.07825456053067986 0.14510779436152565
