0 0.15052083333333333 0.6833333333333333 0.04583333333333333 0.09814814814814815
0 0.36354166666666665 0.9106481481481481 0.06145833333333333 0.08425925925925926
0 0.21197916666666666 0.7699074074074074 0.03229166666666667 0.09907407407407408
0 0.07135416666666666 0.5273148148148148 0.040625 0.10833333333333334
0 0.128125 0.7351851851851852 0.051041666666666666 0.08518518518518518
0 0.5651041666666666 0.8138888888888889 0.034375 0.07592592592592592
0 0.045572916666666664 0.7106481481481481 0.04010416666666667 0.08981481481481482
0 0.16692708333333334 0.49027777777777776 0.0484375 0.09351851851851851
0 0.08802083333333334 0.7490740740740741 0.025 0.0962962962962963
0 0.10989583333333333 0.35 0.051041666666666666 0.11481481481481481
0 0.5088541666666667 0.8407407407407408 0.06875 0.07962962962962963
0 0.34921875 0.812037037037037 0.04739583333333333 0.07777777777777778
0 0.86953125 0.7462962962962963 0.0265625 0.08518518518518518
0 0.051041666666666666 0.8101851851851852 0.07083333333333333 0.07962962962962963
0 0.01953125 0.7472222222222222 0.0359375 0.06481481481481481
0 0.16145833333333334 0.5939814814814814 0.05520833333333333 0.05277777777777778
0 0.51015625 0.7870370370370371 0.021354166666666667 0.04259259259259259
0 0.11957159624413147 0.47861241523213355 0.03154342723004695 0.11345852895148675
0 0.6217587625178828 0.8075027817517088 0.03688304721030041 0.08901605468129072
0 0.8852074966532797 0.8102781496355793 0.048109103078982564 0.04016064257028107
