0 0.6335509950248757 0.8778637675818438 0.06529850746268658 0.1302131318715066
0 0.5781079793028322 0.7060941660614863 0.05531726579520703 0.13586298717017667
0 0.6096813725490196 0.6200072621641249 0.05514705882352935 0.12829823287339628
0 0.8803955610021786 0.8118494311304769 0.02672249455337692 0.06959573953038005
0 0.934776688453159 0.7062454611474219 0.05514705882352935 0.11679980634229002
0 0.9588609749455337 0.807915758896151 0.045445261437908495 0.07262164124909218
0 0.9839665032679737 0.4991224885015735 0.03063725490196075 0.133442265795207
0 0.9751157407407407 0.23874364560639072 0.03948801742919391 0.1301137739046236
0 0.7591230936819173 0.6042725732268216 0.06842320261437902 0.15432098765432095
0 0.751463779956427 0.722434035342532 0.05650871459694985 0.0874485596707818
0 0.811036220043573 0.7304526748971194 0.05957244008714599 0.08048898571774388
0 0.0815291394335512 0.725913822319051 0.03778594771241829 0.10651174049866854
0 0.1062091503267974 0.6328673444686517 0.02485021786492374 0.12739046235778262
0 0.1359102668845316 0.53059186637618 0.044764433551198274 0.11044541273299444
0 0.07591230936819171 0.4386044541273299 0.03812636165577342 0.11589203582667636
0 0.04442401960784314 0.7593500363108205 0.024169389978213506 0.07655531348341808
0 0.2973909198113207 0.8798480083857442 0.08377555031446539 0.09390286512928026
0 0.32785475628930816 0.8208857442348008 0.043976022012578636 0.1061320754716981
0 0.6011476769911503 0.43653720091773185 0.0707503687315634 0.1306948541461815
