0 0.3625 0.5064814814814815 0.07708333333333334 0.11666666666666667
0 0.19817708333333334 0.8314814814814815 0.0515625 0.06851851851851852
0 0.98515625 0.5833333333333334 0.028645833333333332 0.07777777777777778
0 0.7875 0.8550925925925926 0.06145833333333333 0.05092592592592592
0 0.15677083333333333 0.8231481481481482 0.030208333333333334 0.053703703703703705
0 0.90703125 0.6800925925925926 0.05572916666666667 0.07314814814814814
0 0.12552083333333333 0.4898148148148148 0.04895833333333333 0.10740740740740741
0 0.2640625 0.8069444444444445 0.04479166666666667 0.10092592592592593
0 0.018489583333333334 0.8805555555555555 0.0359375 0.08148148148148149
0 0.14817708333333332 0.6226851851851852 0.06510416666666667 0.06018518518518518
0 0.19869791666666667 0.712037037037037 0.0421875 0.07777777777777778
0 0.9348958333333334 0.7657407407407407 0.04375 0.09259259259259259
0 0.975 0.6699074074074074 0.046875 0.0712962962962963
0 0.19817708333333334 0.5972222222222222 0.03802083333333333 0.11481481481481481
0 0.08333333333333333 0.8171296296296297 0.041666666666666664 0.10277777777777777
0 0.4705729166666667 0.2657407407407407 0.044270833333333336 0.13333333333333333
0 0.0390625 0.7962962962962963 0.042708333333333334 0.06481481481481481
0 0.3768229166666667 0.28888888888888886 0.0390625 0.13333333333333333
0 0.07430737347294938 0.6769924374636417 0.020996945898778357 0.0993794841962381
0 0.07498909249563698 0.4411479542369594 0.02290575916230367 0.11731626914872982
0 0.9442401960784313 0.5008169934640523 0.0612745098039215 0.046296296296296294
0 0.9826899509803921 0.2638888888888889 0.03278186274509807 0.039760348583877995
