0 0.8877604166666667 0.9347222222222222 0.07239583333333334 0.11574074074074074
0 0.9544270833333334 0.5916666666666667 0.05364583333333333 0.09259259259259259
0 0.20078125 0.8375 0.0640625 0.08425925925925926
0 0.9065104166666667 0.5708333333333333 0.044270833333333336 0.09722222222222222
0 0.8059895833333334 0.45092592592592595 0.0796875 0.10925925925925926
0 0.8859375 0.6537037037037037 0.05625 0.08148148148148149
0 0.7005208333333334 0.8027777777777778 0.04479166666666667 0.09074074074074075
0 0.14817708333333332 0.5078703703703704 0.04114583333333333 0.13055555555555556
0 0.940625 0.7194444444444444 0.040625 0.10555555555555556
0 0.00859375 0.8097222222222222 0.016145833333333335 0.06574074074074074
0 0.5505428403755869 0.6582550860719875 0.046214788732394395 0.12715179968701096
0 0.05789691641182467 0.7728791482614112 0.033925840978593275 0.06427681504134107
