0 0.06640625 0.8777777777777778 0.06302083333333333 0.08518518518518518
0 0.9677083333333333 0.7462962962962963 0.04375 0.09074074074074075
0 0.47708333333333336 0.8361111111111111 0.04479166666666667 0.08148148148148149
0 0.7567708333333333 0.8328703703703704 0.059375 0.07314814814814814
0 0.16223958333333333 0.7425925925925926 0.033854166666666664 0.09074074074074075
0 0.21666666666666667 0.7722222222222223 0.065625 0.1
0 0.9609375 0.6625 0.026041666666666668 0.11018518518518519
0 0.8932291666666666 0.8324074074074074 0.04583333333333333 0.05555555555555555
0 0.6770833333333334 0.03981481481481482 0.036458333333333336 0.07777777777777778
0 0.0328125 0.7930555555555555 0.029166666666666667 0.049074074074074076
0 0.990625 0.7935185185185185 0.017708333333333333 0.09444444444444444
0 0.0666747730220493 0.31957054330595186 0.032020103761348895 0.10376134889753567
0 0.0668774319066148 0.8003674881106788 0.04458495460440986 0.061608300907911834
0 0.09616164072632945 0.8340538982562329 0.05329928664072634 0.04611615506557146
0 0.9097357328145267 0.6820146995244272 0.05633916990920878 0.06485084306095983
