0 0.16354166666666667 0.875 0.07083333333333333 0.08518518518518518
0 0.020052083333333335 0.41898148148148145 0.03802083333333333 0.13055555555555556
0 0.94140625 0.7092592592592593 0.044270833333333336 0.1111111111111111
0 0.078125 0.6518518518518519 0.034375 0.10555555555555556
0 0.9731770833333333 0.8046296296296296 0.05260416666666667 0.07777777777777778
0 0.8736979166666666 0.33240740740740743 0.0640625 0.07222222222222222
0 0.08489583333333334 0.7578703703703704 0.036458333333333336 0.09537037037037037
0 0.8703125 0.4185185185185185 0.034375 0.1111111111111111
0 0.9489583333333333 0.3560185185185185 0.0 0.000925925925925926
0 0.9377604166666667 0.41203703703703703 0.043229166666666666 0.11481481481481481
0 0.7432291666666667 0.8226851851851852 0.03958333333333333 0.05092592592592592
0 0.05130208333333333 0.7472222222222222 0.0234375 0.0962962962962963
0 0.009895833333333333 0.8175925925925925 0.01875 0.07037037037037037
0 0.8036247016706443 0.5455007513480066 0.06737271280827374 0.14165119773711654
0 0.944714709762533 0.3140574611550865 0.07242194371152154 0.11115997263754519
