0 0.39609375 0.6162037037037037 0.0703125 0.12129629629629629
0 0.84375 0.3851851851851852 0.06979166666666667 0.0962962962962963
0 0.013802083333333333 0.5518518518518518 0.0265625 0.06296296296296296
0 0.14895833333333333 0.5587962962962963 0.03854166666666667 0.10833333333333334
0 0.35234375 0.3425925925925926 0.05260416666666667 0.12222222222222222
0 0.11822916666666666 0.7819444444444444 0.0375 0.10462962962962963
0 0.9361979166666666 0.5967592592592592 0.0546875 0.058333333333333334
0 0.12994791666666666 0.6953703703703704 0.033854166666666664 0.08888888888888889
0 0.03697916666666667 0.8564814814814815 0.040625 0.08333333333333333
0 0.9044270833333333 0.6962962962962963 0.0578125 0.08888888888888889
0 0.9828125 0.7194444444444444 0.03229166666666667 0.09259259259259259
0 0.10390625 0.6375 0.0484375 0.062037037037037036
0 0.5083333333333333 0.8606481481481482 0.03854166666666667 0.032407407407407406
0 0.27395833333333336 0.20694444444444443 0.04791666666666667 0.1361111111111111
0 0.6937921483622351 0.3468208092485549 0.03522398843930633 0.14022693213444656
0 0.9394568882466281 0.4894562192250054 0.060513005780346775 0.06797259687433094
0 0.9943807201348747 0.5910939841575679 0.0101968930635838 0.04003425390708628
0 0.8915883911368016 0.8389531149646757 0.037632466281310194 0.03907086277028466
0 0.9227480732177263 0.8392207236137871 0.03492292870905587 0.038535645472061605
0 0.68193050486618 0.8260678561773451 0.05493461070559604 0.07738577994052438
0 0.20922364672364674 0.8363010446343779 0.02893518518518518 0.06608103830326052
0 0.24005074786324787 0.8347182652738209 0.028712606837606843 0.04392212725546061
0 0.16743691314553993 0.647170057381325 0.05648474178403757 0.060641627543035974
0 0.07444976478494623 0.7971176821983273 0.01743111559139786 0.043309438470728774
0 0.04074260752688172 0.7920773596176822 0.03948252688172043 0.04592293906810038
0 0.027721774193548387 0.7052718040621266 0.04536290322580646 0.0634707287933095
