0 0.871875 0.8180555555555555 0.058333333333333334 0.05277777777777778
0 0.7690104166666667 0.8018518518518518 0.0453125 0.08518518518518518
0 0.08567708333333333 0.7912037037037037 0.049479166666666664 0.0712962962962963
0 0.03463541666666667 0.8425925925925926 0.049479166666666664 0.08518518518518518
0 0.94453125 0.7074074074074074 0.0484375 0.10925925925925926
0 0.10833333333333334 0.5777777777777777 0.03854166666666667 0.1111111111111111
0 0.12421875 0.6819444444444445 0.0234375 0.10648148148148148
0 0.17291666666666666 0.6046296296296296 0.035416666666666666 0.1111111111111111
0 0.8208333333333333 0.7513888888888889 0.06458333333333334 0.05462962962962963
0 0.8166666666666667 0.5745370370370371 0.040625 0.14537037037037037
0 0.17395833333333333 0.7166666666666667 0.036458333333333336 0.09259259259259259
0 0.7888020833333333 0.44537037037037036 0.0296875 0.11851851851851852
0 0.1875 0.8018518518518518 0.034375 0.04814814814814815
0 0.8809895833333333 0.37916666666666665 0.034895833333333334 0.12129629629629629
0 0.04375 0.7444444444444445 0.023958333333333335 0.07592592592592592
0 0.014583333333333334 0.8055555555555556 0.0 0.001851851851851852
0 0.3859375 0.09537037037037037 0.05625 0.12222222222222222
0 0.045358287545787544 0.43510887260887254 0.02203525641025641 0.10658323158323152
0 0.8361391694725028 0.38065843621399176 0.06032547699214372 0.12283327098141915
