0 0.7143229166666667 0.5180555555555556 0.06822916666666666 0.09722222222222222
0 0.1546875 0.4962962962962963 0.04895833333333333 0.12222222222222222
0 0.24765625 0.8666666666666667 0.058854166666666666 0.10740740740740741
0 0.4627604166666667 0.7425925925925926 0.0453125 0.1111111111111111
0 0.39557291666666666 0.7134259259259259 0.0484375 0.11574074074074074
0 0.021354166666666667 0.4986111111111111 0.041666666666666664 0.0787037037037037
0 0.22708333333333333 0.7819444444444444 0.034375 0.0824074074074074
0 0.09557291666666666 0.5407407407407407 0.03697916666666667 0.1037037037037037
0 0.3484375 0.9023148148148148 0.06666666666666667 0.10277777777777777
0 0.19088541666666667 0.6074074074074074 0.0609375 0.06111111111111111
0 0.965625 0.7430555555555556 0.034375 0.09907407407407408
0 0.21770833333333334 0.6939814814814815 0.06354166666666666 0.06018518518518518
0 0.9747395833333333 0.6347222222222222 0.0421875 0.09907407407407408
0 0.09140625 0.7273148148148149 0.044270833333333336 0.10833333333333334
0 0.3203125 0.7106481481481481 0.06145833333333333 0.08425925925925926
0 0.3640625 0.8231481481481482 0.058333333333333334 0.07407407407407407
0 0.31145833333333334 0.8106481481481481 0.03229166666666667 0.05462962962962963
0 0.9171875 0.6652777777777777 0.052083333333333336 0.08981481481481482
0 0.4161458333333333 0.8125 0.04479166666666667 0.062037037037037036
0 0.8666666666666667 0.7689814814814815 0.03333333333333333 0.06574074074074074
0 0.4859375 0.825 0.040625 0.05
0 0.8559895833333333 0.8152777777777778 0.0609375 0.03981481481481482
