0 0.5158854166666667 0.7189814814814814 0.05572916666666667 0.11388888888888889
0 0.17890625 0.5009259259259259 0.05364583333333333 0.09074074074074075
0 0.7197916666666667 0.9106481481481481 0.059375 0.10648148148148148
0 0.28098958333333335 0.5555555555555556 0.06302083333333333 0.1
0 0.27734375 0.7430555555555556 0.06302083333333333 0.08425925925925926
0 0.09244791666666667 0.5856481481481481 0.04635416666666667 0.09166666666666666
0 0.334375 0.9199074074074074 0.07291666666666667 0.08796296296296297
0 0.4036458333333333 0.7407407407407407 0.06041666666666667 0.09444444444444444
0 0.41875 0.6310185185185185 0.046875 0.17314814814814813
0 0.15130208333333334 0.812962962962963 0.06510416666666667 0.07407407407407407
0 0.6544270833333333 0.8287037037037037 0.05364583333333333 0.046296296296296294
0 0.05364583333333333 0.8009259259259259 0.035416666666666666 0.06481481481481481
0 0.8908854166666667 0.6268518518518519 0.0421875 0.07407407407407407
0 0.6747395833333333 0.6402777777777777 0.05572916666666667 0.09351851851851851
0 0.1359375 0.5907407407407408 0.026041666666666668 0.10925925925925926
0 0.20677083333333332 0.5958333333333333 0.06458333333333334 0.09907407407407408
0 0.023177083333333334 0.7171296296296297 0.0421875 0.075
0 0.22708333333333333 0.8027777777777778 0.046875 0.04814814814814815
0 0.16796875 0.6106481481481482 0.04739583333333333 0.08425925925925926
0 0.8932291666666666 0.42916666666666664 0.025 0.14351851851851852
0 0.30885416666666665 0.8106481481481481 0.03229166666666667 0.05092592592592592
0 0.019791666666666666 0.7847222222222222 0.036458333333333336 0.07314814814814814
0 0.029947916666666668 0.8111111111111111 0.0036458333333333334 0.003703703703703704
0 0.615234375 0.6588955026455026 0.05022321428571423 0.0413359788359788
0 0.08370535714285714 0.6630291005291004 0.03441220238095237 0.07936507936507932
0 0.12709465579710144 0.7175925925925926 0.0373641304347826 0.09057971014492755
0 0.8940296692607004 0.4332396598933564 0.0265483138780804 0.11420954027957922
