0 0.49671331636980487 0.5484874187164264 0.07129983036471585 0.08434643294694179
0 0.6177772476675149 0.5782913957214212 0.06666136556403733 0.10343040241259072
0 0.7523589906700593 0.687140703044011 0.05566157760814245 0.10295919328998217
0 0.7588528413910093 0.7558194326642163 0.06122773536895672 0.11214777118085006
0 0.682450699745547 0.6605173876166243 0.06533608990670056 0.09730468381867867
0 0.8134541984732825 0.7504005277542173 0.04028837998303641 0.11403260767128455
0 0.8555317005937234 0.8289746489492037 0.060034987277353714 0.09824710206389597
0 0.8882660093299406 0.8051785882574687 0.03591497031382526 0.056309490151729355
0 0.857320822731128 0.698685326547922 0.05407124681933837 0.1062576571482424
0 0.9360421967769296 0.7042220337385733 0.05248091603053429 0.11073414381302421
0 0.93100614927905 0.5206860804825182 0.05857718405428329 0.10649326170954668
0 0.9845916825699745 0.49631750070681363 0.02977496819338429 0.11477240599378007
0 0.9479034139100933 0.3711949863349354 0.057914546225614906 0.11002733012911128
0 0.36721139143730885 0.8062917657718881 0.04188965341488279 0.0705062861026164
0 0.16206358307849136 0.8649054253029788 0.07501911314984708 0.08806206818439227
0 0.0718335881753313 0.7834975648431305 0.04905708460754333 0.0690904972250538
0 0.023174694189602444 0.7155396987201268 0.041252548419979614 0.10476837693963074
0 0.37146628065395093 0.6764052881219094 0.04385217983651231 0.09435866384095266
