0 0.9088541666666666 0.6546296296296297 0.04479166666666667 0.10740740740740741
0 0.1375 0.7314814814814815 0.05416666666666667 0.07962962962962963
0 0.21875 0.41759259259259257 0.05625 0.12037037037037036
0 0.43854166666666666 0.7615740740740741 0.065625 0.09722222222222222
0 0.12942708333333333 0.5268518518518519 0.044270833333333336 0.10925925925925926
0 0.21223958333333334 0.8495370370370371 0.0578125 0.075
0 0.05572916666666667 0.6652777777777777 0.027083333333333334 0.10648148148148148
0 0.7895833333333333 0.8009259259259259 0.03854166666666667 0.10740740740740741
0 0.13489583333333333 0.638425925925926 0.046875 0.0787037037037037
0 0.04244791666666667 0.7953703703703704 0.0421875 0.07037037037037037
0 0.2203125 0.788425925925926 0.029166666666666667 0.06018518518518518
0 0.020572916666666666 0.7328703703703704 0.03802083333333333 0.04351851851851852
0 0.6984375 0.8541666666666666 0.034375 0.04537037037037037
0 0.0953125 0.47685185185185186 0.01875 0.13148148148148148
0 0.990625 0.7861111111111111 0.017708333333333333 0.11481481481481481
0 0.13456549935149156 0.8392779939472547 0.04823281452658887 0.0536820867560167
0 0.8349323830409356 0.762670565302144 0.05573830409356724 0.04954515919428199
0 0.8480674342105262 0.8475471085120206 0.04911366959064326 0.0422352176738141
