0 0.046614583333333334 0.8421296296296297 0.04739583333333333 0.0824074074074074
0 0.8104166666666667 0.5981481481481481 0.053125 0.11481481481481481
0 0.86953125 0.812962962962963 0.0578125 0.06851851851851852
0 0.7934895833333333 0.7208333333333333 0.0390625 0.10648148148148148
0 0.11302083333333333 0.7699074074074074 0.026041666666666668 0.0824074074074074
0 0.17369791666666667 0.737037037037037 0.030729166666666665 0.08703703703703704
0 0.8348958333333333 0.4287037037037037 0.06458333333333334 0.11481481481481481
0 0.1921875 0.8041666666666667 0.03854166666666667 0.04351851851851852
0 0.14583333333333334 0.6509259259259259 0.035416666666666666 0.08888888888888889
0 0.7760416666666666 0.8041666666666667 0.057291666666666664 0.07685185185185185
0 0.06770833333333333 0.7550925925925925 0.03125 0.0824074074074074
0 0.07213541666666666 0.6671296296296296 0.025520833333333333 0.10277777777777777
0 0.2520833333333333 0.8092592592592592 0.021875 0.046296296296296294
0 0.8791666666666667 0.40925925925925927 0.028125 0.1037037037037037
0 0.13619791666666667 0.7893518518518519 0.033854166666666664 0.05648148148148148
0 0.1265625 0.7726851851851851 0.046875 0.08611111111111111
0 0.021614583333333333 0.7638888888888888 0.030729166666666665 0.053703703703703705
