0 0.93828125 0.7078703703703704 0.04635416666666667 0.10833333333333334
0 0.024739583333333332 0.8393518518518519 0.04739583333333333 0.075
0 0.30052083333333335 0.7458333333333333 0.04895833333333333 0.10462962962962963
0 0.41171875 0.8300925925925926 0.07135416666666666 0.08055555555555556
0 0.8341145833333333 0.7930555555555555 0.06302083333333333 0.08611111111111111
0 0.9559895833333333 0.8037037037037037 0.04114583333333333 0.07592592592592592
0 0.04401041666666667 0.7703703703703704 0.0390625 0.06296296296296296
0 0.209375 0.725 0.03854166666666667 0.11481481481481481
0 0.7966015314240255 0.6723459736586228 0.057055489260143234 0.12087863519844427
0 0.1405172944362383 0.7593413206411728 0.037004554406696206 0.10230318945237706
