0 0.10598958333333333 0.3523148148148148 0.05364583333333333 0.11574074074074074
0 0.3723958333333333 0.912962962962963 0.07916666666666666 0.08148148148148149
0 0.11432291666666666 0.8092592592592592 0.059895833333333336 0.08148148148148149
0 0.16015625 0.6861111111111111 0.05677083333333333 0.06481481481481481
0 0.21380208333333334 0.7777777777777778 0.033854166666666664 0.09074074074074075
0 0.8463541666666666 0.7486111111111111 0.03958333333333333 0.08611111111111111
0 0.17135416666666667 0.4986111111111111 0.0625 0.06944444444444445
0 0.42942708333333335 0.8277777777777777 0.06927083333333334 0.07407407407407407
0 0.5927083333333333 0.7513888888888889 0.04479166666666667 0.11388888888888889
0 0.9114583333333334 0.7671296296296296 0.04479166666666667 0.06759259259259259
0 0.9174479166666667 0.8106481481481481 0.04635416666666667 0.03425925925925926
0 0.07369791666666667 0.5546296296296296 0.0328125 0.10925925925925926
0 0.09036458333333333 0.736574074074074 0.033854166666666664 0.09722222222222222
0 0.5065104166666666 0.6814814814814815 0.0671875 0.05740740740740741
0 0.53046875 0.7657407407407407 0.06822916666666666 0.06111111111111111
0 0.33619791666666665 0.8171296296296297 0.049479166666666664 0.049074074074074076
0 0.32395833333333335 0.8143518518518519 0.027083333333333334 0.049074074074074076
0 0.1375 0.5449074074074074 0.027083333333333334 0.0712962962962963
0 0.20026408450704228 0.5998956703182056 0.056484741784037534 0.09520083463745434
0 0.05721830985915493 0.7514997391757956 0.024207746478873242 0.08672404799165369
0 0.8687279929577465 0.7929055816379761 0.03337734741784028 0.07563901930099107
