0 0.19583333333333333 0.6754629629629629 0.05416666666666667 0.08611111111111111
0 0.21901041666666668 0.7722222222222223 0.0390625 0.08518518518518518
0 0.3541666666666667 0.9078703703703703 0.07395833333333333 0.09166666666666666
0 0.08203125 0.5375 0.0421875 0.10092592592592593
0 0.16901041666666666 0.4708333333333333 0.0546875 0.09907407407407408
0 0.20677083333333332 0.5935185185185186 0.052083333333333336 0.1037037037037037
0 0.42421875 0.8361111111111111 0.06614583333333333 0.08518518518518518
0 0.07291666666666667 0.36157407407407405 0.05625 0.09166666666666666
0 0.13046875 0.8055555555555556 0.04739583333333333 0.08703703703703704
0 0.11979166666666667 0.5962962962962963 0.030208333333333334 0.10740740740740741
0 0.9328125 0.7518518518518519 0.04791666666666667 0.08888888888888889
0 0.08619791666666667 0.7425925925925926 0.0265625 0.1111111111111111
0 0.4890625 0.7240740740740741 0.06458333333333334 0.05925925925925926
0 0.46822916666666664 0.8097222222222222 0.03333333333333333 0.075
0 0.3458333333333333 0.8097222222222222 0.028125 0.06388888888888888
0 0.8830729166666667 0.7060185185185185 0.04635416666666667 0.07314814814814814
0 0.53046875 0.825462962962963 0.0328125 0.05277777777777778
0 0.05807291666666667 0.7777777777777778 0.0296875 0.04814814814814815
0 0.9489583333333333 0.7986111111111112 0.025 0.04722222222222222
0 0.56328125 0.6754629629629629 0.05677083333333333 0.10462962962962963
0 0.017447916666666667 0.7425925925925926 0.0296875 0.09259259259259259
0 0.8677083333333333 0.7847222222222222 0.030208333333333334 0.08981481481481482
0 0.15685211946050095 0.5844572896596018 0.040342003853564574 0.09312780989081565
