0 0.9375 0.5069444444444444 0.058333333333333334 0.11388888888888889
0 0.9770833333333333 0.24212962962962964 0.04479166666666667 0.08796296296296297
0 0.9848958333333333 0.5814814814814815 0.028125 0.07592592592592592
0 0.79609375 0.8532407407407407 0.05364583333333333 0.04722222222222222
0 0.019010416666666665 0.8814814814814815 0.034895833333333334 0.07962962962962963
0 0.18359375 0.7398148148148148 0.06614583333333333 0.07222222222222222
0 0.128125 0.49537037037037035 0.04479166666666667 0.12962962962962962
0 0.07942708333333333 0.47453703703703703 0.04010416666666667 0.11944444444444445
0 0.19479166666666667 0.6291666666666667 0.04479166666666667 0.13796296296296295
0 0.9098958333333333 0.6847222222222222 0.05520833333333333 0.08611111111111111
0 0.1390625 0.6240740740740741 0.06666666666666667 0.05
0 0.9778645833333334 0.6842592592592592 0.043229166666666666 0.08518518518518518
0 0.16145833333333334 0.8212962962962963 0.028125 0.053703703703703705
0 0.0765625 0.7212962962962963 0.029166666666666667 0.09074074074074075
0 0.08020833333333334 0.8162037037037037 0.04375 0.09166666666666666
0 0.2682291666666667 0.7819444444444444 0.035416666666666666 0.11388888888888889
0 0.4083333333333333 0.10324074074074074 0.057291666666666664 0.11944444444444445
0 0.3033854166666667 0.2986111111111111 0.030729166666666665 0.10277777777777777
0 0.36840936018957343 0.5000438827453045 0.0703495260663507 0.060119361067228386
0 0.0390625 0.795547385620915 0.03791360294117647 0.05787037037037037
0 0.20287607230392155 0.819886982570806 0.04997702205882352 0.04595588235294117
0 0.5097095750551877 0.8629200392445425 0.02845612582781456 0.03035320088300224
0 0.9350198412698413 0.7729616062949396 0.02136752136752141 0.08343508343508343
