0 0.9372395833333333 0.7064814814814815 0.04739583333333333 0.1111111111111111
0 0.07057291666666667 0.6472222222222223 0.04010416666666667 0.09814814814814815
0 0.7984375 0.6819444444444445 0.053125 0.10462962962962963
0 0.03515625 0.6592592592592592 0.04114583333333333 0.10185185185185185
0 0.48385416666666664 0.7328703703703704 0.06875 0.08055555555555556
0 0.8703125 0.7717592592592593 0.041666666666666664 0.10833333333333334
0 0.428125 0.8314814814814815 0.06145833333333333 0.07592592592592592
0 0.38255208333333335 0.7930555555555555 0.0515625 0.0824074074074074
0 0.6450520833333333 0.8217592592592593 0.0390625 0.06018518518518518
0 0.5684895833333333 0.8296296296296296 0.0453125 0.04259259259259259
0 0.10885416666666667 0.8208333333333333 0.052083333333333336 0.15462962962962962
0 0.9541666666666667 0.8018518518518518 0.046875 0.04259259259259259
