0 0.3812893081761006 0.6870195667365478 0.07468553459119492 0.1179245283018868
0 0.32773191823899367 0.8206673654786862 0.06682389937106924 0.11006289308176097
0 0.5043702107279694 0.4254469987228608 0.05088601532567054 0.13782460621541084
0 0.7113872155287818 0.8210620258813028 0.06860776439089686 0.07957756953740887
0 0.6829554738562091 0.495415758896151 0.08374183006535958 0.11210965867828616
0 0.8657602163461537 0.5971777065527065 0.06385216346153845 0.1366631054131054
0 0.8902994791666666 0.671741452991453 0.053836137820512775 0.05519943019943022
0 0.9395032051282051 0.7060185185185185 0.051081730769230775 0.11930199430199427
0 0.15784033078880408 0.7911012157195363 0.04930025445292621 0.07244840260107434
0 0.06291746183206107 0.8810432569974554 0.06341444020356234 0.09471303364433137
0 0.09333253816793892 0.7600014136273677 0.041547391857506354 0.09365281311846192
0 0.06394524432809773 0.764979639325189 0.02481457242582897 0.07950358735699055
