0 0.059895833333333336 0.8351851851851851 0.059375 0.08148148148148149
0 0.859375 0.6324074074074074 0.046875 0.1111111111111111
0 0.07109375 0.6689814814814815 0.0296875 0.1175925925925926
0 0.88203125 0.5328703703703703 0.06302083333333333 0.08055555555555556
0 0.9380208333333333 0.7111111111111111 0.04791666666666667 0.1037037037037037
0 0.01953125 0.7870370370370371 0.03697916666666667 0.06481481481481481
0 0.8677083333333333 0.8208333333333333 0.06354166666666666 0.04537037037037037
0 0.16223958333333333 0.8074074074074075 0.04635416666666667 0.07962962962962963
0 0.696875 0.6777777777777778 0.06979166666666667 0.07407407407407407
0 0.9669270833333333 0.6291666666666667 0.0578125 0.05462962962962963
0 0.8075520833333333 0.8185185185185185 0.04635416666666667 0.046296296296296294
0 0.2140625 0.799537037037037 0.06145833333333333 0.05462962962962963
0 0.019010416666666665 0.7574074074074074 0.03697916666666667 0.1
0 0.7946745801033591 0.6689635371805913 0.04663275193798443 0.11699684180304339
0 0.16476117886178862 0.5842366757000903 0.053607723577235776 0.11427280939476057
