0 0.09869791666666666 0.8337962962962963 0.0546875 0.08611111111111111
0 0.9458333333333333 0.6953703703703704 0.034375 0.08888888888888889
0 0.7559895833333333 0.8421296296296297 0.058854166666666666 0.06574074074074074
0 0.03567708333333333 0.875 0.059895833333333336 0.07407407407407407
0 0.9075520833333334 0.6754629629629629 0.050520833333333334 0.08055555555555556
0 0.6119791666666666 0.15092592592592594 0.052083333333333336 0.1685185185185185
0 0.22916666666666666 0.29398148148148145 0.035416666666666666 0.14351851851851852
0 0.030208333333333334 0.7898148148148149 0.029166666666666667 0.04814814814814815
0 0.008333333333333333 0.7037037037037037 0.016666666666666666 0.05185185185185185
0 0.07207740916271722 0.3163945936457785 0.03505134281200632 0.11058451816745658
0 0.06775770142180094 0.7925223802001053 0.04122235387045813 0.057047568895910145
0 0.1634083728278041 0.725820607337195 0.03258293838862558 0.0991750043882746
0 0.2254887440758294 0.7712392487274004 0.04023499210110586 0.0969808671230472
0 0.4619618878357031 0.8225820607337196 0.045665481832543445 0.10839038090222923
0 0.9483949829931972 0.7695578231292517 0.04092261904761898 0.08219954648526072
