0 0.27265625 0.5370370370370371 0.04739583333333333 0.10925925925925926
0 0.52421875 0.5416666666666666 0.07135416666666666 0.10740740740740741
0 0.03802083333333333 0.6398148148148148 0.052083333333333336 0.05925925925925926
0 0.18020833333333333 0.47824074074074074 0.058333333333333334 0.09907407407407408
0 0.5276041666666667 0.7972222222222223 0.065625 0.06296296296296296
0 0.12760416666666666 0.45555555555555555 0.05416666666666667 0.1
0 0.225 0.5319444444444444 0.04375 0.0712962962962963
0 0.5817708333333333 0.6111111111111112 0.06979166666666667 0.07962962962962963
0 0.5723958333333333 0.46111111111111114 0.07395833333333333 0.07962962962962963
0 0.18385416666666668 0.8467592592592592 0.0625 0.10277777777777777
0 0.6479166666666667 0.6930555555555555 0.03854166666666667 0.11574074074074074
0 0.39791666666666664 0.7319444444444444 0.05 0.10833333333333334
0 0.12864583333333332 0.6995370370370371 0.04895833333333333 0.12129629629629629
0 0.35572916666666665 0.9092592592592592 0.058333333333333334 0.08703703703703704
0 0.015625 0.7925925925925926 0.028125 0.09259259259259259
0 0.08229166666666667 0.325 0.03229166666666667 0.09814814814814815
0 0.05260416666666667 0.5402777777777777 0.023958333333333335 0.12314814814814815
0 0.018489583333333334 0.7074074074074074 0.0359375 0.06296296296296296
0 0.20821164330218067 0.7113187954309449 0.028962227414330233 0.0917272412599516
0 0.7185180499325236 0.6524591393012446 0.03057523616734154 0.1083370820212926
0 0.7699687921727395 0.659956515219673 0.047022604588394044 0.07459889038836401
0 0.31116940389294406 0.9384293052176262 0.06652980535279808 0.07096512570965113
0 0.31269008515815083 0.8286023249526899 0.06272810218978103 0.031089483644228196
