0 0.15078125 0.8791666666666667 0.058854166666666666 0.08796296296296297
0 0.9177083333333333 0.5018518518518519 0.06041666666666667 0.09814814814814815
0 0.26666666666666666 0.5217592592592593 0.06770833333333333 0.11388888888888889
0 0.8984375 0.836574074074074 0.06770833333333333 0.0712962962962963
0 0.6135416666666667 0.5824074074074074 0.06875 0.11666666666666667
0 0.1609375 0.5476851851851852 0.051041666666666666 0.08611111111111111
0 0.04453125 0.7106481481481481 0.049479166666666664 0.08425925925925926
0 0.9072916666666667 0.700925925925926 0.05625 0.11296296296296296
0 0.9822916666666667 0.5828703703703704 0.03333333333333333 0.09166666666666666
0 0.14140625 0.687962962962963 0.0296875 0.07777777777777778
0 0.109375 0.6282407407407408 0.028125 0.08981481481481482
0 0.44114583333333335 0.6791666666666667 0.07083333333333333 0.10462962962962963
0 0.03958333333333333 0.8555555555555555 0.046875 0.07962962962962963
0 0.91953125 0.600925925925926 0.05572916666666667 0.06296296296296296
0 0.23255208333333333 0.8393518518518519 0.049479166666666664 0.07314814814814814
0 0.10208333333333333 0.8171296296296297 0.04375 0.05648148148148148
0 0.039322916666666666 0.5564814814814815 0.0265625 0.12222222222222222
0 0.9684895833333333 0.7833333333333333 0.04010416666666667 0.10925925925925926
0 0.37994791666666666 0.8189814814814815 0.0328125 0.09907407407407408
0 0.016145833333333335 0.5671296296296297 0.029166666666666667 0.07314814814814814
0 0.04479166666666667 0.7921296296296296 0.052083333333333336 0.05277777777777778
0 0.12864583333333332 0.711574074074074 0.0 0.000925925925925926
0 0.13151041666666666 0.4689814814814815 0.044270833333333336 0.08611111111111111
0 0.7299479166666667 0.8532407407407407 0.0359375 0.04537037037037037
0 0.810018542757417 0.39654838084157457 0.055900959860383875 0.086290478960636
0 0.752017798013245 0.74518641157714 0.03742411699779247 0.10454991415256319
0 0.33670437116564417 0.7983980913428765 0.030834611451942766 0.11815496478073167
0 0.19558189655172412 0.7899106002554278 0.027658045977011506 0.10515112813963394
0 0.011312217194570135 0.6458438076085135 0.021210407239819002 0.04650578179989953
0 0.11936745852187028 0.7367605161722809 0.04218514328808447 0.10767554885201944
