0 0.3234325864779874 0.8265635918937805 0.05478577044025155 0.09215583508036333
0 0.2841287273695421 0.7990178677079636 0.05341453674121403 0.10117145899893502
0 0.1458141850490196 0.6794662309368191 0.04078584558823528 0.10008169934640515
0 0.09426193019943022 0.771604938271605 0.039396367521367534 0.07518201962646405
0 0.10364583333333334 0.5547619047619047 0.04330357142857144 0.12275132275132274
0 0.03263888888888889 0.8944444444444445 0.0625 0.09012345679012339
0 0.028180354267310793 0.7801037752728575 0.042270531400966184 0.07783145464304884
0 0.5312499999999999 0.4962207105064247 0.07057823129251695 0.10355253212396068
0 0.8237213876967096 0.8247893816563344 0.0625894134477825 0.07828644094738509
0 0.852668991416309 0.62827849308536 0.04895386266094413 0.11683357176919405
0 0.8479747854077253 0.7123271340009537 0.06147174535050072 0.0806707995549198
0 0.9359352646638054 0.7025910030201875 0.05051859799713879 0.12080750278175172
0 0.9779595851216023 0.5422428866634875 0.0411301859799714 0.08067079955491971
