0 0.928125 0.4912037037037037 0.06041666666666667 0.10277777777777777
0 0.01875 0.5555555555555556 0.036458333333333336 0.07592592592592592
0 0.821875 0.38935185185185184 0.06666666666666667 0.09351851851851851
0 0.6541666666666667 0.4685185185185185 0.04583333333333333 0.13333333333333333
0 0.15390625 0.5666666666666667 0.04739583333333333 0.10740740740740741
0 0.9252604166666667 0.5981481481481481 0.0578125 0.06296296296296296
0 0.9075520833333334 0.8328703703703704 0.0609375 0.08055555555555556
0 0.040364583333333336 0.7074074074074074 0.05260416666666667 0.08518518518518518
0 0.41692708333333334 0.6444444444444445 0.07135416666666666 0.08888888888888889
0 0.10755208333333334 0.6421296296296296 0.0328125 0.08981481481481482
0 0.13515625 0.6810185185185185 0.0265625 0.10092592592592593
0 0.97421875 0.7398148148148148 0.04635416666666667 0.1
0 0.03984375 0.8541666666666666 0.04635416666666667 0.08611111111111111
0 0.9893229166666667 0.5962962962962963 0.019270833333333334 0.06296296296296296
0 0.3455729166666667 0.8393518518518519 0.027604166666666666 0.05648148148148148
0 0.11015625 0.7620370370370371 0.028645833333333332 0.1425925925925926
0 0.04895833333333333 0.7907407407407407 0.0625 0.05925925925925926
0 0.23932291666666666 0.8416666666666667 0.0390625 0.07592592592592592
0 0.20677083333333332 0.8097222222222222 0.034375 0.075
0 0.9046875 0.6814814814814815 0.052083333333333336 0.05740740740740741
0 0.3137042389210019 0.4351316634553629 0.03853564547206171 0.08991650610147722
0 0.17023346303501946 0.663099870298314 0.05431258106355384 0.08394581351779798
0 0.00961421996124031 0.6315945305770886 0.01922843992248062 0.04064384151593456
0 0.7143429487179487 0.82247150997151 0.046474358974359004 0.10576923076923082
