0 0.19114583333333332 0.9375 0.071875 0.09166666666666666
0 0.25807291666666665 0.8398148148148148 0.058854166666666666 0.09259259259259259
0 0.8244791666666667 0.7453703703703703 0.05 0.10555555555555556
0 0.9408854166666667 0.7106481481481481 0.04114583333333333 0.11944444444444445
0 0.81484375 0.325 0.05677083333333333 0.12777777777777777
0 0.12994791666666666 0.637962962962963 0.03697916666666667 0.09814814814814815
0 0.9432291666666667 0.16296296296296298 0.04895833333333333 0.12962962962962962
0 0.06276041666666667 0.3814814814814815 0.04010416666666667 0.11851851851851852
0 0.04088541666666667 0.7296296296296296 0.0359375 0.09444444444444444
0 0.7052083333333333 0.8245370370370371 0.04479166666666667 0.049074074074074076
0 0.9869791666666666 0.825462962962963 0.025 0.05648148148148148
0 0.08385894495412845 0.7153981198323706 0.03774847094801224 0.10221995696001814
0 0.957579495614035 0.3384502923976608 0.06345942982456142 0.08869395711500974
0 0.8308662280701753 0.44761208576998046 0.05537280701754384 0.13499025341130605
