0 0.9799479166666667 0.5217592592592593 0.03697916666666667 0.11574074074074074
0 0.07942708333333333 0.9365740740740741 0.0671875 0.08611111111111111
0 0.2921875 0.8513888888888889 0.07083333333333333 0.0824074074074074
0 0.035416666666666666 0.6574074074074074 0.04375 0.09444444444444444
0 0.18020833333333333 0.8444444444444444 0.0625 0.08518518518518518
0 0.7692708333333333 0.788425925925926 0.0625 0.08796296296296297
0 0.7583333333333333 0.8523148148148149 0.059375 0.04351851851851852
0 0.040625 0.5726851851851852 0.05 0.08981481481481482
0 0.9348958333333334 0.5875 0.05520833333333333 0.12314814814814815
0 0.8401041666666667 0.737037037037037 0.040625 0.10555555555555556
0 0.3736979166666667 0.7837962962962963 0.05364583333333333 0.11388888888888889
0 0.7565104166666666 0.32685185185185184 0.044270833333333336 0.13148148148148148
0 0.7723958333333333 0.5097222222222222 0.03958333333333333 0.12314814814814815
0 0.13066843345111898 0.563407930899097 0.025029446407538295 0.10142651485407662
0 0.03947659010600706 0.792926318544693 0.04140901060070671 0.045478340531344044
0 0.0763766195524146 0.8061772019369193 0.0172997644287397 0.0379531474937836
0 0.0268698468786808 0.7341970946211229 0.02944640753828033 0.06412773197225498
0 0.41770833333333335 0.7959876543209876 0.03402777777777774 0.11481481481481481
0 0.3921006944444444 0.8547839506172841 0.023784722222222204 0.03302469135802465
0 0.44505208333333335 0.8337962962962963 0.019270833333333334 0.05462962962962963
0 0.9348090277777779 0.7760802469135804 0.05121527777777774 0.050308641975308675
