0 0.34671431737588654 0.7146375098502757 0.05679299645390069 0.09850275807722624
0 0.3950847349643221 0.6828349756484314 0.04666794087665652 0.08692943708234227
0 0.46962601936799186 0.8132291312719447 0.06386977573904182 0.07418733718427911
0 0.77822375127421 0.8288028089251331 0.06052497451580029 0.07475365273530411
0 0.8885225535168196 0.8170517612413637 0.03902268093781854 0.07673575716389172
0 0.9358275993883791 0.70407180881187 0.051127675840978645 0.11751047683769389
0 0.8642329255861366 0.7108675954241703 0.056065239551478165 0.07730207271491672
0 0.850216615698267 0.6664118246687053 0.06148063200815498 0.0937252236946427
0 0.7216806829765545 0.6682523502095368 0.06530326197757384 0.11043153244988106
0 0.7908862130479103 0.673349190168762 0.05431320081549439 0.10929890134783096
0 0.8331740570846075 0.31373881526786723 0.058932212028542236 0.11552837240910634
0 0.017440749235474007 0.5995865896477517 0.023413608562691132 0.12373994789896933
0 0.05518922018348624 0.775427568241024 0.03328873598369011 0.06710839279646619
0 0.09174311926605506 0.780949144863518 0.0445973496432212 0.06229471061275336
0 0.6890031403186274 0.7240604575163399 0.0562002144607843 0.08884803921568621
0 0.63720703125 0.5867885348583878 0.07553998161764698 0.09037990196078433
0 0.9731636795343136 0.4800687636165577 0.05237055759803913 0.08459286492374729
