0 0.14114583333333333 0.6703703703703704 0.051041666666666666 0.07592592592592592
0 0.5341145833333333 0.8439814814814814 0.0703125 0.08425925925925926
0 0.11328125 0.34814814814814815 0.049479166666666664 0.09074074074074075
0 0.11901041666666666 0.7129629629629629 0.0515625 0.08333333333333333
0 0.3611979166666667 0.9111111111111111 0.059895833333333336 0.08703703703703704
0 0.07057291666666667 0.5203703703703704 0.04010416666666667 0.10185185185185185
0 0.1625 0.4828703703703704 0.057291666666666664 0.11018518518518519
0 0.0875 0.7490740740740741 0.022916666666666665 0.10185185185185185
0 0.15130208333333334 0.6074074074074074 0.058854166666666666 0.08888888888888889
0 0.21197916666666666 0.7708333333333334 0.04583333333333333 0.09722222222222222
0 0.621875 0.7939814814814815 0.040625 0.10462962962962963
0 0.8716145833333333 0.7398148148148148 0.025520833333333333 0.09259259259259259
0 0.5807291666666666 0.8226851851851852 0.052083333333333336 0.05648148148148148
0 0.04973958333333333 0.8074074074074075 0.0546875 0.08148148148148149
0 0.01875 0.75 0.035416666666666666 0.06666666666666667
0 0.8729166666666667 0.8148148148148148 0.04583333333333333 0.037037037037037035
0 0.14088541666666668 0.6648148148148149 0.049479166666666664 0.05925925925925926
0 0.12654049295774647 0.5004564423578508 0.0476819248826291 0.08933229003651544
0 0.048782276995305164 0.721830985915493 0.04841549295774648 0.09650495565988527
0 0.35339642018779344 0.8199660928534169 0.029709507042253534 0.06977047470005215
