0 0.9442708333333333 0.48009259259259257 0.058333333333333334 0.09166666666666666
0 0.13463541666666667 0.5300925925925926 0.059895833333333336 0.10648148148148148
0 0.95625 0.586574074074074 0.05625 0.075
0 0.24140625 0.8513888888888889 0.07135416666666666 0.09537037037037037
0 0.8723958333333334 0.362962962962963 0.06145833333333333 0.12777777777777777
0 0.032552083333333336 0.8541666666666666 0.04739583333333333 0.08425925925925926
0 0.9078125 0.6796296296296296 0.05625 0.08333333333333333
0 0.5015625 0.8546296296296296 0.046875 0.046296296296296294
0 0.22734375 0.6023148148148149 0.030729166666666665 0.13055555555555556
0 0.9268229166666667 0.8268518518518518 0.0453125 0.05740740740740741
0 0.038802083333333334 0.7893518518518519 0.04114583333333333 0.04722222222222222
0 0.0890625 0.7625 0.020833333333333332 0.062037037037037036
0 0.8731770833333333 0.8476851851851852 0.04010416666666667 0.028703703703703703
0 0.013802083333333333 0.6833333333333333 0.0265625 0.05185185185185185
0 0.0765625 0.799074074074074 0.03125 0.04814814814814815
0 0.9890625 0.7018518518518518 0.020833333333333332 0.05185185185185185
0 0.39112580128205127 0.5408653846153846 0.02737713675213674 0.13265669515669512
0 0.09698695482866043 0.6490134994807891 0.04307827102803737 0.07355486327448943
0 0.10416666666666667 0.72365005192108 0.03748052959501558 0.0921599169262721
0 0.14793669871794873 0.7304131054131053 0.03866185897435897 0.09544159544159546
0 0.14851791369754555 0.8200272719275095 0.02090756136183692 0.04068795636491605
