0 0.8299479166666667 0.46296296296296297 0.0515625 0.12222222222222222
0 0.18489583333333334 0.9263888888888889 0.06979166666666667 0.09351851851851851
0 0.25364583333333335 0.8384259259259259 0.06145833333333333 0.09166666666666666
0 0.8361979166666667 0.7189814814814814 0.0484375 0.10833333333333334
0 0.94140625 0.7162037037037037 0.0421875 0.1175925925925926
0 0.13307291666666668 0.6263888888888889 0.049479166666666664 0.08055555555555556
0 0.9341145833333333 0.1310185185185185 0.050520833333333334 0.1175925925925926
0 0.303125 0.6027777777777777 0.06145833333333333 0.09074074074074075
0 0.803125 0.3050925925925926 0.05520833333333333 0.075
0 0.709375 0.8171296296296297 0.05625 0.06388888888888888
0 0.05130208333333333 0.75 0.0359375 0.09814814814814815
0 0.9880208333333333 0.8236111111111111 0.022916666666666665 0.062037037037037036
0 0.09260640413683371 0.7702421992398125 0.031573190135242644 0.07712366304251751
0 0.9671781156156155 0.3418001334668001 0.058887012012012005 0.09884884884884881
