0 0.39991902237926974 0.5666797539589058 0.07398409893992935 0.10535270252584747
0 0.3824352179034157 0.7737861536448108 0.06441401648998824 0.11778563015312131
0 0.5647268845700825 0.5688064389477816 0.07085541813898709 0.10633424944379012
0 0.6730344522968198 0.6658159926711165 0.06625441696113074 0.10208087946603847
0 0.7656986160188457 0.6702329538018584 0.062021495877502865 0.09193822798063075
0 0.74922703180212 0.7893273131789031 0.044169611307420455 0.11287789556340792
0 0.8111565076560658 0.7451577018714828 0.06496613663133093 0.08539458186101295
0 0.8415231154299175 0.8289163722025913 0.06864693757361605 0.08081402957728048
0 0.887165047114252 0.8158290799633556 0.03846436984687867 0.0795053003533569
0 0.8684849823321554 0.715547703180212 0.06036513545347463 0.05562099201675176
0 0.9351074793875147 0.7026240020939667 0.05263545347467608 0.11614971862321681
0 0.9411808009422852 0.5674977097238582 0.062205535924617195 0.1174584478471404
0 0.8758465842167256 0.3073877764690486 0.06294169611307415 0.11287789556340792
0 0.9839701118963488 0.47457793482528454 0.028158127208480602 0.07885093574139505
0 0.28921771523178813 0.8667525141035075 0.07070916114790288 0.0968849644346334
0 0.07484823399558499 0.7821314692175618 0.057947019867549666 0.06070640176600437
0 0.11227235099337748 0.7706340446406671 0.02724889624724063 0.08247485896492522
0 0.5196086014851484 0.8625550055005501 0.05633766501650162 0.16157865786578665
