0 0.11848958333333333 0.8092592592592592 0.0546875 0.08333333333333333
0 0.19921875 0.5893518518518519 0.0515625 0.09907407407407408
0 0.17161458333333332 0.48935185185185187 0.06197916666666667 0.05277777777777778
0 0.21223958333333334 0.7777777777777778 0.03802083333333333 0.09074074074074075
0 0.36484375 0.912962962962963 0.08072916666666667 0.08148148148148149
0 0.15026041666666667 0.5597222222222222 0.04010416666666667 0.10648148148148148
0 0.4236979166666667 0.8291666666666667 0.06927083333333334 0.08611111111111111
0 0.16927083333333334 0.6759259259259259 0.05520833333333333 0.053703703703703705
0 0.10494791666666667 0.36157407407407405 0.05677083333333333 0.08981481481481482
0 0.34140625 0.8152777777777778 0.0515625 0.05648148148148148
0 0.5114583333333333 0.7796296296296297 0.06041666666666667 0.07962962962962963
0 0.13776041666666666 0.41805555555555557 0.0453125 0.10462962962962963
0 0.08828125 0.7430555555555556 0.030729166666666665 0.10277777777777777
0 0.5203125 0.6782407407407407 0.065625 0.09166666666666666
0 0.5794270833333334 0.7291666666666666 0.0328125 0.12314814814814815
0 0.071875 0.5537037037037037 0.03333333333333333 0.1111111111111111
0 0.9135416666666667 0.749537037037037 0.04583333333333333 0.0787037037037037
0 0.054947916666666666 0.7666666666666667 0.034895833333333334 0.06481481481481481
0 0.9130208333333333 0.8060185185185185 0.051041666666666666 0.03981481481481482
0 0.015625 0.7439814814814815 0.025 0.08981481481481482
0 0.012239583333333333 0.8023148148148148 0.0234375 0.06944444444444445
0 0.8722107030015799 0.791205897840969 0.02246248025276465 0.06231349833245569
0 0.8582642180094787 0.7356942250307179 0.03751974723538704 0.08820431806213799
