0 0.10565863715277778 0.8723958333333334 0.0783962673611111 0.0993441358024691
0 0.18608940972222224 0.8051215277777778 0.06564670138888887 0.09307484567901238
0 0.10932074652777778 0.6505594135802469 0.030381944444444434 0.10513117283950614
0 0.14919704861111113 0.27030285493827166 0.062391493055555566 0.12008101851851855
0 0.2597384982638889 0.8101851851851852 0.04421657986111113 0.07330246913580243
0 0.8809407552083334 0.8198302469135803 0.057237413194444406 0.09452160493827164
0 0.8091905381944445 0.7506269290123457 0.055338541666666664 0.11911651234567894
0 0.8416069878472222 0.6430844907407407 0.04421657986111119 0.13358410493827164
0 0.937228732638889 0.705054012345679 0.047743055555555476 0.1282793209876544
0 0.9749348958333334 0.5454282407407407 0.047743055555555594 0.09162808641975312
0 0.33910170250896055 0.4089506172839506 0.07392473118279567 0.09707287933094383
