0 0.35598958333333336 0.9027777777777778 0.06927083333333334 0.10185185185185185
0 0.24817708333333333 0.8138888888888889 0.0609375 0.07777777777777778
0 0.153125 0.475 0.04895833333333333 0.1111111111111111
0 0.4309895833333333 0.5902777777777778 0.0578125 0.1287037037037037
0 0.2872395833333333 0.6763888888888889 0.0578125 0.05648148148148148
0 0.49583333333333335 0.7111111111111111 0.058333333333333334 0.10185185185185185
0 0.7880208333333333 0.5680555555555555 0.05 0.10833333333333334
0 0.9799479166666667 0.41805555555555557 0.03802083333333333 0.07314814814814814
0 0.57734375 0.6884259259259259 0.06822916666666666 0.08796296296296297
0 0.013802083333333333 0.8013888888888889 0.0265625 0.0712962962962963
0 0.3494791666666667 0.5879629629629629 0.06458333333333334 0.09074074074074075
0 0.2765625 0.7472222222222222 0.03958333333333333 0.08518518518518518
0 0.05755208333333333 0.5541666666666667 0.05260416666666667 0.0787037037037037
0 0.14505208333333333 0.8125 0.05260416666666667 0.08796296296296297
0 0.0234375 0.7490740740740741 0.034375 0.07222222222222222
0 0.9591145833333333 0.7861111111111111 0.05364583333333333 0.06851851851851852
0 0.2713541666666667 0.5875 0.05 0.11388888888888889
0 0.9075520833333334 0.7893518518518519 0.04635416666666667 0.08796296296296297
0 0.052083333333333336 0.6504629629629629 0.06354166666666666 0.08796296296296297
0 0.8705729166666667 0.7643518518518518 0.028645833333333332 0.0787037037037037
0 0.7781312375249502 0.46296296296296297 0.065494011976048 0.06209802616988243
0 0.09028817365269462 0.3992015968063872 0.03836077844311379 0.09092925260589935
