0 0.39791666666666664 0.5958333333333333 0.06875 0.11388888888888889
0 0.1421875 0.5425925925925926 0.052083333333333336 0.12222222222222222
0 0.22291666666666668 0.8430555555555556 0.065625 0.09537037037037037
0 0.12578125 0.8018518518518518 0.04739583333333333 0.07222222222222222
0 0.036458333333333336 0.8555555555555555 0.04375 0.08518518518518518
0 0.7 0.2824074074074074 0.06458333333333334 0.13148148148148148
0 0.8552083333333333 0.37175925925925923 0.06979166666666667 0.10833333333333334
0 0.9427083333333334 0.5888888888888889 0.05625 0.07222222222222222
0 0.25833333333333336 0.26944444444444443 0.03958333333333333 0.15
0 0.90546875 0.674537037037037 0.0578125 0.08611111111111111
0 0.022135416666666668 0.6875 0.044270833333333336 0.08425925925925926
0 0.3768229166666667 0.3375 0.0640625 0.12314814814814815
0 0.12317708333333334 0.7134259259259259 0.028645833333333332 0.10092592592592593
0 0.009635416666666667 0.5652777777777778 0.018229166666666668 0.03981481481481482
0 0.9859375 0.7023148148148148 0.027083333333333334 0.062037037037037036
0 0.5106770833333333 0.861574074074074 0.0359375 0.030555555555555555
0 0.03994873472949389 0.7923695947256156 0.04335732984293193 0.04799301919720765
0 0.07444371727748691 0.7979445414000387 0.020178883071553223 0.04072134962187317
0 0.09980776108726754 0.6437768240343347 0.04090665236051502 0.052455889365760684
0 0.1588374732905983 0.6668447293447293 0.0412326388888889 0.08665716999050327
0 0.6578125 0.8399691358024691 0.05451388888888881 0.08055555555555556
0 0.8835968875502007 0.8466086568496206 0.0355170682730923 0.03145917001338687
0 0.9182981927710843 0.8408076751450244 0.03187751004016069 0.031012940651494864
0 0.9443181818181817 0.4865319865319866 0.05871212121212122 0.06801346801346794
