0 0.9059895833333333 0.47685185185185186 0.06197916666666667 0.10555555555555556
0 0.95625 0.7458333333333333 0.05 0.06759259259259259
0 0.890625 0.6717592592592593 0.04791666666666667 0.075
0 0.11380208333333333 0.5902777777777778 0.049479166666666664 0.0824074074074074
0 0.28125 0.8388888888888889 0.03333333333333333 0.05185185185185185
0 0.96171875 0.812962962962963 0.05364583333333333 0.05
0 0.19635416666666666 0.8226851851851852 0.0625 0.06388888888888888
0 0.14322916666666666 0.7842592592592592 0.04375 0.09074074074074075
0 0.7447916666666666 0.8449074074074074 0.03854166666666667 0.06018518518518518
0 0.66171875 0.8527777777777777 0.0390625 0.05185185185185185
0 0.87890625 0.6199074074074075 0.0421875 0.07685185185185185
0 0.08255208333333333 0.6615740740740741 0.0359375 0.11203703703703703
0 0.10729166666666666 0.7430555555555556 0.04375 0.0787037037037037
0 0.0828125 0.7564814814814815 0.021875 0.05740740740740741
0 0.256885593220339 0.6069522912743253 0.049435028248587545 0.11848713119899557
0 0.035910087719298246 0.7889863547758285 0.036184210526315784 0.04678362573099422
0 0.06921600877192982 0.7997076023391814 0.019462719298245612 0.04093567251461989
0 0.6435405344202898 0.5643619162640902 0.05689538043478256 0.09007648953301134
0 0.8282382246376812 0.6207226247987118 0.059442934782608606 0.050825281803542705
0 0.9676460597826086 0.6534319645732689 0.036514945652173836 0.09611513687600648
0 0.1954861111111111 0.4493827160493827 0.025 0.13580246913580243
0 0.21232638888888886 0.47685185185185186 0.04965277777777777 0.09814814814814815
