0 0.8197916666666667 0.8018518518518518 0.05 0.07962962962962963
0 0.04609375 0.8314814814814815 0.0640625 0.07407407407407407
0 0.6450520833333333 0.7944444444444444 0.06197916666666667 0.07037037037037037
0 0.27057291666666666 0.8162037037037037 0.0546875 0.058333333333333334
0 0.5950520833333334 0.6398148148148148 0.0421875 0.11851851851851852
0 0.9372395833333333 0.7064814814814815 0.04739583333333333 0.1111111111111111
0 0.03619791666666667 0.675 0.03177083333333333 0.1037037037037037
0 0.7958333333333333 0.6592592592592592 0.058333333333333334 0.09444444444444444
0 0.05651041666666667 0.7787037037037037 0.03177083333333333 0.04814814814814815
0 0.7234375 0.7087962962962963 0.065625 0.06759259259259259
0 0.8359375 0.7273148148148149 0.06041666666666667 0.06759259259259259
0 0.94140625 0.8097222222222222 0.033854166666666664 0.03611111111111111
0 0.9682291666666667 0.6041666666666666 0.03958333333333333 0.07314814814814814
0 0.38828125 0.06574074074074074 0.058854166666666666 0.08888888888888889
0 0.10234375 0.5018518518518519 0.0453125 0.08888888888888889
