0 0.4116064375987362 0.7005880287870809 0.06541271721958927 0.10663507109004734
0 0.46164132882882875 0.8096846846846846 0.05250563063063059 0.0813313313313313
0 0.5135135135135135 0.8757507507507508 0.08643018018018024 0.0868368368368369
0 0.6152167792792793 0.585085085085085 0.07530968468468467 0.13213213213213212
0 0.6449887387387387 0.6758008008008007 0.05377252252252258 0.11586586586586584
0 0.7075591216216215 0.6745495495495496 0.06573761261261252 0.14589589589589594
0 0.9627674549549549 0.4523273273273273 0.04884572072072082 0.13688688688688685
0 0.9328547297297296 0.7022022022022022 0.05433558558558561 0.11711711711711709
0 0.8861908783783784 0.8115615615615616 0.04771959459459462 0.09559559559559558
0 0.8267877252252253 0.8019269269269269 0.06320382882882888 0.08283283283283274
0 0.7305743243243242 0.8016766766766767 0.07066441441441439 0.09284284284284289
0 0.17666103603603603 0.7456206206206205 0.058277027027027015 0.10135135135135137
0 0.18299549549549549 0.33308308308308304 0.03997747747747746 0.1376376376376376
0 0.08720439189189189 0.7879129129129129 0.03420608108108108 0.052302302302302275
0 0.7068729321753514 0.3136200716845878 0.06940136476426796 0.12315044573109091
0 0.33641581632653056 0.8730158730158729 0.09375 0.10279667422524565
0 0.31792091836734687 0.7876039304610732 0.043579931972789095 0.08163265306122446
0 0.8089923469387753 0.6638321995464853 0.04740646258503401 0.11602418745275893
