0 0.3892411433172303 0.8597244587582753 0.07699275362318841 0.09751297190910714
0 0.44648248792270534 0.7839058865628915 0.046044685990338154 0.12479871175523345
0 0.6050410583941606 0.7150581238172479 0.047521289537712855 0.11286834279535006
0 0.6733766727493917 0.7941335496080022 0.06101733576642339 0.10002703433360367
0 0.5288169099756691 0.6643687483103541 0.06919099756690995 0.09124087591240881
0 0.7828657238442822 0.8010610975939443 0.06063716545012158 0.09090294674236277
0 0.7723159975669098 0.6675790754257908 0.06234793187347935 0.10239253852392528
0 0.9345536800486618 0.7044133549608002 0.054554440389294356 0.12064071370640708
0 0.9675334549878346 0.7924439037577723 0.032314476885644795 0.08177885915112186
0 0.9862568430656933 0.4889835090565018 0.0245209854014598 0.10948905109489052
0 0.8674536192214111 0.030582589889159226 0.03098388077858883 0.05913760475804271
0 0.2860131766381766 0.5836498892054448 0.03338675213675213 0.12899651788540673
0 0.1691427595628415 0.8186095931997571 0.06676912568306011 0.08227079538554952
0 0.046704234972677595 0.8054037644201577 0.06471994535519125 0.09289617486338797
0 0.009733606557377048 0.5186703096539163 0.01844262295081967 0.11141469338190654
