0 0.8997395833333334 0.47314814814814815 0.05364583333333333 0.1111111111111111
0 0.6635416666666667 0.5777777777777777 0.058333333333333334 0.1037037037037037
0 0.9442708333333333 0.7467592592592592 0.051041666666666666 0.07314814814814814
0 0.11119791666666666 0.5949074074074074 0.0515625 0.06574074074074074
0 0.11041666666666666 0.7407407407407407 0.028125 0.1111111111111111
0 0.17109375 0.8245370370370371 0.05364583333333333 0.07314814814814814
0 0.96015625 0.6828703703703703 0.03697916666666667 0.09351851851851851
0 0.06302083333333333 0.5925925925925926 0.036458333333333336 0.11666666666666667
0 0.09739583333333333 0.7532407407407408 0.0010416666666666667 0.002777777777777778
0 0.27786458333333336 0.8333333333333334 0.04114583333333333 0.06111111111111111
0 0.8880208333333334 0.6680555555555555 0.05625 0.062037037037037036
0 0.2421875 0.8236111111111111 0.03958333333333333 0.05462962962962963
0 0.7455729166666667 0.85 0.0359375 0.04814814814814815
0 0.04869791666666667 0.7958333333333333 0.05677083333333333 0.05648148148148148
0 0.8421875 0.5879629629629629 0.059375 0.1111111111111111
0 0.7471354166666667 0.033796296296296297 0.0515625 0.05277777777777778
0 0.18385416666666668 0.5060185185185185 0.03229166666666667 0.12129629629629629
0 0.05703125 0.35833333333333334 0.04114583333333333 0.12777777777777777
0 0.9049479166666666 0.6087962962962963 0.0359375 0.05648148148148148
0 0.6705729166666666 0.8569444444444444 0.0234375 0.04351851851851852
0 0.23355089662447256 0.5450070323488045 0.04450158227848101 0.1207219878105955
0 0.086669921875 0.7839023919753086 0.02577039930555555 0.07957175925925926
0 0.16411675347222224 0.695408950617284 0.04286024305555554 0.08969907407407407
0 0.9667467948717949 0.8057336182336182 0.03605769230769233 0.08867521367521373
