0 0.08489583333333334 0.6560185185185186 0.053125 0.09351851851851851
0 0.8533854166666667 0.8106481481481481 0.06822916666666666 0.062037037037037036
0 0.14427083333333332 0.5740740740740741 0.036458333333333336 0.11851851851851852
0 0.13515625 0.8453703703703703 0.06822916666666666 0.07777777777777778
0 0.328125 0.8152777777777778 0.057291666666666664 0.09907407407407408
0 0.9375 0.7083333333333334 0.04791666666666667 0.10740740740740741
0 0.8075520833333333 0.6907407407407408 0.05677083333333333 0.09444444444444444
0 0.0328125 0.6421296296296296 0.034375 0.10277777777777777
0 0.9776041666666667 0.7625 0.0375 0.10648148148148148
0 0.7208333333333333 0.5074074074074074 0.03229166666666667 0.12962962962962962
0 0.0078125 0.44675925925925924 0.015625 0.0824074074074074
0 0.1234375 0.26064814814814813 0.06770833333333333 0.06759259259259259
