0 0.15494791666666666 0.48657407407407405 0.05260416666666667 0.11944444444444445
0 0.43697916666666664 0.5745370370370371 0.071875 0.12685185185185185
0 0.14505208333333333 0.8134259259259259 0.05364583333333333 0.08611111111111111
0 0.95234375 0.7861111111111111 0.0484375 0.07407407407407407
0 0.35208333333333336 0.9009259259259259 0.06979166666666667 0.10555555555555556
0 0.34713541666666664 0.5898148148148148 0.06510416666666667 0.08888888888888889
0 0.49505208333333334 0.7138888888888889 0.059895833333333336 0.09814814814814815
0 0.2828125 0.6782407407407407 0.0625 0.05462962962962963
0 0.25104166666666666 0.8138888888888889 0.05520833333333333 0.07962962962962963
0 0.7794270833333333 0.5722222222222222 0.06197916666666667 0.07962962962962963
0 0.08619791666666667 0.39490740740740743 0.03802083333333333 0.10833333333333334
0 0.05572916666666667 0.549537037037037 0.04895833333333333 0.07314814814814814
0 0.9796875 0.41712962962962963 0.03854166666666667 0.06759259259259259
0 0.56953125 0.6972222222222222 0.06927083333333334 0.08888888888888889
0 0.9065104166666667 0.7902777777777777 0.049479166666666664 0.08796296296296297
0 0.28046875 0.7481481481481481 0.050520833333333334 0.07962962962962963
0 0.05130208333333333 0.6458333333333334 0.0609375 0.09351851851851851
0 0.013802083333333333 0.8023148148148148 0.0265625 0.0712962962962963
0 0.023697916666666666 0.7486111111111111 0.034895833333333334 0.08055555555555556
0 0.8692708333333333 0.7638888888888888 0.03333333333333333 0.07777777777777778
0 0.27111235119047616 0.5894510582010583 0.04650297619047616 0.11904761904761903
0 0.7798549107142857 0.4662698412698412 0.05859375 0.06779100529100525
