0 0.92265625 0.48518518518518516 0.05260416666666667 0.11851851851851852
0 0.7140625 0.7523148148148148 0.04895833333333333 0.09907407407407408
0 0.89609375 0.8097222222222222 0.059895833333333336 0.06574074074074074
0 0.05286458333333333 0.8342592592592593 0.06302083333333333 0.09074074074074075
0 0.9427083333333334 0.7097222222222223 0.04479166666666667 0.11018518518518519
0 0.07005208333333333 0.7305555555555555 0.028645833333333332 0.10185185185185185
0 0.7888020833333333 0.5671296296296297 0.059895833333333336 0.11018518518518519
0 0.048177083333333336 0.6097222222222223 0.0328125 0.11203703703703703
0 0.93046875 0.6138888888888889 0.059895833333333336 0.06296296296296296
0 0.11796875 0.7578703703703704 0.04635416666666667 0.08611111111111111
0 0.878125 0.40324074074074073 0.041666666666666664 0.10462962962962963
0 0.84609375 0.34444444444444444 0.0640625 0.0962962962962963
0 0.01796875 0.7509259259259259 0.03177083333333333 0.08333333333333333
0 0.8651041666666667 0.3736111111111111 0.027083333333333334 0.04351851851851852
