0 0.24921875 0.8462962962962963 0.049479166666666664 0.09814814814814815
0 0.9408854166666667 0.7185185185185186 0.04114583333333333 0.11296296296296296
0 0.9161458333333333 0.08935185185185185 0.06979166666666667 0.075
0 0.17447916666666666 0.8921296296296296 0.046875 0.08981481481481482
0 0.9799479166666667 0.33796296296296297 0.0390625 0.07777777777777778
0 0.2765625 0.6060185185185185 0.071875 0.07314814814814814
0 0.7625 0.30972222222222223 0.06458333333333334 0.09722222222222222
0 0.8223958333333333 0.44722222222222224 0.06354166666666666 0.1425925925925926
0 0.840625 0.6435185185185185 0.051041666666666666 0.11851851851851852
0 0.7151041666666667 0.8217592592592593 0.042708333333333334 0.05277777777777778
0 0.043229166666666666 0.7486111111111111 0.040625 0.09351851851851851
0 0.13411458333333334 0.6287037037037037 0.05572916666666667 0.08333333333333333
0 0.18020833333333333 0.7550925925925925 0.036458333333333336 0.125
0 0.4625 0.5537037037037037 0.034375 0.15185185185185185
0 0.18516002415458935 0.6426462694578636 0.036382850241545896 0.1274825550187869
