0 0.8473958333333333 0.6407407407407407 0.052083333333333336 0.11296296296296296
0 0.17526041666666667 0.8425925925925926 0.049479166666666664 0.08333333333333333
0 0.24609375 0.8486111111111111 0.05260416666666667 0.08981481481481482
0 0.9802083333333333 0.3962962962962963 0.03854166666666667 0.11481481481481481
0 0.9403645833333333 0.7175925925925926 0.04010416666666667 0.10740740740740741
0 0.11276041666666667 0.17546296296296296 0.058854166666666666 0.09537037037037037
0 0.14322916666666666 0.6180555555555556 0.05416666666666667 0.075
0 0.25703125 0.6666666666666666 0.033854166666666664 0.10555555555555556
0 0.89296875 0.7916666666666666 0.0453125 0.07962962962962963
0 0.7174479166666666 0.825 0.0328125 0.05
0 0.6950520833333333 0.3648148148148148 0.08385416666666666 0.1
0 0.115625 0.7398148148148148 0.023958333333333335 0.11666666666666667
0 0.17613485090521835 0.771802153591291 0.03644169329073484 0.0745473908413205
0 0.8087782972440944 0.44674103237095364 0.07966289370078741 0.13852435112277625
0 0.8794070512820513 0.08052389996834441 0.09036680911680908 0.10960747071858185
