0 0.07239583333333334 0.512962962962963 0.058333333333333334 0.0962962962962963
0 0.04010416666666667 0.6365740740740741 0.0375 0.09351851851851851
0 0.2598958333333333 0.8925925925925926 0.06354166666666666 0.09444444444444444
0 0.5078125 0.5189814814814815 0.06770833333333333 0.10833333333333334
0 0.13619791666666667 0.43194444444444446 0.05260416666666667 0.10092592592592593
0 0.24583333333333332 0.6046296296296296 0.03958333333333333 0.10185185185185185
0 0.23385416666666667 0.5351851851851852 0.04791666666666667 0.08888888888888889
0 0.6307291666666667 0.712037037037037 0.05520833333333333 0.11296296296296296
0 0.2484375 0.9222222222222223 0.0010416666666666667 0.003703703703703704
0 0.34921875 0.9092592592592592 0.06510416666666667 0.09074074074074075
0 0.013802083333333333 0.8037037037037037 0.027604166666666666 0.06851851851851852
0 0.27109375 0.737037037037037 0.06197916666666667 0.08333333333333333
0 0.17838541666666666 0.5592592592592592 0.04739583333333333 0.09444444444444444
0 0.68671875 0.6578703703703703 0.06302083333333333 0.08611111111111111
0 0.08880208333333334 0.7231481481481481 0.0328125 0.09259259259259259
0 0.13802083333333334 0.7462962962962963 0.030208333333333334 0.11851851851851852
0 0.7359375 0.6523148148148148 0.057291666666666664 0.09907407407407408
0 0.45807291666666666 0.8097222222222222 0.0671875 0.075
0 0.5747395833333333 0.6319444444444444 0.034895833333333334 0.10833333333333334
0 0.20885416666666667 0.6990740740740741 0.03125 0.1
0 0.017447916666666667 0.7037037037037037 0.03177083333333333 0.07037037037037037
0 0.021875 0.7560185185185185 0.036458333333333336 0.04722222222222222
0 0.5994791666666667 0.5157407407407407 0.07083333333333333 0.046296296296296294
0 0.22245762711864406 0.9333804143126179 0.05473163841807909 0.07140615191462658
