0 0.15364583333333334 0.475462962962963 0.05 0.10277777777777777
0 0.19036458333333334 0.8777777777777778 0.08802083333333334 0.08703703703703704
0 0.21901041666666668 0.7791666666666667 0.0484375 0.08055555555555556
0 0.16510416666666666 0.5953703703703703 0.06145833333333333 0.08333333333333333
0 0.34453125 0.9046296296296297 0.06302083333333333 0.1
0 0.37734375 0.8273148148148148 0.06197916666666667 0.075
0 0.8942708333333333 0.6731481481481482 0.052083333333333336 0.07592592592592592
0 0.8471354166666667 0.8222222222222222 0.058854166666666666 0.037037037037037035
0 0.21848958333333332 0.6958333333333333 0.05572916666666667 0.07314814814814814
0 0.09010416666666667 0.7467592592592592 0.022916666666666665 0.10648148148148148
0 0.9731770833333333 0.6509259259259259 0.0296875 0.1111111111111111
0 0.0953125 0.5472222222222223 0.03229166666666667 0.1037037037037037
0 0.01328125 0.4009259259259259 0.025520833333333333 0.08888888888888889
0 0.4901041666666667 0.8300925925925926 0.029166666666666667 0.041666666666666664
0 0.42135416666666664 0.7976851851851852 0.03333333333333333 0.07685185185185185
0 0.46067708333333335 0.7550925925925925 0.028645833333333332 0.11574074074074074
0 0.8674479166666667 0.7666666666666667 0.0296875 0.08333333333333333
0 0.9653645833333333 0.7537037037037037 0.03177083333333333 0.07407407407407407
0 0.26510416666666664 0.8101851851851852 0.05625 0.046296296296296294
0 0.27417452830188677 0.69138714185884 0.06780660377358488 0.08822501747030047
0 0.3825176886792453 0.7293850454227812 0.057488207547169816 0.06638714185883998
0 0.6819968553459119 0.5376484975541579 0.06878930817610053 0.06726065688329838
