0 0.07630208333333334 0.34120370370370373 0.0546875 0.11574074074074074
0 0.21640625 0.7777777777777778 0.0390625 0.08333333333333333
0 0.41744791666666664 0.8379629629629629 0.0671875 0.08148148148148149
0 0.35390625 0.9069444444444444 0.07135416666666666 0.09166666666666666
0 0.20208333333333334 0.6810185185185185 0.058333333333333334 0.06388888888888888
0 0.5111979166666667 0.8134259259259259 0.05260416666666667 0.07314814814814814
0 0.21614583333333334 0.6060185185185185 0.05416666666666667 0.09722222222222222
0 0.13984375 0.8199074074074074 0.05677083333333333 0.08611111111111111
0 0.14322916666666666 0.5634259259259259 0.05625 0.09166666666666666
0 0.6065104166666667 0.5824074074074074 0.0640625 0.10185185185185185
0 0.9453125 0.7185185185185186 0.04479166666666667 0.10555555555555556
0 0.09348958333333333 0.5398148148148149 0.0296875 0.1037037037037037
0 0.34088541666666666 0.8050925925925926 0.0265625 0.0712962962962963
0 0.8903645833333333 0.6837962962962963 0.0484375 0.07314814814814814
0 0.12213541666666666 0.6337962962962963 0.030729166666666665 0.09907407407407408
0 0.86796875 0.7847222222222222 0.033854166666666664 0.08981481481481482
0 0.08359375 0.7458333333333333 0.0265625 0.10833333333333334
0 0.440625 0.7560185185185185 0.06354166666666666 0.06388888888888888
0 0.9049479166666666 0.8050925925925926 0.0328125 0.049074074074074076
0 0.015885416666666666 0.7453703703703703 0.0265625 0.09074074074074075
0 0.94921875 0.7981481481481482 0.022395833333333334 0.05
0 0.24635416666666668 0.8060185185185185 0.030208333333333334 0.05092592592592592
0 0.14729817708333334 0.4624807098765432 0.04828559027777778 0.08198302469135799
