0 0.9416666666666667 0.7074074074074074 0.042708333333333334 0.11481481481481481
0 0.8296875 0.4842592592592593 0.046875 0.11481481481481481
0 0.96171875 0.8041666666666667 0.0578125 0.08055555555555556
0 0.04505208333333333 0.6351851851851852 0.050520833333333334 0.05740740740740741
0 0.8380208333333333 0.36666666666666664 0.057291666666666664 0.09444444444444444
0 0.26848958333333334 0.8472222222222222 0.0671875 0.09074074074074075
0 0.9072916666666667 0.3023148148148148 0.058333333333333334 0.11388888888888889
0 0.07786458333333333 0.7606481481481482 0.027604166666666666 0.08055555555555556
0 0.9380208333333333 0.3375 0.03854166666666667 0.11944444444444445
0 0.05807291666666667 0.6902777777777778 0.030729166666666665 0.09537037037037037
0 0.34036458333333336 0.25601851851851853 0.034895833333333334 0.13796296296296295
0 0.11223958333333334 0.7856481481481481 0.0390625 0.05277777777777778
0 0.37578125 0.8481481481481481 0.034895833333333334 0.13518518518518519
0 0.012239583333333333 0.8027777777777778 0.0234375 0.06296296296296296
0 0.0234375 0.7055555555555556 0.035416666666666666 0.10185185185185185
