0 0.38558089339339335 0.8481398064731397 0.08094031531531533 0.10969302635969302
0 0.48270927177177175 0.7090423757090423 0.07484046546546542 0.11928595261928594
0 0.5315080705705706 0.8189439439439439 0.04715653153153158 0.06214547881214548
0 0.7148554804804804 0.8003837170503836 0.05818318318318324 0.09259259259259259
0 0.7826576576576575 0.7872455789122454 0.07460585585585579 0.1113613613613613
0 0.7845345345345345 0.6777610944277611 0.06850600600600601 0.10593927260593927
0 0.871938961988304 0.8160737491877842 0.02375730994152055 0.03451916829109812
0 0.9330455043859648 0.7076429499675113 0.05413925438596496 0.11086744639376216
0 0.9700520833333334 0.79658057179987 0.041803728070175454 0.08243989603638732
0 0.9781980994152045 0.5003248862897984 0.04256213450292409 0.11289798570500324
0 0.2222360557768924 0.8429245979046776 0.0776062416998672 0.10329054153755353
0 0.09597028552456839 0.8231887265751807 0.07490869853917663 0.09111701342777047
0 0.05343210491367862 0.6769219418621809 0.036728087649402386 0.10255275195514237
0 0.20982752732240434 0.618548876745598 0.0550717213114754 0.1011940902651285
0 0.29676053113553114 0.12235449735449735 0.0486492673992674 0.1154863654863655
