0 0.9372395833333333 0.7060185185185185 0.04739583333333333 0.11203703703703703
0 0.8552083333333333 0.7949074074074074 0.051041666666666666 0.0824074074074074
0 0.80234375 0.6810185185185185 0.04739583333333333 0.11574074074074074
0 0.62734375 0.7939814814814815 0.04114583333333333 0.09351851851851851
0 0.9520833333333333 0.8 0.029166666666666667 0.06111111111111111
0 0.6677083333333333 0.7791666666666667 0.036458333333333336 0.12314814814814815
0 0.59296875 0.7273148148148149 0.0640625 0.0712962962962963
0 0.13072916666666667 0.3138888888888889 0.028125 0.12962962962962962
0 0.37890625 0.48564814814814816 0.050520833333333334 0.11574074074074074
0 0.3622494103773584 0.8311495457721872 0.059699292452830184 0.06988120195667359
0 0.3234325864779874 0.80472571628232 0.03513168238993713 0.07555904961565336
0 0.07180606617647059 0.6280637254901961 0.04174325980392157 0.11505991285403049
