0 0.4583333333333333 0.5833333333333334 0.05520833333333333 0.1111111111111111
0 0.134375 0.5018518518518519 0.04895833333333333 0.11481481481481481
0 0.24765625 0.8314814814814815 0.05572916666666667 0.08148148148148149
0 0.9794270833333333 0.5675925925925925 0.03177083333333333 0.10925925925925926
0 0.22473958333333333 0.6847222222222222 0.049479166666666664 0.08796296296296297
0 0.3453125 0.9018518518518519 0.06875 0.1037037037037037
0 0.10234375 0.30833333333333335 0.049479166666666664 0.12037037037037036
0 0.228125 0.5736111111111111 0.057291666666666664 0.09722222222222222
0 0.05677083333333333 0.5231481481481481 0.05625 0.0962962962962963
0 0.4075520833333333 0.7152777777777778 0.06614583333333333 0.09907407407407408
0 0.3502604166666667 0.7087962962962963 0.034895833333333334 0.10833333333333334
0 0.06692708333333333 0.6990740740740741 0.050520833333333334 0.06851851851851852
0 0.9197916666666667 0.7023148148148148 0.05416666666666667 0.09537037037037037
0 0.234375 0.7814814814814814 0.04479166666666667 0.05925925925925926
0 0.12552083333333333 0.6143518518518518 0.027083333333333334 0.11574074074074074
0 0.6515625 0.6240740740740741 0.07708333333333334 0.07407407407407407
0 0.32578125 0.8060185185185185 0.0765625 0.07685185185185185
0 0.34817708333333336 0.4935185185185185 0.0453125 0.12037037037037036
0 0.8697916666666666 0.7694444444444445 0.030208333333333334 0.05925925925925926
0 0.011979166666666667 0.5800925925925926 0.022916666666666665 0.08981481481481482
0 0.21666666666666667 0.8185185185185185 0.0010416666666666667 0.0
0 0.008333333333333333 0.8245370370370371 0.0 0.000925925925925926
0 0.7704402515723269 0.5280398322851153 0.03930817610062896 0.1179245283018868
