0 0.26650601160862347 0.6218905472636815 0.04327321724709785 0.11332227750138191
0 0.21493756003842457 0.8493435798911302 0.05703650336215178 0.1013982281993809
0 0.16653158021133527 0.7837015690041625 0.062289865513928934 0.07684918347742561
0 0.13020833333333334 0.7192603266090297 0.04818083573487032 0.11981001174084746
0 0.08217759365994236 0.7743622585121144 0.03767411143131605 0.06137261180488851
0 0.04412824207492795 0.71765930195325 0.02701729106628242 0.0947272921336322
0 0.10709353986551393 0.643478492902124 0.040676032660902986 0.11554061265876825
0 0.04780559558117194 0.5753015263101718 0.04157660902977905 0.090191055608923
0 0.08585494716618634 0.361431316042267 0.07144572526416908 0.11073753869142917
0 0.016188063063063064 0.5374124124124124 0.029091591591591588 0.10135135135135137
0 0.8341157010014306 0.6564934032745191 0.05297746781115874 0.1184231441742171
0 0.8765870886981403 0.6346367827054522 0.02972997138769671 0.10252742012398665
0 0.9359352646638054 0.7057701478302336 0.046942060085836936 0.11603878556668258
0 0.9243115164520744 0.8466460022254013 0.06214234620886974 0.08464473056747737
0 0.9824302575107297 0.6378159275154983 0.03084763948497849 0.06994118582101418
