0 0.921875 0.8101851851851852 0.059375 0.06296296296296296
0 0.03984375 0.8319444444444445 0.06302083333333333 0.07314814814814814
0 0.59765625 0.6050925925925926 0.0640625 0.10833333333333334
0 0.8955729166666667 0.6606481481481481 0.05677083333333333 0.08611111111111111
0 0.93828125 0.7078703703703704 0.04739583333333333 0.10833333333333334
0 0.796875 0.6722222222222223 0.051041666666666666 0.10555555555555556
0 0.10546875 0.7944444444444444 0.03802083333333333 0.06111111111111111
0 0.7643229166666666 0.7375 0.06197916666666667 0.06574074074074074
0 0.23333333333333334 0.8101851851851852 0.051041666666666666 0.044444444444444446
0 0.81015625 0.8143518518518519 0.05677083333333333 0.05277777777777778
0 0.9471354166666667 0.5925925925925926 0.0546875 0.05740740740740741
0 0.0625 0.5592592592592592 0.052083333333333336 0.1037037037037037
0 0.06167763157894736 0.7748538011695907 0.04550438596491227 0.05896686159844049
