0 0.4609375 0.5856481481481481 0.058333333333333334 0.11203703703703703
0 0.13359375 0.5013888888888889 0.043229166666666666 0.11574074074074074
0 0.22083333333333333 0.562962962962963 0.05520833333333333 0.09814814814814815
0 0.22682291666666668 0.6819444444444445 0.04635416666666667 0.09537037037037037
0 0.41484375 0.7134259259259259 0.06822916666666666 0.075
0 0.7669270833333334 0.5111111111111111 0.05260416666666667 0.14814814814814814
0 0.34661458333333334 0.9087962962962963 0.06822916666666666 0.08981481481481482
0 0.24661458333333333 0.825 0.0578125 0.07592592592592592
0 0.09869791666666666 0.3560185185185185 0.0484375 0.14351851851851852
0 0.06041666666666667 0.5199074074074074 0.051041666666666666 0.09537037037037037
0 0.062239583333333334 0.6976851851851852 0.049479166666666664 0.07685185185185185
0 0.3515625 0.7064814814814815 0.036458333333333336 0.1037037037037037
0 0.6643229166666667 0.6018518518518519 0.06614583333333333 0.07592592592592592
0 0.9822916666666667 0.5587962962962963 0.030208333333333334 0.11388888888888889
0 0.9143229166666667 0.7203703703703703 0.0484375 0.08888888888888889
0 0.12708333333333333 0.6185185185185185 0.03333333333333333 0.12407407407407407
0 0.23776041666666667 0.7736111111111111 0.049479166666666664 0.05648148148148148
0 0.31302083333333336 0.8134259259259259 0.0625 0.07685185185185185
0 0.8934895833333333 0.8125 0.03802083333333333 0.04722222222222222
0 0.2640625 0.4861111111111111 0.03125 0.13148148148148148
0 0.015104166666666667 0.7680555555555556 0.027083333333333334 0.13425925925925927
0 0.0125 0.6055555555555555 0.023958333333333335 0.03888888888888889
0 0.8645833333333334 0.7851851851851852 0.04479166666666667 0.09074074074074075
