0 0.18723958333333332 0.8041666666666667 0.05260416666666667 0.04537037037037037
0 0.7692708333333333 0.799074074074074 0.03958333333333333 0.09074074074074075
0 0.103125 0.7953703703703704 0.046875 0.07592592592592592
0 0.11744791666666667 0.5481481481481482 0.05677083333333333 0.11296296296296296
0 0.94296875 0.7078703703703704 0.04635416666666667 0.11018518518518519
0 0.03854166666666667 0.8407407407407408 0.051041666666666666 0.08888888888888889
0 0.7567708333333333 0.4962962962962963 0.03125 0.13333333333333333
0 0.8375 0.7453703703703703 0.0625 0.05925925925925926
0 0.17526041666666667 0.575462962962963 0.030729166666666665 0.11018518518518519
0 0.8145833333333333 0.5893518518518519 0.035416666666666666 0.13055555555555556
0 0.13203125 0.6731481481481482 0.04010416666666667 0.10740740740740741
0 0.8364583333333333 0.38101851851851853 0.06041666666666667 0.11388888888888889
0 0.049479166666666664 0.7527777777777778 0.03333333333333333 0.07407407407407407
0 0.2677083333333333 0.075 0.04375 0.13518518518518519
0 0.1766454646017699 0.7195386758439855 0.039869100294985256 0.09894296951819073
0 0.8761650219298244 0.8246020142949967 0.05642361111111107 0.0434535412605588
0 0.8769645467836256 0.3977826510721247 0.037006578947368376 0.1173651721897336
