0 0.05390625 0.8814814814814815 0.06927083333333334 0.07777777777777778
0 0.22083333333333333 0.7671296296296296 0.06354166666666666 0.10462962962962963
0 0.09973958333333334 0.8384259259259259 0.05572916666666667 0.07314814814814814
0 0.16380208333333332 0.7402777777777778 0.03697916666666667 0.08796296296296297
0 0.06828952074391988 0.3165236051502146 0.034200643776824045 0.10530917183277695
0 0.07030132331902719 0.8013431886822444 0.04627145922746781 0.05364806866952795
0 0.03520654506437768 0.7939914163090129 0.03196530758226037 0.036560165315530135
0 0.47300960346964066 0.8340217540961036 0.04259603469640645 0.08949469916012667
0 0.7564668525402726 0.8409059617238056 0.05460037174721191 0.05851576483546744
0 0.9094253407682776 0.6772339253751893 0.054600371747211794 0.06712102437009507
0 0.9621863382899628 0.7536486300426821 0.04317688971499389 0.08501996420212031
0 0.9557969330855018 0.6749965578961862 0.028849132589838906 0.10739363899215204
