0 0.19088541666666667 0.8472222222222222 0.059895833333333336 0.07592592592592592
0 0.30130208333333336 0.6111111111111112 0.0609375 0.10555555555555556
0 0.9744791666666667 0.45601851851851855 0.05 0.11388888888888889
0 0.20963541666666666 0.7643518518518518 0.04114583333333333 0.11018518518518519
0 0.8723958333333334 0.7662037037037037 0.06041666666666667 0.075
0 0.05234375 0.3050925925925926 0.06197916666666667 0.10277777777777777
0 0.9091145833333333 0.6791666666666667 0.05364583333333333 0.06574074074074074
0 0.9697916666666667 0.6694444444444444 0.04791666666666667 0.06111111111111111
0 0.9763020833333333 0.5907407407407408 0.044270833333333336 0.07037037037037037
0 0.6903645833333333 0.8634259259259259 0.0515625 0.04351851851851852
0 0.10598958333333333 0.8671296296296296 0.0640625 0.075
0 0.039322916666666666 0.7967592592592593 0.044270833333333336 0.058333333333333334
0 0.0838514397905759 0.8183052162109753 0.04553883071553228 0.03975179367849522
0 0.08098821989528796 0.7863098700795035 0.04090314136125654 0.03878223773511738
