0 0.5223958333333333 0.8430555555555556 0.06770833333333333 0.0824074074074074
0 0.14479166666666668 0.6731481481481482 0.051041666666666666 0.08518518518518518
0 0.11875 0.7152777777777778 0.05 0.0824074074074074
0 0.36171875 0.9092592592592592 0.0609375 0.09074074074074075
0 0.16276041666666666 0.4791666666666667 0.05364583333333333 0.11203703703703703
0 0.07135416666666666 0.5365740740740741 0.0375 0.11018518518518519
0 0.15494791666666666 0.6 0.0578125 0.08518518518518518
0 0.04401041666666667 0.7175925925925926 0.043229166666666666 0.08703703703703704
0 0.35520833333333335 0.8208333333333333 0.04479166666666667 0.07685185185185185
0 0.20859375 0.7685185185185185 0.0296875 0.1
0 0.0859375 0.7532407407407408 0.025 0.09722222222222222
0 0.019791666666666666 0.7486111111111111 0.036458333333333336 0.06574074074074074
0 0.05546875 0.8083333333333333 0.0515625 0.08518518518518518
0 0.5744791666666667 0.8189814814814815 0.04583333333333333 0.062037037037037036
0 0.87109375 0.7490740740740741 0.024479166666666666 0.09444444444444444
0 0.6166666666666667 0.799537037037037 0.029166666666666667 0.10462962962962963
0 0.14036458333333332 0.4898148148148148 0.0005208333333333333 0.0
0 0.8765625 0.8125 0.04895833333333333 0.03796296296296296
0 0.10853203275529864 0.3478912438450011 0.043051541425818886 0.08777563690858485
0 0.11982177263969171 0.4878505673303361 0.03733140655105972 0.10971954613573108
