0 0.020833333333333332 0.6398148148148148 0.036458333333333336 0.08703703703703704
0 0.8270833333333333 0.4773148148148148 0.04479166666666667 0.11574074074074074
0 0.9411458333333333 0.7083333333333334 0.042708333333333334 0.11296296296296296
0 0.09739583333333333 0.6851851851851852 0.0375 0.09259259259259259
0 0.14583333333333334 0.7921296296296296 0.036458333333333336 0.06574074074074074
0 0.2635416666666667 0.8513888888888889 0.06875 0.0824074074074074
0 0.22369791666666666 0.7981481481481482 0.04010416666666667 0.05925925925925926
0 0.9716145833333333 0.8115740740740741 0.05260416666666667 0.062037037037037036
0 0.8127604166666667 0.8180555555555555 0.0296875 0.04722222222222222
0 0.09869791666666666 0.7861111111111111 0.0453125 0.05
0 0.04088541666666667 0.7111111111111111 0.027604166666666666 0.09444444444444444
0 0.9536458333333333 0.29259259259259257 0.03229166666666667 0.1259259259259259
0 0.24296875 0.6097222222222223 0.058854166666666666 0.08981481481481482
0 0.2760416666666667 0.8 0.03229166666666667 0.06296296296296296
0 0.9890625 0.41944444444444445 0.020833333333333332 0.1037037037037037
0 0.07161458333333333 0.49537037037037035 0.027604166666666666 0.1111111111111111
0 0.3834124795751634 0.867488198983297 0.04684946895424839 0.16044843863471311
0 0.8147689768976899 0.344013568023469 0.06755363036303627 0.11596993032636593
0 0.9101046823432344 0.2880913091309131 0.0604630775577558 0.11459479281261459
