0 0.40106682769726254 0.6933261764179639 0.07497987117552339 0.11272141706924317
0 0.44019223027375204 0.7783145464304886 0.06365740740740738 0.13866523528359276
0 0.3675347222222223 0.8640432098765432 0.09861111111111114 0.09537037037037037
0 0.56640625 0.8646604938271604 0.08802083333333334 0.08858024691358021
0 0.6411458333333333 0.6820987654320987 0.05590277777777786 0.09814814814814815
0 0.6270833333333333 0.5768518518518518 0.06944444444444452 0.10679012345679005
0 0.7088302414605417 0.6736683680146577 0.05576413427561846 0.13807093312393665
0 0.8098682273262662 0.6509291977489857 0.05097909305064784 0.12858264625049076
0 0.9338191990577148 0.7047506870828426 0.054475853945818525 0.1092788901976181
0 0.8846805064782096 0.8194280853291454 0.044905771495877524 0.08343148802512765
0 0.9647379269729093 0.48586572438162545 0.05742049469964658 0.1276010993325481
0 0.779777679623086 0.7996335558173014 0.0633097762073028 0.08899358722680277
0 0.7333995877502945 0.3052610914801727 0.06993521790341575 0.09553723334642061
0 0.09330830388692579 0.7804933909174191 0.04637809187279152 0.06903546656196838
0 0.06607037691401649 0.7219277581468394 0.043801531213191996 0.09717314487632507
0 0.2114620141342756 0.7476115691663394 0.054475853945818616 0.08833922261484094
0 0.31130373969375735 0.5688064389477816 0.041409010600706724 0.14036120926580287
0 0.3496036135693215 0.7530317928548017 0.029037610619469 0.12782694198623404
