0 0.42203712710765245 0.7054330595186628 0.08086089494163425 0.12321660181582356
0 0.4324740596627757 0.8981841763942932 0.10659857328145268 0.09655569966854016
0 0.2616326199740597 0.861255224095691 0.07133592736705578 0.08538694336359703
0 0.13253891050583658 0.7250684536676755 0.053096627756160836 0.09907767689868857
0 0.8108381971465629 0.8054114425709757 0.07376783398184182 0.07529903444300327
0 0.8069876783398183 0.6859778066003748 0.05431258106355384 0.1253782965845223
0 0.7045436121919586 0.6697650958351348 0.06708009079118031 0.1369073353509151
0 0.6514469844357978 0.6567949272229429 0.055325875486381314 0.1253782965845223
0 0.6527642671854735 0.8091944084161984 0.07255188067444879 0.08574722582504693
0 0.6050380998702984 0.5850987173944373 0.07680771725032425 0.11529038766392853
0 0.7077861543450065 0.2824614497766249 0.07194390402075221 0.16140654272949995
0 0.882883430609598 0.8115362444156219 0.06708009079118031 0.09907767689868857
0 0.9340547989623865 0.7075947542873613 0.055528534370946875 0.11745208243262716
0 0.968304150453956 0.45017293558149596 0.06120298313878081 0.1415910073497622
