0 0.04088541666666667 0.8416666666666667 0.05677083333333333 0.08703703703703704
0 0.7713541666666667 0.8055555555555556 0.052083333333333336 0.07592592592592592
0 0.17213541666666668 0.7236111111111111 0.028645833333333332 0.09537037037037037
0 0.8341145833333333 0.4148148148148148 0.0609375 0.1111111111111111
0 0.14453125 0.649537037037037 0.0359375 0.09907407407407408
0 0.8174479166666667 0.5828703703703704 0.033854166666666664 0.1361111111111111
0 0.18619791666666666 0.7962962962962963 0.04739583333333333 0.05925925925925926
0 0.06901041666666667 0.6106481481481482 0.027604166666666666 0.10648148148148148
0 0.08255208333333333 0.7087962962962963 0.030729166666666665 0.07685185185185185
0 0.12005208333333334 0.7166666666666667 0.025520833333333333 0.09074074074074075
0 0.8768229166666667 0.4046296296296296 0.0328125 0.1111111111111111
0 0.07135416666666666 0.7814814814814814 0.0375 0.05185185185185185
0 0.9533854166666667 0.7064814814814815 0.04114583333333333 0.11296296296296296
0 0.91171875 0.7671296296296296 0.0296875 0.10277777777777777
0 0.016927083333333332 0.7578703703703704 0.028645833333333332 0.08981481481481482
0 0.7949172576832152 0.7364722878907276 0.0535608747044917 0.10244286840031523
0 0.8542959515366432 0.8126477541371159 0.061502659574468176 0.07092198581560277
0 0.1397797334924423 0.7969813488906567 0.043133452665075574 0.059886855829576556
