0 0.8653645833333333 0.7726851851851851 0.05260416666666667 0.08796296296296297
0 0.28411458333333334 0.6217592592592592 0.05677083333333333 0.13055555555555556
0 0.05625 0.3087962962962963 0.05520833333333333 0.10092592592592593
0 0.9700520833333334 0.6689814814814815 0.050520833333333334 0.06759259259259259
0 0.20442708333333334 0.8518518518518519 0.05260416666666667 0.07777777777777778
0 0.9088541666666666 0.6796296296296296 0.05520833333333333 0.07777777777777778
0 0.9830729166666666 0.45185185185185184 0.0328125 0.11296296296296296
0 0.09661458333333334 0.8597222222222223 0.0671875 0.0787037037037037
0 0.04010416666666667 0.7962962962962963 0.046875 0.05925925925925926
0 0.6940104166666666 0.8611111111111112 0.04114583333333333 0.03148148148148148
0 0.08489583333333334 0.7921296296296296 0.04375 0.05462962962962963
0 0.18645833333333334 0.3458333333333333 0.052083333333333336 0.08981481481481482
0 0.21770833333333334 0.7847222222222222 0.042708333333333334 0.11388888888888889
0 0.976136982570806 0.5991285403050108 0.04595588235294119 0.04478334543694018
