0 0.6463738207547168 0.511006289308176 0.08598663522012574 0.09870719776380152
0 0.3277439024390244 0.7222222222222222 0.059959349593495935 0.0975609756097561
0 0.33149279448621555 0.8274157616262879 0.07557957393483712 0.08563074352548031
0 0.06303146258503402 0.879251700680272 0.048256802721088426 0.09486016628873772
0 0.05516581632653061 0.8136810279667422 0.034651360544217684 0.0839002267573697
0 0.06930272108843537 0.7520786092214663 0.031037414965986384 0.09901738473167046
0 0.09555697278911565 0.7764550264550263 0.025297619047619055 0.06311413454270605
0 0.1565688775510204 0.7978080120937263 0.04528061224489797 0.05668934240362807
0 0.7279459635416666 0.8256172839506174 0.07405598958333333 0.06847993827160498
0 0.8620323129251701 0.6046863189720333 0.060055272108843503 0.1379440665154951
0 0.8932557397959184 0.6583049886621315 0.044908588435374125 0.12046485260770973
0 0.9355070153061225 0.7043650793650794 0.05288052721088429 0.11999244142101283
