0 0.32835144927536236 0.69354983002326 0.06340579710144928 0.09080336375022369
0 0.3458383655394525 0.4204687779567007 0.06667673107890502 0.11003757380568971
0 0.16417572463768118 0.6709608158883522 0.052586553945249616 0.13061370549293255
0 0.07183474235104671 0.7060744319198426 0.02742552334943639 0.10690642333154417
0 0.11925670219638242 0.8177217915590008 0.06369105297157622 0.08541487223657761
0 0.08958131459948321 0.788921188630491 0.04673368863049096 0.054730117714613814
0 0.9687903746770026 0.4984029572207867 0.04542151162790695 0.1160996267585415
0 0.9341186208010336 0.7080821131208729 0.053597383720930244 0.1098191214470284
0 0.5522246447028424 0.5975452196382428 0.06480135658914724 0.09115704852138962
0 0.5612080103359174 0.8137740453631926 0.04441214470284235 0.07644272179155899
0 0.7788671023965141 0.8226670297748729 0.06978485838779953 0.07156257564754301
0 0.8279718137254901 0.7455821834906802 0.05480664488017422 0.084725248123941
0 0.01744621459694989 0.6473916727184701 0.034211601307189546 0.09985475671750174
0 0.15315122044241036 0.41571319603356216 0.026935545385202146 0.1228917704890245
