0 0.86015625 0.8106481481481481 0.0453125 0.07685185185185185
0 0.053385416666666664 0.8425925925925926 0.04739583333333333 0.08333333333333333
0 0.8244791666666667 0.44074074074074077 0.05520833333333333 0.10555555555555556
0 0.16640625 0.7875 0.0265625 0.06388888888888888
0 0.8197916666666667 0.6129629629629629 0.058333333333333334 0.10555555555555556
0 0.87578125 0.4300925925925926 0.0390625 0.10092592592592593
0 0.9375 0.7083333333333334 0.04791666666666667 0.10925925925925926
0 0.76953125 0.6800925925925926 0.0578125 0.08981481481481482
0 0.07083333333333333 0.7064814814814815 0.029166666666666667 0.09259259259259259
0 0.8033854166666666 0.8162037037037037 0.05677083333333333 0.05277777777777778
0 0.28229166666666666 0.49444444444444446 0.03958333333333333 0.12037037037037036
0 0.20078125 0.8060185185185185 0.05260416666666667 0.041666666666666664
0 0.9270833333333334 0.549074074074074 0.028125 0.1425925925925926
0 0.016666666666666666 0.8439814814814814 0.03229166666666667 0.075
0 0.12369791666666667 0.7907407407407407 0.04010416666666667 0.046296296296296294
0 0.1390625 0.7268518518518519 0.022916666666666665 0.10925925925925926
0 0.024739583333333332 0.7652777777777777 0.033854166666666664 0.05462962962962963
0 0.1171875 0.7953703703703704 0.0010416666666666667 0.001851851851851852
0 0.8909078807241747 0.6583540409419005 0.04459531416400419 0.1263164122589043
