0 0.91796875 0.4759259259259259 0.0609375 0.08888888888888889
0 0.59375 0.5328703703703703 0.08229166666666667 0.11018518518518519
0 0.8966145833333333 0.675 0.05364583333333333 0.07777777777777778
0 0.85625 0.6018518518518519 0.05520833333333333 0.0962962962962963
0 0.78203125 0.8453703703703703 0.03802083333333333 0.05740740740740741
0 0.09375 0.6337962962962963 0.04583333333333333 0.09907407407407408
0 0.09427083333333333 0.5504629629629629 0.05520833333333333 0.0712962962962963
0 0.04505208333333333 0.562037037037037 0.044270833333333336 0.07592592592592592
0 0.9513020833333333 0.5657407407407408 0.0515625 0.12407407407407407
0 0.0796875 0.46435185185185185 0.04583333333333333 0.08981481481481482
0 0.64140625 0.8430555555555556 0.059895833333333336 0.06944444444444445
0 0.20052083333333334 0.7601851851851852 0.025 0.08518518518518518
0 0.028385416666666666 0.6212962962962963 0.05260416666666667 0.06111111111111111
0 0.21796875 0.7296296296296296 0.024479166666666666 0.14074074074074075
0 0.11276041666666667 0.7662037037037037 0.0296875 0.06388888888888888
0 0.8075520833333333 0.6944444444444444 0.0671875 0.10555555555555556
0 0.19348958333333333 0.8282407407407407 0.030729166666666665 0.041666666666666664
0 0.07866753472222224 0.7660590277777778 0.029839409722222217 0.11622299382716053
0 0.07469315245478035 0.7227964398507034 0.050872093023255814 0.04234855010048814
0 0.04017280361757106 0.7978036175710594 0.03835594315245478 0.05526844674131502
0 0.1551734744094488 0.7927785068533101 0.036806922572178484 0.08949402158063573
0 0.26595967202141896 0.8039565670087757 0.022381191432396245 0.08106500074371563
0 0.27035224230254346 0.8610367395507957 0.05166499330655959 0.07548713372006546
0 0.9526909722222221 0.8232431149097814 0.01969818376068382 0.06054131054131052
0 0.974392361111111 0.7822886989553657 0.03705929487179489 0.07953466286799621
