0 0.11875 0.4648148148148148 0.05416666666666667 0.11666666666666667
0 0.23020833333333332 0.9287037037037037 0.0625 0.1037037037037037
0 0.7591145833333334 0.7083333333333334 0.0546875 0.1037037037037037
0 0.11302083333333333 0.8652777777777778 0.06875 0.08055555555555556
0 0.029166666666666667 0.6314814814814815 0.052083333333333336 0.09074074074074075
0 0.9372395833333333 0.8277777777777777 0.05572916666666667 0.05185185185185185
0 0.6427083333333333 0.836574074074074 0.052083333333333336 0.08055555555555556
0 0.43307291666666664 0.8291666666666667 0.044270833333333336 0.08981481481481482
0 0.16119791666666666 0.5583333333333333 0.04739583333333333 0.08703703703703704
0 0.8359375 0.7078703703703704 0.06041666666666667 0.09166666666666666
0 0.18854166666666666 0.6365740740740741 0.04791666666666667 0.09722222222222222
0 0.19635416666666666 0.8305555555555556 0.0375 0.08148148148148149
0 0.9309895833333334 0.6337962962962963 0.0390625 0.13055555555555556
0 0.7 0.8587962962962963 0.035416666666666666 0.03796296296296296
0 0.08567708333333333 0.6953703703703704 0.027604166666666666 0.09259259259259259
0 0.16875 0.7083333333333334 0.052083333333333336 0.06481481481481481
0 0.8934895833333333 0.675 0.043229166666666666 0.11481481481481481
0 0.9872395833333333 0.22453703703703703 0.022395833333333334 0.14166666666666666
0 0.040625 0.799074074074074 0.04479166666666667 0.06481481481481481
0 0.07239583333333334 0.8004629629629629 0.034375 0.05092592592592592
0 0.5800743177387915 0.8617608836907082 0.06061159844054582 0.03411306042884992
0 0.6722100389863549 0.7009421702404158 0.04751461988304098 0.1434914446610354
