0 0.15416666666666667 0.8453703703703703 0.06875 0.07962962962962963
0 0.10182291666666667 0.7134259259259259 0.0453125 0.11018518518518519
0 0.9388020833333334 0.7069444444444445 0.04739583333333333 0.11388888888888889
0 0.82890625 0.8162037037037037 0.06302083333333333 0.049074074074074076
0 0.8088541666666667 0.6981481481481482 0.05625 0.09814814814814815
0 0.31197916666666664 0.8231481481481482 0.06875 0.07592592592592592
0 0.14557291666666666 0.6722222222222223 0.030729166666666665 0.09814814814814815
0 0.9846354166666667 0.6995370370370371 0.027604166666666666 0.09907407407407408
0 0.05286458333333333 0.7578703703703704 0.025520833333333333 0.07685185185185185
0 0.18151041666666667 0.6476851851851851 0.025520833333333333 0.11944444444444445
0 0.7291666666666666 0.8199074074074074 0.023958333333333335 0.05277777777777778
0 0.00625 0.4486111111111111 0.011458333333333333 0.09537037037037037
0 0.40896420187793425 0.7107459572248306 0.06272007042253526 0.11019822639540942
