0 0.909375 0.6587962962962963 0.04479166666666667 0.10648148148148148
0 0.7971354166666667 0.8462962962962963 0.0515625 0.04814814814814815
0 0.8911458333333333 0.7490740740740741 0.05520833333333333 0.06666666666666667
0 0.17864583333333334 0.662962962962963 0.040625 0.1037037037037037
0 0.11067708333333333 0.8421296296296297 0.04635416666666667 0.0712962962962963
0 0.11380208333333333 0.6782407407407407 0.0296875 0.10833333333333334
0 0.06640625 0.8361111111111111 0.04114583333333333 0.08333333333333333
0 0.07578125 0.7050925925925926 0.04635416666666667 0.058333333333333334
0 0.07473958333333333 0.7652777777777777 0.024479166666666666 0.06018518518518518
0 0.11380208333333333 0.42268518518518516 0.0515625 0.12314814814814815
0 0.033854166666666664 0.7953703703703704 0.025 0.05925925925925926
0 0.11041666666666666 0.4203703703703704 0.025 0.12037037037037036
0 0.4554758430609598 0.793702262573858 0.04803015564202339 0.08718835567084587
0 0.10264672503242543 0.793702262573858 0.023305771725032422 0.033866551376279065
0 0.14591439688715954 0.8070327136474997 0.0344520103761349 0.03602824614497769
0 0.22181014915693903 0.777309410577893 0.02614299610894942 0.11565067012537832
