0 0.19401041666666666 0.8976851851851851 0.05260416666666667 0.08611111111111111
0 0.22994791666666667 0.9430555555555555 0.0703125 0.10092592592592593
0 0.6213541666666667 0.6712962962962963 0.04583333333333333 0.11666666666666667
0 0.3885416666666667 0.6652777777777777 0.06979166666666667 0.11018518518518519
0 0.039322916666666666 0.6361111111111111 0.0484375 0.08518518518518518
0 0.2559895833333333 0.5398148148148149 0.0609375 0.08333333333333333
0 0.3453125 0.9064814814814814 0.06979166666666667 0.0962962962962963
0 0.140625 0.4310185185185185 0.034375 0.11203703703703703
0 0.8716145833333333 0.7893518518518519 0.0515625 0.08796296296296297
0 0.15833333333333333 0.5523148148148148 0.036458333333333336 0.10092592592592593
0 0.19583333333333333 0.5078703703703704 0.041666666666666664 0.11203703703703703
0 0.6671875 0.43425925925925923 0.07291666666666667 0.1
0 0.08958333333333333 0.5953703703703703 0.026041666666666668 0.10740740740740741
0 0.7205729166666667 0.6092592592592593 0.0421875 0.1111111111111111
0 0.013541666666666667 0.8032407407407407 0.026041666666666668 0.06759259259259259
0 0.29921875 0.7958333333333333 0.0359375 0.0787037037037037
0 0.56953125 0.8231481481481482 0.027604166666666666 0.053703703703703705
0 0.016927083333333332 0.6935185185185185 0.0328125 0.06111111111111111
0 0.013020833333333334 0.737037037037037 0.023958333333333335 0.053703703703703705
0 0.00859375 0.825 0.0026041666666666665 0.007407407407407408
0 0.6589865819209041 0.5700721908349027 0.032662429378531144 0.11064030131826744
0 0.25315241228070173 0.6120857699805068 0.02330043859649121 0.08674463937621826
0 0.10131538929440388 0.7748715869153824 0.04524026763990267 0.058799675587996744
0 0.171875 0.8085016835016835 0.03409090909090908 0.021043771043771062
0 0.10058842239185749 0.44882668928470454 0.020674300254452924 0.09047215154085382
0 0.7871756487025948 0.6359503215790642 0.031187624750498934 0.09980039920159685
