0 0.25128711685823757 0.8540868454661558 0.07632902298850576 0.09897828863346103
0 0.2481441570881226 0.7654853128991059 0.0377155172413793 0.084610472541507
0 0.3614403735632184 0.7255747126436782 0.06974377394636017 0.11653895274584927
0 0.41457136015325674 0.8125798212005109 0.04849137931034484 0.097914005959983
0 0.7168941570881225 0.8075244785014901 0.06525383141762452 0.07822477650063857
0 0.7683788314176245 0.7817156236696466 0.052083333333333336 0.11068539804171985
0 0.7833453065134098 0.6406981694338016 0.05507662835249043 0.111749680715198
0 0.8637152777777778 0.7513835674755215 0.05896791187739462 0.111749680715198
0 0.9325610632183907 0.7056194125159643 0.06076388888888893 0.12877820349084712
0 0.9795557950191571 0.7745317156236696 0.03621886973180087 0.10589612601106858
0 0.9780591475095785 0.5172413793103449 0.03921216475095797 0.1202639421030226
0 0.1484618380062305 0.8614572516441674 0.07690809968847351 0.08566978193146421
0 0.12418926886792452 0.6948812019566737 0.056259827044025164 0.08473095737246676
0 0.05036360062893082 0.6367924528301886 0.03292059748427672 0.09958071278825992
