0 0.5056980056980057 0.6671415004748339 0.07656695156695162 0.10446343779677124
0 0.5522432383040935 0.5961663417803769 0.06875913742690062 0.10152696556205328
0 0.46372441520467833 0.40874756335282647 0.07629751461988299 0.11005523066926576
0 0.09845577485380116 0.8296783625730993 0.050255847953216366 0.0909681611435998
0 0.14459978070175436 0.8304905782975958 0.055281432748538 0.08365821962313191
0 0.09240222953216373 0.7608430799220272 0.04637244152046782 0.0840643274853801
0 0.1276955409356725 0.5523066926575697 0.052540204678362575 0.11858349577647824
0 0.0759548611111111 0.6168778427550357 0.07058662280701755 0.131578947368421
0 0.12027138157894735 0.6830734243014944 0.03449378654970759 0.10802469135802466
0 0.05094115497076023 0.7192170240415854 0.04568713450292397 0.11939571150097462
0 0.2459110014619883 0.7906920077972708 0.03860562865497075 0.0869070825211176
0 0.6543539839181285 0.7115009746588693 0.05642361111111107 0.11614684860298893
0 0.7618329678362573 0.7728232618583495 0.05665204678362568 0.12020792722547102
0 0.811517726608187 0.8260233918128653 0.06738852339181291 0.0885315139701105
0 0.8288788377192982 0.7596247563352826 0.061906067251461985 0.06294671864847307
0 0.934987207602339 0.7019574398960363 0.050255847953216325 0.12305068226120852
0 0.9614857456140349 0.4907813515269655 0.05939327485380126 0.12305068226120852
0 0.3890661678403756 0.8204551382368285 0.0493324530516432 0.05770735524256652
