0 0.8291666666666667 0.8092592592592592 0.05416666666666667 0.05740740740740741
0 0.03333333333333333 0.8273148148148148 0.06145833333333333 0.075
0 0.9375 0.7064814814814815 0.04791666666666667 0.1111111111111111
0 0.8140625 0.7476851851851852 0.06041666666666667 0.07685185185185185
0 0.6609375 0.7902777777777777 0.06145833333333333 0.07685185185185185
0 0.7955729166666666 0.662962962962963 0.06302083333333333 0.08333333333333333
0 0.58671875 0.649074074074074 0.0390625 0.11851851851851852
0 0.9760416666666667 0.6041666666666666 0.0375 0.06944444444444445
0 0.2734375 0.8162037037037037 0.05416666666666667 0.05648148148148148
0 0.5338541666666666 0.05462962962962963 0.06354166666666666 0.10185185185185185
0 0.04296875 0.6921296296296297 0.04114583333333333 0.10092592592592593
0 0.6979166666666666 0.7097222222222223 0.06666666666666667 0.06574074074074074
0 0.052083333333333336 0.7800925925925926 0.023958333333333335 0.03981481481481482
0 0.9408854166666667 0.8125 0.033854166666666664 0.030555555555555555
0 0.8559895833333333 0.45601851851851855 0.0265625 0.1361111111111111
0 0.19199587264150944 0.6206324248777079 0.04839819182389936 0.11617749825297
