0 0.8989583333333333 0.7458333333333333 0.052083333333333336 0.06944444444444445
0 0.90703125 0.6611111111111111 0.0484375 0.10555555555555556
0 0.46041666666666664 0.799074074074074 0.058333333333333334 0.0962962962962963
0 0.10130208333333333 0.8351851851851851 0.0578125 0.08333333333333333
0 0.21692708333333333 0.7861111111111111 0.0328125 0.13333333333333333
0 0.1734375 0.6736111111111112 0.042708333333333334 0.09166666666666666
0 0.8080729166666667 0.85 0.0578125 0.04259259259259259
0 0.11458333333333333 0.6759259259259259 0.029166666666666667 0.10555555555555556
0 0.0734375 0.6875 0.04375 0.09166666666666666
0 0.3104166666666667 0.5101851851851852 0.035416666666666666 0.16666666666666666
0 0.05859375 0.8296296296296296 0.034895833333333334 0.08333333333333333
0 0.0765625 0.7712962962962963 0.03125 0.05740740740740741
0 0.03125 0.7912037037037037 0.028125 0.049074074074074076
0 0.8895833333333333 0.8347222222222223 0.0375 0.05092592592592592
0 0.14557291666666666 0.8134259259259259 0.0359375 0.058333333333333334
0 0.11605852601156069 0.3923142795975166 0.035826107899807315 0.0995504174694926
