0 0.40142034206468286 0.9005781537977088 0.0845947163874302 0.10147212729108217
0 0.4298975134408602 0.7121789127837516 0.0672043010752688 0.12806152927120676
0 0.24750084005376347 0.8553614097968937 0.06993447580645164 0.08736559139784948
0 0.11687247983870969 0.7168458781362007 0.0514532930107527 0.08512544802867378
0 0.6348706317204301 0.8047715053763441 0.06468413978494626 0.1026732377538829
0 0.6532468077956989 0.6403076463560334 0.05355342741935492 0.14411589008363201
0 0.5959131384408602 0.5910244922341696 0.07245463709677426 0.1344086021505376
0 0.7104754704301075 0.6757765830346475 0.05880376344086014 0.1299283154121864
0 0.8862567204301075 0.8157855436081242 0.0667842741935484 0.09259259259259259
0 0.9329847110215054 0.7075119474313023 0.05607358870967746 0.1314217443249702
0 0.8080267137096775 0.6826836917562724 0.052293346774193596 0.11312724014336913
0 0.8087617607526882 0.8144787933094386 0.06762432795698921 0.05264336917562726
0 0.7107904905913979 0.29177867383512546 0.06615423387096774 0.15718339307048984
0 0.9661123032904148 0.45143856302654584 0.06571888412017171 0.14226673024956288
