0 0.39947916666666666 0.7078703703703704 0.046875 0.11203703703703703
0 0.7169270833333333 0.5212962962962963 0.07135416666666666 0.10185185185185185
0 0.14765625 0.48842592592592593 0.034895833333333334 0.11388888888888889
0 0.965625 0.7398148148148148 0.035416666666666666 0.10185185185185185
0 0.22708333333333333 0.7870370370370371 0.036458333333333336 0.07592592592592592
0 0.0890625 0.7175925925925926 0.0375 0.10925925925925926
0 0.46432291666666664 0.7425925925925926 0.0484375 0.11666666666666667
0 0.24817708333333333 0.875462962962963 0.0578125 0.08981481481481482
0 0.3489583333333333 0.899074074074074 0.065625 0.10925925925925926
0 0.21875 0.6944444444444444 0.06458333333333334 0.06481481481481481
0 0.19192708333333333 0.6097222222222223 0.059895833333333336 0.06018518518518518
0 0.0984375 0.5449074074074074 0.0375 0.10833333333333334
0 0.3138020833333333 0.8032407407407407 0.0328125 0.06944444444444445
0 0.4122395833333333 0.8208333333333333 0.050520833333333334 0.04722222222222222
0 0.4875 0.825925925925926 0.034375 0.04814814814814815
0 0.8674479166666667 0.7685185185185185 0.033854166666666664 0.06666666666666667
0 0.92265625 0.6569444444444444 0.04635416666666667 0.06944444444444445
0 0.35859375 0.8175925925925925 0.0578125 0.05555555555555555
0 0.014322916666666666 0.7291666666666666 0.0265625 0.1287037037037037
0 0.8833333333333333 0.8171296296296297 0.06458333333333334 0.030555555555555555
0 0.028498427672955972 0.5127533193570929 0.054048742138364775 0.07337526205450741
0 0.3311713836477987 0.7206498951781971 0.0628930817610063 0.08036338225017474
0 0.9812303459119496 0.6306778476589797 0.031446540880503096 0.10132774283717683
