0 0.4479166666666667 0.8055555555555556 0.05 0.08518518518518518
0 0.28515625 0.42916666666666664 0.0609375 0.10462962962962963
0 0.20416666666666666 0.5388888888888889 0.059375 0.08703703703703704
0 0.24973958333333332 0.9273148148148148 0.06614583333333333 0.08796296296296297
0 0.029166666666666667 0.638425925925926 0.04895833333333333 0.08796296296296297
0 0.7817708333333333 0.6888888888888889 0.052083333333333336 0.08703703703703704
0 0.95859375 0.5851851851851851 0.025520833333333333 0.1388888888888889
0 0.03984375 0.7967592592592593 0.043229166666666666 0.06388888888888888
0 0.23932291666666666 0.8046296296296296 0.027604166666666666 0.07592592592592592
0 0.2859375 0.6027777777777777 0.041666666666666664 0.1259259259259259
0 0.19583333333333333 0.8291666666666667 0.035416666666666666 0.03796296296296296
0 0.9403645833333333 0.774074074074074 0.0453125 0.07777777777777778
0 0.0125 0.8055555555555556 0.022916666666666665 0.06851851851851852
0 0.23255208333333333 0.9430555555555555 0.0067708333333333336 0.008333333333333333
0 0.6302083333333334 0.6777777777777778 0.05416666666666667 0.10555555555555556
0 0.22838541666666667 0.8939814814814815 0.0453125 0.03796296296296296
0 0.10092542918454936 0.39739310125576216 0.02704756795422032 0.11524399936417101
0 0.08438394134477825 0.5497933555873471 0.026600500715307587 0.10054045461770782
0 0.24912821888412015 0.7049753616277222 0.05074213161659514 0.0755046892385949
0 0.25747811284046696 0.8538694336359707 0.06586413748378733 0.05188067444876786
0 0.6966621046228709 0.6788997026223303 0.06082725060827248 0.06826169234928359
0 0.9341659457900807 0.6380558759451492 0.03442185697808545 0.07785467128027684
0 0.8989583333333333 0.7246031746031746 0.05595238095238102 0.061904761904761935
