0 0.1799013687600644 0.6937734836285562 0.041767310789049925 0.11540526033279654
0 0.13020833333333334 0.7941939524065129 0.04302536231884059 0.05233494363929144
0 0.28532608695652173 0.6557523707282161 0.04881239935587762 0.09303989980318488
0 0.2757648953301127 0.48063159778135633 0.054851046698872793 0.12300948291286455
0 0.0714573268921095 0.7724995526927895 0.05686392914653784 0.08498837001252457
0 0.8494363929146539 0.733583825371265 0.0598832528180355 0.11182680264805872
0 0.9352355072463768 0.7058507783145466 0.05636070853462165 0.12435140454464128
0 0.9641706924315621 0.504786187153337 0.04227053140096615 0.1265879405976025
0 0.7864972014925373 0.8075076008844664 0.05771921641791036 0.07583609729132114
0 0.5503245491293532 0.5984832780541736 0.06559001865671643 0.09829325594250972
