0 0.16536458333333334 0.8787037037037037 0.07447916666666667 0.09444444444444444
0 0.3020833333333333 0.5777777777777777 0.065625 0.1037037037037037
0 0.1546875 0.43657407407407406 0.051041666666666666 0.10092592592592593
0 0.039322916666666666 0.6337962962962963 0.043229166666666666 0.08981481481481482
0 0.6328125 0.638425925925926 0.04375 0.11574074074074074
0 0.35598958333333336 0.6597222222222222 0.06302083333333333 0.08425925925925926
0 0.665625 0.5199074074074074 0.05520833333333333 0.10648148148148148
0 0.15911458333333334 0.5648148148148148 0.044270833333333336 0.09259259259259259
0 0.9708333333333333 0.4740740740740741 0.04895833333333333 0.08703703703703704
0 0.10598958333333333 0.7328703703703704 0.0546875 0.06574074074074074
0 0.0984375 0.4425925925925926 0.04895833333333333 0.11851851851851852
0 0.33880208333333334 0.9074074074074074 0.07135416666666666 0.09259259259259259
0 0.2908854166666667 0.7759259259259259 0.0390625 0.1111111111111111
0 0.6942708333333333 0.41712962962962963 0.071875 0.09537037037037037
0 0.86875 0.7856481481481481 0.04479166666666667 0.09166666666666666
0 0.08515625 0.5569444444444445 0.025520833333333333 0.10462962962962963
0 0.2716145833333333 0.6467592592592593 0.0578125 0.08425925925925926
0 0.07213541666666666 0.7638888888888888 0.027604166666666666 0.07222222222222222
0 0.015364583333333333 0.7222222222222222 0.030729166666666665 0.07592592592592592
0 0.9432291666666667 0.8092592592592592 0.028125 0.02962962962962963
0 0.7129615269736238 0.6133206200410501 0.06300403225806453 0.10752688172043011
0 0.014044943820224719 0.8224094881398252 0.025749063670411982 0.08635039533915932
0 0.6644388246628131 0.8046992078783987 0.0463631984585741 0.09045172339970027
