0 0.190625 0.9583333333333334 0.0625 0.07962962962962963
0 0.60078125 0.2101851851851852 0.0578125 0.12777777777777777
0 0.09739583333333333 0.6421296296296296 0.04791666666666667 0.08981481481481482
0 0.8919270833333334 0.7925925925925926 0.050520833333333334 0.10925925925925926
0 0.109375 0.7898148148148149 0.035416666666666666 0.07962962962962963
0 0.93359375 0.6162037037037037 0.0421875 0.14351851851851852
0 0.4393229166666667 0.836574074074074 0.0453125 0.0787037037037037
0 0.35963541666666665 0.7953703703703704 0.030729166666666665 0.11851851851851852
0 0.7739583333333333 0.7847222222222222 0.06354166666666666 0.08981481481481482
0 0.68828125 0.8629629629629629 0.06302083333333333 0.03518518518518519
0 0.7692708333333333 0.8550925925925926 0.03229166666666667 0.032407407407407406
0 0.1796875 0.7398148148148148 0.05 0.09444444444444444
0 0.3809895833333333 0.4912037037037037 0.0328125 0.12685185185185185
0 0.9903645833333333 0.45740740740740743 0.018229166666666668 0.14444444444444443
0 0.9895833333333334 0.6106481481481482 0.01875 0.10092592592592593
0 0.029166666666666667 0.5791666666666667 0.030208333333333334 0.12314814814814815
0 0.8515625 0.8467592592592592 0.030208333333333334 0.03425925925925926
0 0.12645914396887162 0.5458279290964115 0.023103112840466934 0.11096699812653117
0 0.09239783653846152 0.7419278252611586 0.02821180555555555 0.09021842355175691
0 0.03931290064102564 0.795346628679962 0.03555689102564103 0.05223171889838562
0 0.06977831196581195 0.8026175213675214 0.0220352564102564 0.04243827160493831
