0 0.46841825902335454 0.4972003536848485 0.07895435244161356 0.14619849055434161
0 0.4138153892944038 0.8531021897810218 0.07983576642335764 0.10847526358475269
0 0.44765054744525545 0.7645647472289808 0.06576946472019465 0.11928899702622331
0 0.4036458333333333 0.6821100297377669 0.06862074209245742 0.09225466342254654
0 0.66073600973236 0.6718031900513652 0.06652980535279802 0.1351716680183833
0 0.7179516423357664 0.6430792105974587 0.05474452554744526 0.12368207623682079
0 0.6271859793187348 0.5824209245742092 0.07356295620437953 0.11185455528521222
0 0.6366902372262774 0.8568194106515273 0.08306721411192217 0.08414436334144358
0 0.8873175182481752 0.8154230873208975 0.04105839416058395 0.08853744255204106
0 0.7873433147632312 0.7820076343753225 0.06441504178272979 0.1057464149386155
0 0.8329706360259981 0.7704013205405964 0.04453922934076135 0.1057464149386155
0 0.8009807335190343 0.6614309295367792 0.053679201485608154 0.1189002372846384
0 0.9338730269266481 0.7015371917878882 0.05280872794800378 0.11451562983596407
0 0.9713759285051069 0.4873362220158878 0.05614554317548747 0.07763334365005668
0 0.08849814298978644 0.7831682657587951 0.03859099350046426 0.05803156917363047
0 0.25824048282265555 0.740998658825957 0.06180362116991646 0.08717631280305374
0 0.7804739238410595 0.33173902379200393 0.06950193156732887 0.11344125582536183
0 0.32886904761904756 0.37367724867724866 0.042410714285714295 0.12962962962962957
0 0.057477678571428575 0.5697751322751322 0.027901785714285712 0.11309523809523807
0 0.3862847222222222 0.7365423021060277 0.03370098039215688 0.07330246913580243
