0 0.9377604166666667 0.7055555555555556 0.04739583333333333 0.1111111111111111
0 0.07005208333333333 0.6648148148148149 0.04635416666666667 0.08703703703703704
0 0.7979166666666667 0.6773148148148148 0.05520833333333333 0.11203703703703703
0 0.95625 0.8009259259259259 0.04583333333333333 0.040740740740740744
0 0.4828125 0.7328703703703704 0.07291666666666667 0.0824074074074074
0 0.390625 0.8032407407407407 0.057291666666666664 0.08796296296296297
0 0.05416666666666667 0.7310185185185185 0.030208333333333334 0.09351851851851851
0 0.4354166666666667 0.8287037037037037 0.042708333333333334 0.07222222222222222
0 0.07604166666666666 0.8347222222222223 0.04895833333333333 0.1361111111111111
0 0.8759719776995305 0.7443270735524257 0.05373386150234746 0.11215440792905577
