0 0.3450520833333333 0.9055555555555556 0.0671875 0.0962962962962963
0 0.9802083333333333 0.5800925925925926 0.030208333333333334 0.11203703703703703
0 0.14036458333333332 0.4652777777777778 0.0453125 0.10092592592592593
0 0.23098958333333333 0.5680555555555555 0.058854166666666666 0.09166666666666666
0 0.9408854166666667 0.6671296296296296 0.0453125 0.10277777777777777
0 0.42526041666666664 0.6620370370370371 0.05677083333333333 0.1
0 0.30442708333333335 0.7462962962962963 0.0359375 0.10925925925925926
0 0.09609375 0.5879629629629629 0.058854166666666666 0.05185185185185185
0 0.38385416666666666 0.749537037037037 0.06770833333333333 0.06944444444444445
0 0.86875 0.8180555555555555 0.053125 0.04351851851851852
0 0.22682291666666668 0.788425925925926 0.0296875 0.0787037037037037
0 0.49583333333333335 0.6689814814814815 0.07083333333333333 0.11574074074074074
0 0.09114583333333333 0.49398148148148147 0.052083333333333336 0.08611111111111111
0 0.1953125 0.6925925925925925 0.026041666666666668 0.1111111111111111
0 0.97109375 0.763425925925926 0.0421875 0.11018518518518519
0 0.8640625 0.774074074074074 0.042708333333333334 0.07592592592592592
0 0.09140625 0.7157407407407408 0.0515625 0.12037037037037036
0 0.22786458333333334 0.7018518518518518 0.04010416666666667 0.07222222222222222
0 0.2799893842887473 0.8533852323661241 0.02919320594479832 0.07313045529606033
0 0.32659899150743094 0.8144609577730597 0.04611199575371554 0.05071950931823545
0 0.33920514861995754 0.7805496579381929 0.023553609341825894 0.052488794527011
0 0.7520567940552018 0.5216442557206888 0.05838641188959658 0.07961783439490439
