0 0.5546016483516483 0.6597222222222222 0.060954670329670314 0.1142144892144892
0 0.6214488636363635 0.9413580246913579 0.11087436868686863 0.11293490460157118
0 0.5718315972222221 0.47295875420875416 0.04951862373737382 0.1259118967452301
0 0.756490688131313 0.6418350168350169 0.06530145202020196 0.07996632996632998
0 0.9330610795454545 0.7054924242424243 0.060566603535353515 0.1146885521885522
0 0.882260101010101 0.8184273288439955 0.029198232323232414 0.05787037037037037
0 0.9674873737373737 0.8070286195286195 0.05089962121212122 0.05892255892255891
0 0.984157986111111 0.5008417508417509 0.02979008838383829 0.12626262626262622
0 0.8858112373737372 0.05804573512906846 0.06628787878787877 0.10556958473625139
0 0.40946575126262624 0.8421015712682379 0.07990056818181822 0.127665544332211
0 0.40956439393939387 0.7289913019079686 0.03353851010101009 0.13994107744107742
0 0.47703598484848475 0.8619177890011223 0.05760732323232324 0.09995791245791238
0 0.1015625 0.5803755144032922 0.0407986111111111 0.12268518518518519
0 0.11335358796296295 0.7854938271604938 0.05338541666666665 0.06172839506172836
0 0.6575385481635482 0.7703857703857704 0.06399428274428279 0.11011011011011004
0 0.19802295918367344 0.18480725623582764 0.04868197278911565 0.11866969009826149
