0 0.5416666666666666 0.8425925925925926 0.057291666666666664 0.08518518518518518
0 0.16458333333333333 0.47824074074074074 0.05416666666666667 0.09537037037037037
0 0.12005208333333334 0.34814814814814815 0.06302083333333333 0.08703703703703704
0 0.13671875 0.6680555555555555 0.050520833333333334 0.06944444444444445
0 0.11875 0.712037037037037 0.051041666666666666 0.07592592592592592
0 0.209375 0.7643518518518518 0.034375 0.10462962962962963
0 0.3609375 0.9087962962962963 0.06145833333333333 0.08981481481481482
0 0.05130208333333333 0.725 0.04114583333333333 0.08518518518518518
0 0.3536458333333333 0.8212962962962963 0.053125 0.08703703703703704
0 0.6190104166666667 0.7893518518518519 0.0296875 0.10833333333333334
0 0.0890625 0.75 0.026041666666666668 0.1037037037037037
0 0.15 0.5921296296296297 0.0625 0.06388888888888888
0 0.8723958333333334 0.7361111111111112 0.029166666666666667 0.08333333333333333
0 0.58984375 0.8310185185185185 0.0453125 0.03981481481481482
0 0.013541666666666667 0.7578703703703704 0.025 0.06574074074074074
0 0.8627604166666667 0.8078703703703703 0.0515625 0.05277777777777778
0 0.13671875 0.7361111111111112 0.0026041666666666665 0.005555555555555556
0 0.15703125 0.638425925925926 0.0296875 0.03796296296296296
0 0.06843507751937984 0.5164369796152741 0.04804586563307493 0.09546368073499849
0 0.13020833333333334 0.5063881711168533 0.037548449612403105 0.08541487223657766
0 0.05006459948320414 0.7917025552684467 0.050064599483204124 0.06172839506172847
