0 0.028125 0.6356481481481482 0.04583333333333333 0.08796296296296297
0 0.44609375 0.8074074074074075 0.049479166666666664 0.09074074074074075
0 0.20625 0.5398148148148149 0.06041666666666667 0.07962962962962963
0 0.2546875 0.9287037037037037 0.06979166666666667 0.07962962962962963
0 0.7822916666666667 0.6925925925925925 0.053125 0.07962962962962963
0 0.23828125 0.8013888888888889 0.0359375 0.08796296296296297
0 0.24557291666666667 0.6916666666666667 0.0609375 0.1037037037037037
0 0.9450520833333333 0.7759259259259259 0.0484375 0.07407407407407407
0 0.28072916666666664 0.5592592592592592 0.03958333333333333 0.13333333333333333
0 0.8981770833333333 0.7106481481481481 0.043229166666666666 0.08055555555555556
0 0.68046875 0.6824074074074075 0.043229166666666666 0.1388888888888889
0 0.01953125 0.0625 0.027604166666666666 0.10092592592592593
0 0.04140625 0.7972222222222223 0.043229166666666666 0.06666666666666667
0 0.72578125 0.6717592592592593 0.0484375 0.05462962962962963
0 0.32760416666666664 0.3592592592592593 0.052083333333333336 0.10555555555555556
0 0.014583333333333334 0.8083333333333333 0.027083333333333334 0.06481481481481481
0 0.10103798586572438 0.3864023033634341 0.02208480565371024 0.11974872398900668
0 0.08613074204946995 0.5244732364873708 0.0268698468786808 0.10273524407800025
0 0.2734375 0.8453298188699648 0.0648190389294404 0.0402135712354691
0 0.2572802615571776 0.8774330900243308 0.07090176399026762 0.04697215463638819
0 0.934077380952381 0.6394179894179896 0.032738095238095254 0.07354497354497357
