0 0.19010416666666666 0.4981481481481482 0.04479166666666667 0.10925925925925926
0 0.41432291666666665 0.6398148148148148 0.05260416666666667 0.11296296296296296
0 0.2234375 0.6069444444444444 0.065625 0.08425925925925926
0 0.5184895833333333 0.7458333333333333 0.06302083333333333 0.11388888888888889
0 0.33541666666666664 0.9208333333333333 0.071875 0.08796296296296297
0 0.13139613309352516 0.8136857180921929 0.05520833333333333 0.08055555555555556
0 0.28098958333333335 0.5365740740740741 0.06510416666666667 0.10462962962962963
0 0.3809895833333333 0.7027777777777777 0.0640625 0.07777777777777778
0 0.6854166666666667 0.6310185185185185 0.05625 0.08611111111111111
0 0.2986979166666667 0.7476851851851852 0.0671875 0.06574074074074074
0 0.3020833333333333 0.8152777777777778 0.058333333333333334 0.06018518518518518
0 0.096875 0.5824074074074074 0.052083333333333336 0.08888888888888889
0 0.8921875 0.6287037037037037 0.0375 0.08333333333333333
0 0.7721354166666666 0.20925925925925926 0.033854166666666664 0.1388888888888889
0 0.16875 0.6111111111111112 0.03958333333333333 0.10925925925925926
0 0.22213541666666667 0.8032407407407407 0.05572916666666667 0.049074074074074076
0 0.6197916666666666 0.6583333333333333 0.06666666666666667 0.07037037037037037
0 0.10625 0.7185185185185186 0.036458333333333336 0.1037037037037037
0 0.03333333333333333 0.7856481481481481 0.058333333333333334 0.06759259259259259
0 0.022916666666666665 0.7189814814814814 0.041666666666666664 0.06944444444444445
0 0.6611979166666667 0.8305555555555556 0.0453125 0.037037037037037035
0 0.06458333333333334 0.7564814814814815 0.042708333333333334 0.07222222222222222
0 0.8369791666666667 0.8166666666666667 0.030208333333333334 0.037037037037037035
0 0.1762257362784471 0.8056299271158708 0.030747991967871466 0.030864197530864126
0 0.12733163759689922 0.6431686046511628 0.031189437984496138 0.0772502153316107
0 0.13464315181518152 0.5754492115878255 0.01681105610561057 0.06618995232856621
0 0.7236072097378277 0.8975239284228048 0.05278558052434465 0.08052434456928834
