0 0.6125 0.4439814814814815 0.07083333333333333 0.12129629629629629
0 0.8794270833333333 0.624537037037037 0.06197916666666667 0.06574074074074074
0 0.19427083333333334 0.8013888888888889 0.040625 0.07314814814814814
0 0.9791666666666666 0.5328703703703703 0.040625 0.1175925925925926
0 0.85 0.09861111111111111 0.06979166666666667 0.08055555555555556
0 0.8033854166666666 0.44583333333333336 0.07447916666666667 0.12129629629629629
0 0.94140625 0.7185185185185186 0.04114583333333333 0.1037037037037037
0 0.7072916666666667 0.8138888888888889 0.03125 0.06666666666666667
0 0.15833333333333333 0.5898148148148148 0.03125 0.12222222222222222
0 0.98515625 0.5824074074074074 0.027604166666666666 0.02962962962962963
0 0.07473958333333333 0.6675925925925926 0.0234375 0.1
0 0.094676428054953 0.8110388045312124 0.06575379609544468 0.07793042500200856
0 0.2487551510989011 0.8503764753764754 0.05566048534798531 0.09818884818884822
0 0.8856258366800535 0.7063438940948981 0.04769076305220885 0.1044920422430462
0 0.9762631704980843 0.8947956577266923 0.04340277777777786 0.10696040868454662
