0 0.21927083333333333 0.5583333333333333 0.06145833333333333 0.1037037037037037
0 0.023177083333333334 0.39351851851851855 0.043229166666666666 0.08888888888888889
0 0.46328125 0.587037037037037 0.06197916666666667 0.11666666666666667
0 0.13645833333333332 0.5018518518518519 0.05 0.1111111111111111
0 0.9072916666666667 0.8097222222222222 0.05 0.049074074074074076
0 0.19348958333333333 0.8143518518518519 0.06302083333333333 0.0787037037037037
0 0.11875 0.7351851851851852 0.041666666666666664 0.10185185185185185
0 0.24401041666666667 0.7930555555555555 0.044270833333333336 0.06574074074074074
0 0.225 0.6717592592592593 0.058333333333333334 0.06018518518518518
0 0.49166666666666664 0.6814814814814815 0.06979166666666667 0.06481481481481481
0 0.3111979166666667 0.8166666666666667 0.06822916666666666 0.07407407407407407
0 0.06484375 0.5310185185185186 0.0390625 0.11203703703703703
0 0.09375 0.5819444444444445 0.03333333333333333 0.09351851851851851
0 0.7776041666666667 0.524537037037037 0.059375 0.08796296296296297
0 0.9885416666666667 0.4476851851851852 0.021875 0.10092592592592593
0 0.9049479166666666 0.7412037037037037 0.03697916666666667 0.06944444444444445
0 0.3533854166666667 0.7976851851851852 0.034895833333333334 0.0787037037037037
0 0.050520833333333334 0.6949074074074074 0.05 0.05462962962962963
0 0.3541666666666667 0.6930555555555555 0.028125 0.13240740740740742
0 0.8731770833333333 0.7675925925925926 0.033854166666666664 0.06481481481481481
0 0.01484375 0.7523148148148148 0.028645833333333332 0.10277777777777777
0 0.011197916666666667 0.5810185185185185 0.0203125 0.04537037037037037
0 0.3451764861995753 0.8987968860580325 0.045448513800424625 0.07313045529606033
0 0.7021297770700637 0.5847487615003538 0.06867038216560507 0.06546355272469921
