0 0.6317708333333333 0.1310185185185185 0.06354166666666666 0.11574074074074074
0 0.4354166666666667 0.8347222222222223 0.040625 0.0824074074074074
0 0.16796875 0.9449074074074074 0.0005208333333333333 0.000925925925925926
0 0.19322916666666667 0.6921296296296297 0.04791666666666667 0.09537037037037037
0 0.77421875 0.788425925925926 0.06197916666666667 0.09351851851851851
0 0.24453125 0.8125 0.044270833333333336 0.07685185185185185
0 0.11927083333333334 0.7490740740740741 0.027083333333333334 0.0962962962962963
0 0.7546875 0.8555555555555555 0.058333333333333334 0.03518518518518519
0 0.09296875 0.7972222222222223 0.0265625 0.053703703703703705
0 0.9364583333333333 0.6300925925925925 0.0375 0.14166666666666666
0 0.528125 0.5962962962962963 0.04895833333333333 0.14444444444444443
0 0.10989583333333333 0.6611111111111111 0.04583333333333333 0.09074074074074075
0 0.035416666666666666 0.7962962962962963 0.03958333333333333 0.05740740740740741
0 0.27838541666666666 0.7587962962962963 0.050520833333333334 0.10833333333333334
0 0.9888020833333333 0.6277777777777778 0.021354166666666667 0.05740740740740741
0 0.06354166666666666 0.8064814814814815 0.036458333333333336 0.04259259259259259
0 0.078125 0.7240740740740741 0.022916666666666665 0.08518518518518518
0 0.9578125 0.5773148148148148 0.026041666666666668 0.10092592592592593
0 0.13798380726698264 0.5426101456907144 0.04393759873617695 0.07942776900122868
0 0.05998222748815166 0.6608741442864666 0.02715244865718799 0.11936106722836584
0 0.37386254789272033 0.8116929189726125 0.0480922733077905 0.10075209308925778
0 0.8890181737588653 0.8095285001313369 0.046727245862884105 0.0797872340425532
