0 0.17317708333333334 0.4981481481481482 0.049479166666666664 0.09814814814814815
0 0.5036458333333333 0.8402777777777778 0.07291666666666667 0.0787037037037037
0 0.153125 0.6856481481481481 0.051041666666666666 0.09351851851851851
0 0.15260416666666668 0.774074074074074 0.058333333333333334 0.07962962962962963
0 0.36744791666666665 0.9115740740740741 0.0609375 0.08611111111111111
0 0.07135416666666666 0.5407407407407407 0.046875 0.0962962962962963
0 0.21354166666666666 0.7731481481481481 0.03333333333333333 0.08888888888888889
0 0.10859375 0.3472222222222222 0.04635416666666667 0.1
0 0.5583333333333333 0.8092592592592592 0.034375 0.08518518518518518
0 0.16875 0.6013888888888889 0.06041666666666667 0.0787037037037037
0 0.07734375 0.8125 0.0578125 0.08055555555555556
0 0.13125 0.48842592592592593 0.04479166666666667 0.11018518518518519
0 0.01953125 0.7486111111111111 0.0359375 0.0787037037037037
0 0.5078125 0.7523148148148148 0.030208333333333334 0.10092592592592593
0 0.05390625 0.7282407407407407 0.03177083333333333 0.10462962962962963
0 0.6158854166666666 0.8134259259259259 0.025520833333333333 0.07685185185185185
0 0.8924479166666667 0.8064814814814815 0.022395833333333334 0.046296296296296294
0 0.8669270833333333 0.7800925925925926 0.043229166666666666 0.10277777777777777
0 0.09036458333333333 0.7490740740740741 0.03177083333333333 0.06851851851851852
0 0.35 0.8226851851851852 0.03333333333333333 0.04351851851851852
