0 0.8338541666666667 0.062037037037037036 0.06875 0.10925925925925926
0 0.9375 0.7064814814814815 0.04791666666666667 0.11296296296296296
0 0.175 0.85 0.057291666666666664 0.07962962962962963
0 0.21822916666666667 0.8013888888888889 0.027083333333333334 0.05648148148148148
0 0.8059895833333334 0.6810185185185185 0.0609375 0.08055555555555556
0 0.71875 0.6592592592592592 0.06666666666666667 0.06666666666666667
0 0.10390625 0.7902777777777777 0.030729166666666665 0.04351851851851852
0 0.34348958333333335 0.7111111111111111 0.06927083333333334 0.13703703703703704
0 0.012239583333333333 0.43703703703703706 0.022395833333333334 0.07592592592592592
0 0.16536458333333334 0.7967592592592593 0.0421875 0.049074074074074076
0 0.48723958333333334 0.125 0.0453125 0.13333333333333333
0 0.019270833333333334 0.7972222222222223 0.0375 0.05740740740740741
0 0.18359375 0.6217592592592592 0.0265625 0.12685185185185185
