0 0.92734375 0.6231481481481481 0.04635416666666667 0.10185185185185185
0 0.43515625 0.8282407407407407 0.04010416666666667 0.09351851851851851
0 0.09322916666666667 0.8180555555555555 0.053125 0.075
0 0.2643229166666667 0.7310185185185185 0.04114583333333333 0.09722222222222222
0 0.13020833333333334 0.48055555555555557 0.04895833333333333 0.13518518518518519
0 0.19635416666666666 0.8310185185185185 0.041666666666666664 0.06574074074074074
0 0.20833333333333334 0.9541666666666667 0.06979166666666667 0.07685185185185185
0 0.13046875 0.6212962962962963 0.043229166666666666 0.08518518518518518
0 0.7377604166666667 0.7625 0.04114583333333333 0.08611111111111111
0 0.06614583333333333 0.7055555555555556 0.05416666666666667 0.08148148148148149
0 0.15651041666666668 0.6981481481481482 0.03697916666666667 0.10925925925925926
0 0.08125 0.5842592592592593 0.03854166666666667 0.10740740740740741
0 0.026302083333333334 0.6101851851851852 0.034895833333333334 0.10740740740740741
0 0.8466145833333333 0.7273148148148149 0.04635416666666667 0.10648148148148148
0 0.39739583333333334 0.7083333333333334 0.030208333333333334 0.1259259259259259
0 0.9143229166666667 0.7078703703703704 0.04010416666666667 0.12685185185185185
0 0.7958333333333333 0.7402777777777778 0.029166666666666667 0.11018518518518519
0 0.6861979166666666 0.8629629629629629 0.050520833333333334 0.03333333333333333
0 0.06614583333333333 0.7791666666666667 0.0375 0.062037037037037036
0 0.6338541666666667 0.7300925925925926 0.035416666666666666 0.11388888888888889
0 0.8955729166666667 0.8412037037037037 0.0703125 0.03796296296296296
0 0.03697916666666667 0.7949074074074074 0.0375 0.058333333333333334
0 0.24173660188457008 0.6357152205208741 0.04104093050647819 0.12105745321293021
0 0.22104496481970096 0.6557216847454314 0.01937664907651717 0.09723443760383077
