0 0.30520833333333336 0.799074074074074 0.0375 0.07222222222222222
0 0.6690104166666667 0.9439814814814815 0.08385416666666666 0.11018518518518519
0 0.41796875 0.6217592592592592 0.05364583333333333 0.14907407407407408
0 0.4666666666666667 0.8180555555555555 0.052083333333333336 0.06388888888888888
0 0.68203125 0.6736111111111112 0.058854166666666666 0.062037037037037036
0 0.18229166666666666 0.48657407407407405 0.059375 0.09537037037037037
0 0.88984375 0.6064814814814815 0.0359375 0.11851851851851852
0 0.26588541666666665 0.5583333333333333 0.06197916666666667 0.1
0 0.6177083333333333 0.6416666666666667 0.035416666666666666 0.11851851851851852
0 0.33229166666666665 0.9175925925925926 0.06875 0.09074074074074075
0 0.6536458333333334 0.8319444444444445 0.05625 0.03796296296296296
0 0.9684895833333333 0.7546296296296297 0.0515625 0.1037037037037037
0 0.12473958333333333 0.5879629629629629 0.033854166666666664 0.1
0 0.14973958333333334 0.8138888888888889 0.05364583333333333 0.08148148148148149
0 0.196875 0.6018518518518519 0.0625 0.06296296296296296
0 0.27239583333333334 0.7351851851851852 0.04375 0.10925925925925926
0 0.5190104166666667 0.711574074074074 0.028645833333333332 0.11944444444444445
0 0.15390625 0.5888888888888889 0.024479166666666666 0.0962962962962963
0 0.02109375 0.7166666666666667 0.04010416666666667 0.07222222222222222
0 0.0515625 0.7912037037037037 0.035416666666666666 0.0712962962962963
0 0.2140625 0.3189814814814815 0.052083333333333336 0.11944444444444445
0 0.22395833333333334 0.8078703703703703 0.06354166666666666 0.03981481481481482
0 0.09739583333333333 0.788425925925926 0.05625 0.03981481481481482
0 0.09244791666666667 0.5666666666666667 0.0453125 0.06666666666666667
0 0.018489583333333334 0.7837962962962963 0.034895833333333334 0.06944444444444445
0 0.5924479166666666 0.16018518518518518 0.0640625 0.10740740740740741
0 0.8443771815008726 0.8083672677913515 0.02590532286212917 0.06253635834787671
