0 0.76640625 0.5212962962962963 0.0640625 0.09814814814814815
0 0.13255208333333332 0.5037037037037037 0.0484375 0.11296296296296296
0 0.46197916666666666 0.5851851851851851 0.06041666666666667 0.1111111111111111
0 0.228125 0.6787037037037037 0.051041666666666666 0.09259259259259259
0 0.34817708333333336 0.9027777777777778 0.0671875 0.1
0 0.24348958333333334 0.825 0.05364583333333333 0.07592592592592592
0 0.0578125 0.524537037037037 0.04375 0.09907407407407408
0 0.4276041666666667 0.7111111111111111 0.07291666666666667 0.07407407407407407
0 0.9833333333333333 0.5314814814814814 0.030208333333333334 0.11666666666666667
0 0.35651041666666666 0.6981481481481482 0.044270833333333336 0.11481481481481481
0 0.31145833333333334 0.8175925925925925 0.059375 0.06851851851851852
0 0.0609375 0.6958333333333333 0.046875 0.07685185185185185
0 0.09375 0.4125 0.035416666666666666 0.11574074074074074
0 0.66796875 0.5976851851851852 0.06614583333333333 0.08611111111111111
0 0.9153645833333334 0.7282407407407407 0.03697916666666667 0.08796296296296297
0 0.21822916666666667 0.5564814814814815 0.052083333333333336 0.08703703703703704
0 0.12213541666666666 0.637962962962963 0.027604166666666666 0.1037037037037037
0 0.24010416666666667 0.7717592592592593 0.046875 0.049074074074074076
0 0.346875 0.7967592592592593 0.04583333333333333 0.07685185185185185
0 0.2015625 0.48657407407407405 0.030208333333333334 0.09351851851851851
0 0.8713541666666667 0.787962962962963 0.05416666666666667 0.08703703703703704
0 0.8971354166666666 0.8134259259259259 0.03177083333333333 0.04537037037037037
0 0.014322916666666666 0.7828703703703703 0.0265625 0.10833333333333334
0 0.0125 0.5944444444444444 0.023958333333333335 0.046296296296296294
