0 0.12890625 0.5319444444444444 0.04739583333333333 0.10648148148148148
0 0.9078125 0.6541666666666667 0.042708333333333334 0.11388888888888889
0 0.2140625 0.8032407407407407 0.04791666666666667 0.08981481481481482
0 0.6791666666666667 0.8138888888888889 0.0010416666666666667 0.0
0 0.16015625 0.736574074074074 0.05677083333333333 0.075
0 0.4197916666666667 0.7481481481481481 0.065625 0.08888888888888889
0 0.1125 0.5981481481481481 0.03333333333333333 0.1037037037037037
0 0.834375 0.7486111111111111 0.05625 0.07314814814814814
0 0.8330729166666667 0.8361111111111111 0.05364583333333333 0.05740740740740741
0 0.7875 0.7944444444444444 0.036458333333333336 0.09814814814814815
0 0.03177083333333333 0.774537037037037 0.058333333333333334 0.10277777777777777
0 0.22109375 0.19444444444444445 0.0390625 0.13333333333333333
0 0.12864583333333332 0.8064814814814815 0.04895833333333333 0.03333333333333333
0 0.15079624781849912 0.6556622067093271 0.04581151832460732 0.06253635834787671
0 0.05467386561954625 0.6273026953655225 0.02590532286212915 0.09986426216792707
0 0.14247927574171027 0.8473918945123133 0.05699171029668411 0.06496024820632147
