0 0.30625 0.8009259259259259 0.0375 0.07037037037037037
0 0.14375 0.42824074074074076 0.04583333333333333 0.12685185185185185
0 0.6591145833333333 0.9449074074074074 0.0828125 0.10833333333333334
0 0.41901041666666666 0.6162037037037037 0.050520833333333334 0.16018518518518518
0 0.18020833333333333 0.4888888888888889 0.059375 0.07962962962962963
0 0.6747395833333333 0.675 0.059895833333333336 0.08703703703703704
0 0.27578125 0.7337962962962963 0.0359375 0.10833333333333334
0 0.26927083333333335 0.5615740740740741 0.059375 0.10277777777777777
0 0.8578125 0.7972222222222223 0.05416666666666667 0.07037037037037037
0 0.33177083333333335 0.9162037037037037 0.06770833333333333 0.09166666666666666
0 0.8830729166666667 0.6143518518518518 0.04635416666666667 0.125
0 0.121875 0.5958333333333333 0.034375 0.0824074074074074
0 0.1453125 0.8125 0.052083333333333336 0.08425925925925926
0 0.09296875 0.5537037037037037 0.05364583333333333 0.07222222222222222
0 0.19739583333333333 0.6064814814814815 0.06145833333333333 0.08888888888888889
0 0.6153645833333333 0.6259259259259259 0.0328125 0.12222222222222222
0 0.6536458333333334 0.8337962962962963 0.057291666666666664 0.03425925925925926
0 0.5127604166666667 0.7134259259259259 0.04635416666666667 0.12129629629629629
0 0.9734375 0.7314814814814815 0.042708333333333334 0.10555555555555556
0 0.05130208333333333 0.7916666666666666 0.03177083333333333 0.07222222222222222
0 0.021354166666666667 0.7134259259259259 0.040625 0.0712962962962963
0 0.15807291666666667 0.5736111111111111 0.0328125 0.075
0 0.4122395833333333 0.8268518518518518 0.050520833333333334 0.03888888888888889
0 0.01875 0.8037037037037037 0.034375 0.05925925925925926
0 0.09401041666666667 0.7800925925925926 0.043229166666666666 0.05277777777777778
0 0.0171875 0.7638888888888888 0.03125 0.03333333333333333
0 0.2146192528735632 0.8034573982849844 0.06388546798029555 0.039682539682539715
0 0.035552536231884056 0.7777777777777777 0.06114130434782608 0.05475040257648958
0 0.47541469194312796 0.8269703352641742 0.047393364928909956 0.04344391785150081
