0 0.9091145833333333 0.6569444444444444 0.0453125 0.10462962962962963
0 0.4466145833333333 0.7717592592592593 0.06927083333333334 0.09907407407407408
0 0.12890625 0.5152777777777777 0.04739583333333333 0.12129629629629629
0 0.7859375 0.8074074074074075 0.046875 0.1
0 0.21979166666666666 0.4527777777777778 0.051041666666666666 0.11851851851851852
0 0.11015625 0.30787037037037035 0.0421875 0.12314814814814815
0 0.12838541666666667 0.7337962962962963 0.050520833333333334 0.08425925925925926
0 0.8377604166666667 0.7564814814814815 0.0546875 0.07407407407407407
0 0.20494791666666667 0.8472222222222222 0.050520833333333334 0.08148148148148149
0 0.22109375 0.7944444444444444 0.028645833333333332 0.07037037037037037
0 0.018229166666666668 0.7333333333333333 0.035416666666666666 0.07037037037037037
0 0.22786458333333334 0.8439814814814814 0.0005208333333333333 0.002777777777777778
0 0.8549479166666667 0.8421296296296297 0.05364583333333333 0.04537037037037037
0 0.058355148342059335 0.6878999418266433 0.025087260034904017 0.09307737056428156
0 0.13238983420593367 0.6382101997285242 0.042266579406631775 0.0732014737250339
0 0.03833601573676681 0.7961770783659196 0.03554184549356223 0.05603242727706246
0 0.12802954847277556 0.8377600708277998 0.05146082337317397 0.06123653534012095
