0 0.1796875 0.537962962962963 0.04479166666666667 0.10740740740740741
0 0.13255208333333332 0.4699074074074074 0.043229166666666666 0.08981481481481482
0 0.21614583333333334 0.8671296296296296 0.05625 0.08611111111111111
0 0.35234375 0.9069444444444444 0.0671875 0.09351851851851851
0 0.13828125 0.7273148148148149 0.0390625 0.11018518518518519
0 0.22630208333333332 0.9546296296296296 0.0921875 0.08703703703703704
0 0.25807291666666665 0.5662037037037037 0.04635416666666667 0.10462962962962963
0 0.22994791666666667 0.537962962962963 0.04114583333333333 0.08888888888888889
0 0.04114583333333333 0.6287037037037037 0.040625 0.08888888888888889
0 0.51640625 0.7902777777777777 0.06822916666666666 0.08425925925925926
0 0.22994791666666667 0.7078703703703704 0.0640625 0.08425925925925926
0 0.7567708333333333 0.662962962962963 0.052083333333333336 0.10185185185185185
0 0.55 0.4634259259259259 0.07083333333333333 0.09537037037037037
0 0.05260416666666667 0.7416666666666667 0.029166666666666667 0.1
0 0.6333333333333333 0.6921296296296297 0.04479166666666667 0.125
0 0.709375 0.6657407407407407 0.051041666666666666 0.12407407407407407
0 0.01640625 0.8041666666666667 0.03177083333333333 0.06759259259259259
0 0.5901041666666667 0.600925925925926 0.059375 0.06481481481481481
0 0.5591145833333333 0.5532407407407407 0.07135416666666666 0.0712962962962963
0 0.03177083333333333 0.5449074074074074 0.052083333333333336 0.06759259259259259
0 0.5513020833333333 0.5912037037037037 0.0265625 0.03981481481481482
0 0.01782852564102564 0.7061965811965811 0.03325320512820513 0.07621082621082617
