0 0.92578125 0.9263888888888889 0.0796875 0.11203703703703703
0 0.9494791666666667 0.48518518518518516 0.057291666666666664 0.10925925925925926
0 0.8106770833333333 0.45046296296296295 0.0703125 0.11018518518518519
0 0.5486979166666667 0.5796296296296296 0.06510416666666667 0.12407407407407407
0 0.70625 0.8032407407407407 0.040625 0.08981481481481482
0 0.21770833333333334 0.8439814814814814 0.06979166666666667 0.0787037037037037
0 0.14661458333333333 0.5314814814814814 0.0390625 0.10555555555555556
0 0.93828125 0.6305555555555555 0.0453125 0.08703703703703704
0 0.8731770833333333 0.6523148148148148 0.058854166666666666 0.075
0 0.9411458333333333 0.7231481481481481 0.03958333333333333 0.1111111111111111
0 0.014583333333333334 0.8041666666666667 0.028125 0.07314814814814814
0 0.053385416666666664 0.7787037037037037 0.024479166666666666 0.04259259259259259
0 0.9846354166666667 0.6569444444444444 0.028645833333333332 0.08611111111111111
