0 0.16478825136612021 0.7996357012750455 0.04030054644808745 0.08925318761384336
0 0.05584016393442622 0.7040072859744991 0.04883879781420764 0.09836065573770483
0 0.4502219945355191 0.7404371584699454 0.04286202185792352 0.1098967820279295
0 0.5938353825136612 0.79538554948391 0.06745218579234967 0.10078931390406794
0 0.5744535519125683 0.5957802064359441 0.08743169398907108 0.14966605950212514
0 0.6557377049180327 0.663934426229508 0.05532786885245902 0.1250758955676989
0 0.7533299180327868 0.6962659380692167 0.05652322404371593 0.1326654523375834
0 0.8235997267759563 0.7258652094717667 0.061816939890710285 0.13054037644201585
0 0.8673155737704917 0.8169398907103824 0.08094262295081964 0.07528840315725557
0 0.9344262295081965 0.7021857923497267 0.05191256830601094 0.11961141469338182
0 0.9616632513661202 0.4672131147540983 0.0602800546448087 0.13539769277474198
0 0.26758879781420764 0.8816029143897995 0.09323770491803281 0.1062537947783849
0 0.6411121103117506 0.4555244693134381 0.08493205435651478 0.10724753530508922
