0 0.39616042673107893 0.8624083020218286 0.08076690821256041 0.1001968151726605
0 0.44472121578099844 0.7555018786902845 0.0712057165861514 0.12971909107174812
0 0.40370873590982287 0.6808015745213813 0.06617351046698877 0.09751297190910714
0 0.22737873134328357 0.7384374424175418 0.06037520729684909 0.09121061359867337
0 0.09095149253731342 0.7868067072047171 0.03834991708126035 0.06449235304956691
0 0.06400290215588722 0.6873042196425281 0.038868159203980096 0.09765984890363
0 0.5941645936981758 0.8667311590197162 0.09121061359867326 0.09351391192187211
0 0.6465070480928689 0.675557398194214 0.06633499170812603 0.13957987838584857
0 0.7063640132669984 0.654136723788465 0.05234245439469317 0.1271420674405749
0 0.6265547263681591 0.583886124930901 0.07203565505804312 0.13036668509305316
0 0.8138992537313432 0.6767090473558134 0.050269485903814255 0.12345679012345671
0 0.7804726368159204 0.794637921503593 0.07099917081260365 0.10226644555002769
0 0.832037728026534 0.7863460475400774 0.039904643449419554 0.10687304219642528
0 0.8883965588723051 0.8197438732264603 0.03809079601990047 0.07600884466556106
0 0.9338260719225449 0.7028968802827724 0.054028354080221185 0.11641309359151682
0 0.9672155947441217 0.4748732134624251 0.0598634163208852 0.10066082680190568
0 0.7501296680497925 0.30736130321192556 0.06656293222683267 0.10296603657599508
