0 0.18246527777777777 0.8521604938271604 0.07604166666666666 0.11419753086419757
0 0.19126157407407407 0.7481995884773662 0.062210648148148154 0.10853909465020571
0 0.13642939814814817 0.7800925925925926 0.060185185185185196 0.06944444444444445
0 0.04477719907407407 0.7533436213991769 0.043547453703703706 0.08641975308641968
0 0.04969618055555555 0.5783179012345678 0.03660300925925926 0.10313786008230444
0 0.7919560185185186 0.6602366255144033 0.06481481481481488 0.12345679012345671
0 0.755931712962963 0.7444701646090536 0.05844907407407405 0.10622427983539101
0 0.7195457175925927 0.7953960905349795 0.06293402777777773 0.04912551440329217
0 0.8935185185185185 0.7186213991769547 0.045428240740740713 0.11316872427983535
0 0.9378616898148148 0.7087191358024691 0.04962384259259262 0.10776748971193419
0 0.9888599537037037 0.7442129629629629 0.01851851851851857 0.11136831275720169
0 0.9793113425925927 0.5200617283950618 0.0390625 0.12808641975308646
0 0.28022540983606553 0.8081360048573163 0.056693989071038245 0.05707346690953243
