0 0.18802083333333333 0.5208333333333334 0.058333333333333334 0.075
0 0.22760416666666666 0.5986111111111111 0.052083333333333336 0.08611111111111111
0 0.026302083333333334 0.6407407407407407 0.04739583333333333 0.08888888888888889
0 0.24869791666666666 0.9300925925925926 0.06822916666666666 0.08425925925925926
0 0.440625 0.8101851851851852 0.046875 0.09259259259259259
0 0.9325520833333333 0.7555555555555555 0.050520833333333334 0.08148148148148149
0 0.62265625 0.7638888888888888 0.05677083333333333 0.10740740740740741
0 0.384375 0.2222222222222222 0.058333333333333334 0.11296296296296296
0 0.24895833333333334 0.663425925925926 0.05625 0.09907407407407408
0 0.8630208333333333 0.6995370370370371 0.06041666666666667 0.049074074074074076
0 0.93125 0.6305555555555555 0.040625 0.0962962962962963
0 0.7809895833333333 0.6916666666666667 0.050520833333333334 0.0962962962962963
0 0.038802083333333334 0.7981481481481482 0.04635416666666667 0.07037037037037037
0 0.20963541666666666 0.8930555555555556 0.0671875 0.08611111111111111
0 0.11171875 0.4212962962962963 0.0484375 0.1425925925925926
0 0.6731770833333334 0.8444444444444444 0.030729166666666665 0.06296296296296296
0 0.95625 0.8356481481481481 0.059375 0.03425925925925926
0 0.3893229166666667 0.5282407407407408 0.03697916666666667 0.13240740740740742
0 0.7325520833333333 0.39537037037037037 0.044270833333333336 0.13518518518518519
0 0.23307291666666666 0.8416666666666667 0.0421875 0.025925925925925925
0 0.17108769379844962 0.8099160206718345 0.05874515503875972 0.06029285099052549
0 0.07729227228682171 0.6447835917312661 0.018925629844961246 0.09932170542635653
