0 0.0671875 0.6402777777777777 0.04895833333333333 0.09351851851851851
0 0.9408854166666667 0.7111111111111111 0.044270833333333336 0.1111111111111111
0 0.9703125 0.8041666666666667 0.057291666666666664 0.0787037037037037
0 0.22552083333333334 0.8773148148148148 0.08229166666666667 0.0824074074074074
0 0.971875 0.3712962962962963 0.030208333333333334 0.1111111111111111
0 0.8549479166666667 0.3925925925925926 0.0515625 0.09259259259259259
0 0.10494791666666667 0.7138888888888889 0.0296875 0.09444444444444444
0 0.015104166666666667 0.8074074074074075 0.030208333333333334 0.07407407407407407
0 0.05677083333333333 0.7472222222222222 0.028125 0.10555555555555556
0 0.5442708333333334 0.5138888888888888 0.03229166666666667 0.15
0 0.8880208333333334 0.325 0.065625 0.07037037037037037
0 0.8153989779874213 0.5173392732354997 0.07026336477987426 0.15941649196366173
0 0.9355345911949686 0.4072763801537386 0.043238993710691766 0.14019916142557648
0 0.018571820175438594 0.5495857699805068 0.034950657894736836 0.11086744639376216
