0 0.24973958333333332 0.8319444444444445 0.059895833333333336 0.07685185185185185
0 0.45703125 0.5791666666666667 0.050520833333333334 0.11203703703703703
0 0.22473958333333333 0.5722222222222222 0.05572916666666667 0.09444444444444444
0 0.92578125 0.6893518518518519 0.058854166666666666 0.09722222222222222
0 0.1359375 0.4986111111111111 0.042708333333333334 0.10833333333333334
0 0.36432291666666666 0.586574074074074 0.0421875 0.1175925925925926
0 0.34296875 0.8981481481481481 0.07447916666666667 0.1111111111111111
0 0.22135416666666666 0.6837962962962963 0.05520833333333333 0.07685185185185185
0 0.9791666666666666 0.5712962962962963 0.036458333333333336 0.10925925925925926
0 0.34609375 0.7203703703703703 0.0390625 0.11296296296296296
0 0.1234375 0.6087962962962963 0.029166666666666667 0.11574074074074074
0 0.06067708333333333 0.5222222222222223 0.0484375 0.1
0 0.325 0.8078703703703703 0.07708333333333334 0.06944444444444445
0 0.07447916666666667 0.6995370370370371 0.052083333333333336 0.0712962962962963
0 0.7630208333333334 0.5162037037037037 0.053125 0.13240740740740742
0 0.63203125 0.6226851851851852 0.06614583333333333 0.0824074074074074
0 0.09947916666666666 0.25601851851851853 0.06145833333333333 0.13425925925925927
0 0.011458333333333333 0.5777777777777777 0.020833333333333332 0.06481481481481481
0 0.8700520833333333 0.7828703703703703 0.0328125 0.08611111111111111
0 0.23125 0.7824074074074074 0.04479166666666667 0.08148148148148149
0 0.018489583333333334 0.7439814814814815 0.018229166666666668 0.08981481481481482
0 0.3995281339031339 0.7316397594175372 0.05831552706552703 0.08784425451092122
