0 0.9372395833333333 0.7064814814814815 0.04739583333333333 0.1111111111111111
0 0.49921875 0.7212962962962963 0.0671875 0.08703703703703704
0 0.07109375 0.6486111111111111 0.03697916666666667 0.10092592592592593
0 0.9549479166666667 0.7953703703703704 0.0421875 0.05740740740740741
0 0.86953125 0.774537037037037 0.030729166666666665 0.10277777777777777
0 0.5705729166666667 0.8282407407407407 0.05677083333333333 0.04537037037037037
0 0.6513020833333333 0.8157407407407408 0.0421875 0.06481481481481481
0 0.08671875 0.2523148148148148 0.024479166666666666 0.1527777777777778
0 0.37838541666666664 0.7949074074074074 0.0515625 0.09722222222222222
0 0.8035613738738739 0.6869369369369369 0.05869932432432433 0.10910910910910908
0 0.030071924603174604 0.627066798941799 0.03224206349206349 0.09948192239858902
0 0.21044481981981983 0.7479979979979979 0.04983108108108108 0.1986986986986987
