0 0.19895833333333332 0.5921296296296297 0.05 0.10277777777777777
0 0.4231770833333333 0.8337962962962963 0.0703125 0.08796296296296297
0 0.12109375 0.8083333333333333 0.059895833333333336 0.08333333333333333
0 0.3611979166666667 0.913425925925926 0.08177083333333333 0.08055555555555556
0 0.21380208333333334 0.775 0.033854166666666664 0.08888888888888889
0 0.16041666666666668 0.575925925925926 0.042708333333333334 0.10185185185185185
0 0.07239583333333334 0.5398148148148149 0.03125 0.10555555555555556
0 0.18515625 0.6828703703703703 0.05677083333333333 0.062037037037037036
0 0.5078125 0.6828703703703703 0.06145833333333333 0.09907407407407408
0 0.91953125 0.7546296296296297 0.0421875 0.06481481481481481
0 0.48723958333333334 0.7842592592592592 0.06302083333333333 0.08518518518518518
0 0.10755208333333334 0.3768518518518518 0.0578125 0.08333333333333333
0 0.17109375 0.48333333333333334 0.058854166666666666 0.06296296296296296
0 0.8645833333333334 0.7175925925925926 0.04791666666666667 0.07407407407407407
0 0.08541666666666667 0.7476851851851852 0.03229166666666667 0.11018518518518519
0 0.5729166666666666 0.6949074074074074 0.034375 0.12685185185185185
0 0.86796875 0.7912037037037037 0.0328125 0.0712962962962963
0 0.050520833333333334 0.7685185185185185 0.025 0.05740740740740741
0 0.11796875 0.4726851851851852 0.04739583333333333 0.09351851851851851
0 0.9286458333333333 0.8 0.05520833333333333 0.046296296296296294
0 0.015625 0.7421296296296296 0.026041666666666668 0.09351851851851851
0 0.3433866279069767 0.8132357163364915 0.0262435400516796 0.05742176284811944
