0 0.16822916666666668 0.825925925925926 0.06041666666666667 0.08148148148148149
0 0.11770833333333333 0.6884259259259259 0.058333333333333334 0.10277777777777777
0 0.7080729166666667 0.6837962962962963 0.049479166666666664 0.10092592592592593
0 0.04348958333333333 0.638425925925926 0.0421875 0.09907407407407408
0 0.2046875 0.6981481481481482 0.030208333333333334 0.10740740740740741
0 0.7856770833333333 0.6837962962962963 0.06822916666666666 0.06018518518518518
0 0.29401041666666666 0.8148148148148148 0.07239583333333334 0.05555555555555555
0 0.5338541666666666 0.7666666666666667 0.06145833333333333 0.07962962962962963
0 0.27395833333333336 0.5023148148148148 0.046875 0.12685185185185185
0 0.6518229166666667 0.7310185185185185 0.059895833333333336 0.08981481481481482
0 0.5861979166666667 0.4532407407407407 0.0640625 0.1361111111111111
0 0.09453125 0.5810185185185185 0.049479166666666664 0.11018518518518519
0 0.5205729166666667 0.6699074074074074 0.0578125 0.08611111111111111
0 0.15 0.4222222222222222 0.06041666666666667 0.10555555555555556
0 0.23125 0.5282407407407408 0.046875 0.08981481481481482
0 0.49609375 0.8231481481481482 0.049479166666666664 0.053703703703703705
0 0.19296875 0.4699074074074074 0.050520833333333334 0.09351851851851851
0 0.33541666666666664 0.9074074074074074 0.065625 0.08148148148148149
0 0.016145833333333335 0.7013888888888888 0.030208333333333334 0.06388888888888888
0 0.014329815121412803 0.7609240863379936 0.0265625 0.0824074074074074
0 0.5172413793103448 0.5961503375296479 0.055931855500821 0.08939974457215838
0 0.37046946347031967 0.9300481988838153 0.07170376712328767 0.05644342973110099
0 0.22280092592592593 0.7930888404744614 0.04119008714596948 0.07927862503025898
0 0.00862306843267108 0.8066593083149375 0.015176600441501103 0.0386313465783664
