0 0.3748468137254902 0.7505446623093681 0.035232843137254895 0.15032679738562094
0 0.40900735294117646 0.8589324618736385 0.08455882352941177 0.09803921568627451
0 0.12530637254901963 0.7900326797385621 0.0582107843137255 0.06808278867102394
0 0.1645220588235294 0.7826797385620915 0.034926470588235295 0.08169934640522866
0 0.022977941176470593 0.8044662309368191 0.04350490196078431 0.07952069716775599
0 0.6528799019607843 0.778322440087146 0.055147058823529466 0.12309368191721137
0 0.7593443627450981 0.658769063180828 0.05851715686274517 0.06917211328976039
0 0.5507046568627452 0.6576797385620915 0.0677083333333334 0.11601307189542491
0 0.47472426470588236 0.6258169934640523 0.03400735294117645 0.13289760348583876
0 0.8800551470588236 0.8199891067538126 0.02971813725490193 0.061546840958605686
0 0.9336703431372549 0.7034313725490197 0.06096813725490193 0.1160130718954248
0 0.9684436274509804 0.7946623093681917 0.052696078431372466 0.07843137254901965
0 0.9813112745098038 0.5021786492374728 0.03431372549019602 0.12962962962962962
0 0.8688725490196079 0.04302832244008715 0.0692401960784314 0.08169934640522876
0 0.062258082877959926 0.4314663023679417 0.05165642076502732 0.0994231936854888
0 0.4661458333333333 0.8467854647099929 0.0478577044025157 0.09433962264150951
