0 0.547985303617571 0.647609819121447 0.06883882428940566 0.09151593453919028
0 0.3934512273901809 0.8638386448463968 0.07025193798449614 0.08039046798736714
0 0.4253472222222222 0.8379988515647431 0.06500322997416023 0.053115130634510406
0 0.4438813813813814 0.7388638638638638 0.055367867867867855 0.12637637637637636
0 0.28581871345029236 0.4819688109161793 0.03874269005847951 0.12573099415204683
0 0.43207395498392287 0.5616589258068357 0.0609592711682744 0.11224246754793386
0 0.7628367003367004 0.6648272851976554 0.05997474747474752 0.07887517146776399
0 0.7895581992850761 0.8037930692086187 0.04258824843610363 0.07745010425975572
0 0.6625124007936508 0.7813877865961201 0.04898313492063491 0.10278880070546732
0 0.1457298565121413 0.7953151827324013 0.058981788079470195 0.09013980868285501
0 0.17987720750551878 0.7484056904586706 0.05035871964679914 0.10792249202845228
0 0.03733788631346579 0.8071192052980132 0.07295115894039735 0.08676723080696591
0 0.0494101821192053 0.5097191562423351 0.024661975717439295 0.12539857738533236
0 0.8782003012048192 0.8205042391789379 0.03032965194109778 0.050944518816004765
0 0.934676204819277 0.7085750409043581 0.052083333333333336 0.11862263870295993
0 0.9696075970548861 0.7913134017551687 0.045808232931726894 0.08329614755317565
0 0.9837265729585006 0.49531459170013387 0.030120481927710805 0.11601963409192322
0 0.8668005354752342 0.0347687044474193 0.035977242302543525 0.06804997768853191
