0 0.89921875 0.7402777777777778 0.050520833333333334 0.08055555555555556
0 0.34817708333333336 0.7523148148148148 0.06614583333333333 0.07314814814814814
0 0.41770833333333335 0.7787037037037037 0.04479166666666667 0.10555555555555556
0 0.9690104166666667 0.4824074074074074 0.050520833333333334 0.1
0 0.01953125 0.9166666666666666 0.03802083333333333 0.08888888888888889
0 0.3932291666666667 0.8439814814814814 0.06041666666666667 0.05462962962962963
0 0.9411458333333333 0.5875 0.0625 0.11018518518518519
0 0.8291666666666667 0.7467592592592592 0.05520833333333333 0.0824074074074074
0 0.2421875 0.8319444444444445 0.06875 0.0824074074074074
0 0.14270833333333333 0.562962962962963 0.04583333333333333 0.10555555555555556
0 0.046614583333333334 0.7953703703703704 0.05677083333333333 0.05185185185185185
0 0.76171875 0.850925925925926 0.05572916666666667 0.04259259259259259
0 0.23854166666666668 0.5824074074074074 0.04895833333333333 0.14444444444444443
0 0.90390625 0.825462962962963 0.03802083333333333 0.1175925925925926
0 0.012760416666666666 0.5435185185185185 0.0234375 0.06296296296296296
0 0.7864583333333334 0.7796296296296297 0.026041666666666668 0.08888888888888889
0 0.6731770833333334 0.8666666666666667 0.0515625 0.022222222222222223
0 0.10561963519313305 0.8132649817199173 0.030177038626609455 0.05364806866952795
0 0.08516630901287554 0.7798839612144333 0.030400572246065804 0.062390716897154634
0 0.7628084763948498 0.7981640438721983 0.03196530758226039 0.05046892385948185
