0 0.9700520833333334 0.4842592592592593 0.0484375 0.11481481481481481
0 0.9375 0.5898148148148148 0.06458333333333334 0.10925925925925926
0 0.834375 0.7453703703703703 0.05416666666666667 0.08518518518518518
0 0.2518229166666667 0.836574074074074 0.06614583333333333 0.07314814814814814
0 0.4197916666666667 0.7842592592592592 0.046875 0.10740740740740741
0 0.3924479166666667 0.8439814814814814 0.06302083333333333 0.05462962962962963
0 0.050520833333333334 0.7967592592592593 0.05416666666666667 0.05648148148148148
0 0.14036458333333332 0.5601851851851852 0.04739583333333333 0.13333333333333333
0 0.02734375 0.9171296296296296 0.05364583333333333 0.0824074074074074
0 0.015625 0.549537037037037 0.03125 0.075
0 0.08151041666666667 0.7574074074074074 0.0421875 0.07962962962962963
0 0.11197916666666667 0.825462962962963 0.052083333333333336 0.0712962962962963
0 0.7604166666666666 0.8 0.04583333333333333 0.08148148148148149
0 0.9109375 0.7472222222222222 0.04791666666666667 0.10185185185185185
0 0.76640625 0.8564814814814815 0.06510416666666667 0.03148148148148148
0 0.79375 0.7981481481481482 0.021875 0.1037037037037037
0 0.9434895833333333 0.7328703703703704 0.0296875 0.11944444444444445
0 0.6588541666666666 0.04953703703703704 0.03125 0.09722222222222222
0 0.5046875 0.2814814814814815 0.027083333333333334 0.1574074074074074
0 0.009375 0.8101851851851852 0.017708333333333333 0.05
0 0.3604288261997406 0.7684824902723735 0.06059500648508429 0.07926214151895083
0 0.4752604166666667 0.8603843669250646 0.03361191860465116 0.033645564168820016
