0 0.15026041666666667 0.43287037037037035 0.0546875 0.10277777777777777
0 0.28802083333333334 0.6166666666666667 0.051041666666666666 0.09444444444444444
0 0.9734375 0.3861111111111111 0.04895833333333333 0.09259259259259259
0 0.09609375 0.5560185185185185 0.0578125 0.08425925925925926
0 0.31145833333333334 0.674074074074074 0.05520833333333333 0.06481481481481481
0 0.8065104166666667 0.49398148148148147 0.044270833333333336 0.12129629629629629
0 0.19973958333333333 0.8101851851851852 0.05364583333333333 0.07222222222222222
0 0.7697916666666667 0.42962962962962964 0.075 0.08888888888888889
0 0.09166666666666666 0.6652777777777777 0.052083333333333336 0.09351851851851851
0 0.1421875 0.8287037037037037 0.0625 0.08888888888888889
0 0.33567708333333335 0.5875 0.0703125 0.08981481481481482
0 0.36380208333333336 0.9 0.07760416666666667 0.10555555555555556
0 0.6466145833333333 0.6763888888888889 0.0640625 0.0824074074074074
0 0.4140625 0.6601851851851852 0.04895833333333333 0.12222222222222222
0 0.0328125 0.6421296296296296 0.034375 0.10648148148148148
0 0.27630208333333334 0.7509259259259259 0.03802083333333333 0.09444444444444444
0 0.9127604166666666 0.8083333333333333 0.0453125 0.046296296296296294
0 0.02734375 0.7458333333333333 0.0328125 0.08981481481481482
0 0.5736979166666667 0.6449074074074074 0.06927083333333334 0.0787037037037037
0 0.9841145833333333 0.7763888888888889 0.0296875 0.07314814814814814
0 0.8984375 0.7601851851851852 0.053125 0.06851851851851852
0 0.011197916666666667 0.8055555555555556 0.0203125 0.06481481481481481
0 0.09548611111111112 0.4287037037037037 0.01875 0.11419753086419751
