0 0.5478395061728395 0.553840877914952 0.07716049382716049 0.10755705200149646
0 0.6096555836139169 0.5613231076194038 0.05594135802469135 0.1387330091033794
0 0.7954545454545453 0.6274161366753959 0.0371773288439955 0.11753335827409898
0 0.707246071829405 0.6659184436962214 0.06663860830527497 0.10911584985659054
0 0.7086489898989898 0.7697343808454918 0.06383277216610542 0.10911584985659065
0 0.8103605499438833 0.7589786756453424 0.052609427609427564 0.1031924180072328
0 0.8561307519640853 0.7313879536101757 0.055064534231200925 0.09290435216361133
0 0.9104061447811447 0.8353597705449557 0.06611251402918074 0.09072203516647967
0 0.8776129349046015 0.8132248410026187 0.02402497194163852 0.06702830776904851
0 0.9350448933782266 0.7142411772041402 0.05576599326599331 0.11909215612919319
0 0.9276795735129068 0.6311572515276219 0.04769921436588097 0.12189799226836263
0 0.9606481481481481 0.34901483975558045 0.05751964085297416 0.11878039655817434
0 0.9844977553310886 0.49694475620401546 0.028058361391694694 0.1253273475495698
0 0.08987443883277216 0.8225776281331837 0.06050084175084174 0.09196907345055491
0 0.06672629068462402 0.7270233196159123 0.028233726150392807 0.09352787130564912
0 0.09522306397306396 0.782516523257264 0.04313973063973064 0.05985783763561543
0 0.1959056399132321 0.6624086125170723 0.035475415762834424 0.1221177793845906
