0 0.1890625 0.9606481481481481 0.06458333333333334 0.07685185185185185
0 0.14322916666666666 0.5263888888888889 0.058333333333333334 0.11018518518518519
0 0.8864583333333333 0.8013888888888889 0.053125 0.08796296296296297
0 0.203125 0.6856481481481481 0.05416666666666667 0.08611111111111111
0 0.7736979166666667 0.7847222222222222 0.06197916666666667 0.08796296296296297
0 0.9361979166666666 0.6310185185185185 0.03802083333333333 0.13796296296296295
0 0.3859375 0.8212962962962963 0.046875 0.09444444444444444
0 0.25416666666666665 0.7907407407407407 0.042708333333333334 0.1
0 0.64453125 0.09953703703703703 0.059895833333333336 0.11944444444444445
0 0.12083333333333333 0.7574074074074074 0.03854166666666667 0.08888888888888889
0 0.2986979166666667 0.7587962962962963 0.0328125 0.13055555555555556
0 0.7536458333333333 0.8518518518518519 0.05416666666666667 0.04259259259259259
0 0.69609375 0.8606481481481482 0.0515625 0.032407407407407406
0 0.10771160558464223 0.6592980414969944 0.04199389179755673 0.07271669575334493
0 0.07499552932761087 0.7262358925449054 0.03420064377682404 0.10213002702273097
0 0.03853258236434109 0.7905361757105942 0.038002664728682176 0.0457579672695952
0 0.06979772286821705 0.7992840223944875 0.019379844961240306 0.04118217054263566
0 0.4339884992458522 0.8293531087648734 0.03370098039215688 0.08840288252052957
