0 0.83828125 0.7087962962962963 0.059895833333333336 0.09351851851851851
0 0.028125 0.6370370370370371 0.05 0.08518518518518518
0 0.4359375 0.8287037037037037 0.040625 0.09259259259259259
0 0.5997395833333333 0.8055555555555556 0.0546875 0.08888888888888889
0 0.11796875 0.45185185185185184 0.04739583333333333 0.14444444444444443
0 0.19375 0.524537037037037 0.06354166666666666 0.075
0 0.19036458333333334 0.9041666666666667 0.06614583333333333 0.10092592592592593
0 0.9296875 0.6203703703703703 0.042708333333333334 0.11296296296296296
0 0.628125 0.85 0.05520833333333333 0.06481481481481481
0 0.15885416666666666 0.8305555555555556 0.0625 0.08148148148148149
0 0.7809895833333333 0.6861111111111111 0.049479166666666664 0.10185185185185185
0 0.09192708333333334 0.6587962962962963 0.0390625 0.14722222222222223
0 0.20755208333333333 0.625462962962963 0.0328125 0.11018518518518519
0 0.23541666666666666 0.6976851851851852 0.05 0.0824074074074074
0 0.0390625 0.7949074074074074 0.04583333333333333 0.06574074074074074
0 0.9005208333333333 0.6902777777777778 0.052083333333333336 0.075
0 0.9489583333333333 0.8300925925925926 0.0375 0.04351851851851852
0 0.23463541666666668 0.9333333333333333 0.05677083333333333 0.08518518518518518
0 0.23125 0.825462962962963 0.0375 0.06018518518518518
0 0.20260416666666667 0.8379629629629629 0.027083333333333334 0.05555555555555555
0 0.6796875 0.7189814814814814 0.036458333333333336 0.08981481481481482
0 0.6502604166666667 0.6703703703703704 0.027604166666666666 0.13518518518518519
0 0.7015625 0.8671296296296296 0.019791666666666666 0.019444444444444445
0 0.09427083333333333 0.7907407407407407 0.030208333333333334 0.07037037037037037
