0 0.24921875 0.8453703703703703 0.05572916666666667 0.08703703703703704
0 0.8971354166666666 0.6861111111111111 0.05677083333333333 0.1
0 0.8453125 0.6046296296296296 0.059375 0.09814814814814815
0 0.6369791666666667 0.8388888888888889 0.06041666666666667 0.07962962962962963
0 0.6072916666666667 0.5120370370370371 0.07708333333333334 0.10185185185185185
0 0.08046875 0.7967592592592593 0.028645833333333332 0.06018518518518518
0 0.10651041666666666 0.2726851851851852 0.043229166666666666 0.13055555555555556
0 0.13802083333333334 0.749537037037037 0.04791666666666667 0.08981481481481482
0 0.11276041666666667 0.5115740740740741 0.044270833333333336 0.09351851851851851
0 0.21145833333333333 0.7416666666666667 0.035416666666666666 0.09074074074074075
0 0.24973958333333332 0.6921296296296297 0.0390625 0.125
0 0.08098958333333334 0.711574074074074 0.0515625 0.05277777777777778
0 0.04192708333333333 0.7967592592592593 0.044270833333333336 0.058333333333333334
0 0.7854166666666667 0.8476851851851852 0.03125 0.04537037037037037
0 0.95703125 0.8203703703703704 0.025520833333333333 0.05925925925925926
0 0.8427083333333333 0.8199074074074074 0.027083333333333334 0.09351851851851851
0 0.07369791666666667 0.5726851851851852 0.0671875 0.09351851851851851
0 0.96953125 0.7736111111111111 0.04114583333333333 0.08425925925925926
0 0.01171875 0.6504629629629629 0.021354166666666667 0.06759259259259259
0 0.73828125 0.8578703703703704 0.030729166666666665 0.030555555555555555
0 0.1668483527131783 0.7018016078093597 0.03653908268733851 0.10658914728682169
0 0.9533715483234714 0.5703484549638397 0.026195759368836256 0.09423624808240194
0 0.9217825443786983 0.4958360727591497 0.05917159763313613 0.04492658338812182
0 0.9570868945868948 0.820868945868946 0.023593304843304828 0.0629154795821462
0 0.969439992877493 0.7743748021525799 0.03717058404558398 0.0791389680278569
