0 0.15520833333333334 0.8800925925925925 0.078125 0.08425925925925926
0 0.3033854166666667 0.8796296296296297 0.07239583333333334 0.10185185185185185
0 0.8270833333333333 0.4666666666666667 0.05625 0.1111111111111111
0 0.9377604166666667 0.7074074074074074 0.0484375 0.11296296296296296
0 0.8690104166666667 0.5962962962962963 0.0640625 0.06666666666666667
0 0.1421875 0.7898148148148149 0.034375 0.05740740740740741
0 0.09296875 0.6375 0.03697916666666667 0.08611111111111111
0 0.09114583333333333 0.1486111111111111 0.053125 0.09166666666666666
0 0.9903645833333333 0.7583333333333333 0.018229166666666668 0.1111111111111111
0 0.63828125 0.837037037037037 0.0390625 0.027777777777777776
0 0.6091365903755869 0.668199008868023 0.07207306338028173 0.07922535211267603
