0 0.5565947769953052 0.6737415232133542 0.07775821596244133 0.1437793427230047
0 0.6503080985915494 0.7705725091288471 0.05428403755868535 0.11704486176317166
0 0.8806484741784038 0.8194770474700053 0.027142018779342792 0.0564032342201357
0 0.9654672828638499 0.8059467918622849 0.0390625 0.05998956703182056
0 0.9355743838028169 0.704225352112676 0.05300029342723012 0.11411058946270211
0 0.9836230927230047 0.49850026082420457 0.030626467136150262 0.12780386019822637
0 0.9033890845070424 0.07237871674491393 0.06565434272300467 0.11411058946270215
0 0.7577065164728682 0.6299795434969854 0.06707243217054261 0.11331826012058573
0 0.5822247322623828 0.9466960434329912 0.08680555555555548 0.10475606128216576
0 0.5560154525386314 0.36945057640421874 0.0341473509933774 0.12325239146431202
0 0.10178166254125413 0.6004767143381005 0.0390625 0.0930509717638431
0 0.11215965346534652 0.7809635130179685 0.05337252475247524 0.06577741107444084
0 0.21470404148783975 0.11186615800349704 0.0806956366237482 0.11882053727547288
0 0.40100043975373795 0.857641942734291 0.07310905892700088 0.1023648978794098
0 0.47692667106420406 0.8598407114238249 0.06362686895338611 0.10383074367243239
