0 0.22864583333333333 0.875 0.07916666666666666 0.09444444444444444
0 0.15703125 0.49027777777777776 0.0484375 0.10648148148148148
0 0.7028645833333333 0.5222222222222223 0.07239583333333334 0.10555555555555556
0 0.22552083333333334 0.7805555555555556 0.035416666666666666 0.09074074074074075
0 0.37213541666666666 0.8268518518518518 0.06197916666666667 0.07592592592592592
0 0.8489583333333334 0.8185185185185185 0.058333333333333334 0.046296296296296294
0 0.3924479166666667 0.7125 0.05364583333333333 0.11388888888888889
0 0.46171875 0.7458333333333333 0.0421875 0.10833333333333334
0 0.09348958333333333 0.7342592592592593 0.04635416666666667 0.10740740740740741
0 0.48984375 0.8291666666666667 0.033854166666666664 0.041666666666666664
0 0.21848958333333332 0.6939814814814815 0.0609375 0.06574074074074074
0 0.9640625 0.7425925925925926 0.030208333333333334 0.08333333333333333
0 0.29921875 0.7023148148148148 0.0640625 0.08055555555555556
0 0.9734375 0.6449074074074074 0.036458333333333336 0.11574074074074074
0 0.09583333333333334 0.5449074074074074 0.03333333333333333 0.10462962962962963
0 0.0171875 0.500462962962963 0.03333333333333333 0.08611111111111111
0 0.9067708333333333 0.6787037037037037 0.059375 0.09444444444444444
0 0.8700520833333333 0.7615740740740741 0.027604166666666666 0.062037037037037036
0 0.42109375 0.8037037037037037 0.034895833333333334 0.06666666666666667
0 0.01484375 0.7231481481481481 0.027604166666666666 0.12962962962962962
0 0.0125 0.7962962962962963 0.022916666666666665 0.053703703703703705
0 0.17895299145299146 0.6109528331750553 0.06321225071225071 0.058562836340614044
0 0.34499643874643876 0.9057454890788224 0.05341880341880341 0.08309591642924974
