0 0.30795499213836475 0.8604122990915444 0.07640526729559749 0.0960866526904262
0 0.2912490172955975 0.7846348707197763 0.06461281446540879 0.1070055904961565
0 0.1874508647798742 0.8542976939203354 0.07272012578616352 0.10656883298392736
0 0.14298349056603774 0.7815775681341719 0.0525746855345912 0.07905310971348709
0 0.18511694182389934 0.7365915443745631 0.056751179245283015 0.11748777078965765
0 0.04311615566037736 0.5839447938504542 0.03807979559748427 0.1170510132774284
0 0.04581859276729559 0.7627969951083159 0.02825275157232704 0.06507686932215233
0 0.7908389857881137 0.6632213608957794 0.06924257105943153 0.11771461383864493
0 0.7677244832041343 0.7572494975595752 0.0524870801033592 0.09689922480620151
0 0.7205870478036175 0.7951119724375539 0.0631863695090439 0.06352282515073211
0 0.8913719315245477 0.7376902095894343 0.04945897932816538 0.15467987367212171
0 0.9389131136950903 0.7061082400229687 0.04643087855297156 0.10874246339362609
0 0.9783793604651163 0.517334194659776 0.040980297157622775 0.12238013207005452
