0 0.5653731108312343 0.5960210840563485 0.0683511754827876 0.10518705103087976
0 0.5657010915197312 0.7576499673477003 0.07320528967254412 0.09492489971079389
0 0.6165380982367757 0.4649454240134341 0.0699254827875734 0.10658643530180059
0 0.656354953820319 0.6816167552943371 0.039357682619647366 0.12804366078925272
0 0.9337610201511334 0.7030739807817893 0.05523194794290506 0.11358335665640448
0 0.9598682829554995 0.4706595764530273 0.061529177162048636 0.12827689150107288
0 0.8503883291351805 0.8263364119787293 0.0734676742233417 0.08256367198432683
0 0.8255929890848025 0.7326942811829461 0.06034844668345928 0.10751935814908106
0 0.7594064861460957 0.7082050564418322 0.04447418136020147 0.12104673943464882
0 0.04972187237615449 0.7021410579345088 0.059561293031066324 0.09165966974531212
0 0.2408690176322418 0.8748484000373169 0.07110621326616287 0.11568243306278565
0 0.45107270971302427 0.7401275447633062 0.04811672185430466 0.10669610007358354
0 0.15521523178807947 0.7937821927888153 0.03863134657836647 0.060093205788570005
0 0.10985789183222958 0.8028268334559725 0.06588024282560706 0.10271032622026008
