0 0.06458333333333334 0.8768518518518519 0.053125 0.09259259259259259
0 0.21171875 0.7578703703703704 0.058854166666666666 0.09166666666666666
0 0.9747395833333333 0.7300925925925926 0.0390625 0.09166666666666666
0 0.9005208333333333 0.8148148148148148 0.04375 0.08888888888888889
0 0.9075520833333334 0.6902777777777778 0.0578125 0.0824074074074074
0 0.7588541666666667 0.8425925925925926 0.0625 0.05925925925925926
0 0.96484375 0.6337962962962963 0.028645833333333332 0.11574074074074074
0 0.09739583333333333 0.8296296296296296 0.057291666666666664 0.07222222222222222
0 0.990625 0.7944444444444444 0.017708333333333333 0.09259259259259259
0 0.06544502617801046 0.32480124103160746 0.035449389179755667 0.1056815978281947
0 0.0319044502617801 0.7904304828388597 0.032177137870855146 0.04023657165018419
0 0.06544502617801046 0.7972173744425054 0.04744764397905758 0.0470234632538297
0 0.15352312390924955 0.7836435912352142 0.033267888307155324 0.07417102966841185
0 0.4803771661569827 0.8481991165477404 0.031218144750254893 0.06031260618416586
