0 0.9223958333333333 0.6259259259259259 0.04375 0.13148148148148148
0 0.14244791666666667 0.5615740740740741 0.05572916666666667 0.0824074074074074
0 0.40208333333333335 0.7453703703703703 0.05 0.10740740740740741
0 0.33046875 0.7435185185185185 0.05677083333333333 0.08518518518518518
0 0.7606770833333333 0.8527777777777777 0.0546875 0.04259259259259259
0 0.9927083333333333 0.4050925925925926 0.0 0.000925925925925926
0 0.8703125 0.6393518518518518 0.0625 0.09907407407407408
0 0.76796875 0.7856481481481481 0.06197916666666667 0.05648148148148148
0 0.821875 0.7449074074074075 0.05416666666666667 0.062037037037037036
0 0.8190104166666666 0.5319444444444444 0.0296875 0.11203703703703703
0 0.19869791666666667 0.8324074074074074 0.05260416666666667 0.07777777777777778
0 0.30130208333333336 0.8407407407407408 0.043229166666666666 0.04259259259259259
0 0.7859375 0.6736111111111112 0.03125 0.125
0 0.08333333333333333 0.8037037037037037 0.019791666666666666 0.040740740740740744
0 0.5489583333333333 0.5675925925925925 0.04375 0.07962962962962963
0 0.15020338610378187 0.8157431838170625 0.0480980650835532 0.040066451675950375
0 0.047960642040457344 0.8040164174728819 0.047548372911169735 0.04886152643408576
0 0.03200954861111112 0.7839506172839507 0.025390625000000003 0.03317901234567905
0 0.36486486486486486 0.8363363363363363 0.041666666666666664 0.061561561561561534
