0 0.7434895833333334 0.8263888888888888 0.04739583333333333 0.07314814814814814
0 0.11458333333333333 0.6402777777777777 0.053125 0.06944444444444445
0 0.70078125 0.861574074074074 0.0578125 0.04722222222222222
0 0.21901041666666668 0.674074074074074 0.049479166666666664 0.08333333333333333
0 0.2526041666666667 0.7523148148148148 0.030208333333333334 0.11018518518518519
0 0.9307291666666667 0.6296296296296297 0.04895833333333333 0.1259259259259259
0 0.64296875 0.8453703703703703 0.044270833333333336 0.06851851851851852
0 0.17734375 0.9625 0.0765625 0.06944444444444445
0 0.87109375 0.8032407407407407 0.05260416666666667 0.07314814814814814
0 0.10234375 0.7615740740740741 0.0390625 0.12129629629629629
0 0.13697916666666668 0.500462962962963 0.04479166666666667 0.1287037037037037
0 0.16328125 0.7171296296296297 0.03177083333333333 0.09351851851851851
0 0.0390625 0.6217592592592592 0.03958333333333333 0.09907407407407408
0 0.7830729166666667 0.7763888888888889 0.05572916666666667 0.05648148148148148
0 0.040625 0.7986111111111112 0.04375 0.06574074074074074
0 0.07395833333333333 0.8134259259259259 0.027083333333333334 0.06574074074074074
0 0.20520833333333333 0.8287037037037037 0.035416666666666666 0.046296296296296294
0 0.11458333333333333 0.8097222222222222 0.029166666666666667 0.04537037037037037
0 0.43724385245901637 0.8280206435944141 0.03261612021857925 0.09259259259259259
0 0.7916666666666666 0.6108982545764153 0.027777777777777738 0.11494252873563211
