0 0.1015625 0.8453703703703703 0.06458333333333334 0.07962962962962963
0 0.8791666666666667 0.8185185185185185 0.06458333333333334 0.07037037037037037
0 0.34401041666666665 0.8407407407407408 0.07760416666666667 0.08518518518518518
0 0.9380208333333333 0.7078703703703704 0.04583333333333333 0.10833333333333334
0 0.8091145833333333 0.6912037037037037 0.05572916666666667 0.08981481481481482
0 0.17317708333333334 0.4486111111111111 0.05572916666666667 0.1175925925925926
0 0.08645833333333333 0.6462962962962963 0.040625 0.10740740740740741
0 0.0375 0.575462962962963 0.034375 0.11018518518518519
0 0.9567708333333333 0.7893518518518519 0.040625 0.06388888888888888
0 0.7578125 0.7824074074074074 0.041666666666666664 0.09259259259259259
0 0.01171875 0.45601851851851855 0.022395833333333334 0.06759259259259259
0 0.7265625 0.7050925925925926 0.026041666666666668 0.1287037037037037
0 0.007291666666666667 0.6152777777777778 0.013541666666666667 0.07685185185185185
