0 0.13072916666666667 0.47962962962962963 0.04375 0.09259259259259259
0 0.04010416666666667 0.624537037037037 0.03854166666666667 0.08611111111111111
0 0.26145833333333335 0.5587962962962963 0.05 0.10277777777777777
0 0.17994791666666668 0.5277777777777778 0.044270833333333336 0.0962962962962963
0 0.521875 0.8009259259259259 0.0625 0.06296296296296296
0 0.35598958333333336 0.9055555555555556 0.07239583333333334 0.09444444444444444
0 0.2453125 0.9523148148148148 0.08333333333333333 0.09351851851851851
0 0.6328125 0.687037037037037 0.05 0.11666666666666667
0 0.05234375 0.7240740740740741 0.0359375 0.09259259259259259
0 0.22942708333333334 0.5361111111111111 0.04739583333333333 0.08888888888888889
0 0.7596354166666667 0.6699074074074074 0.050520833333333334 0.1175925925925926
0 0.2078125 0.8712962962962963 0.051041666666666666 0.10185185185185185
0 0.7127604166666667 0.6597222222222222 0.04114583333333333 0.1287037037037037
0 0.553125 0.4726851851851852 0.08229166666666667 0.10833333333333334
0 0.5583333333333333 0.5625 0.06875 0.0787037037037037
0 0.021354166666666667 0.5532407407407407 0.041666666666666664 0.07314814814814814
0 0.59453125 0.5972222222222222 0.0734375 0.05925925925925926
0 0.13568205944798303 0.7265864590705354 0.03184713375796179 0.1014390186364709
0 0.2212712314225053 0.7195093182354328 0.05639596602972399 0.043642368483132805
0 0.01807988322717622 0.7041755130927104 0.028861464968152863 0.07077140835102619
0 0.014264861995753716 0.754895022410946 0.02521231422505308 0.0660533144609578
0 0.012772027600849258 0.8017810804435008 0.02289012738853503 0.04187308327435715
