0 0.3385416666666667 0.9203703703703704 0.07604166666666666 0.09074074074074075
0 0.3078125 0.6212962962962963 0.065625 0.06851851851851852
0 0.13541666666666666 0.5583333333333333 0.040625 0.09444444444444444
0 0.1046875 0.8166666666666667 0.05 0.07222222222222222
0 0.3046875 0.5046296296296297 0.04791666666666667 0.1259259259259259
0 0.10052083333333334 0.3736111111111111 0.03854166666666667 0.11018518518518519
0 0.6302083333333334 0.6444444444444445 0.06041666666666667 0.1111111111111111
0 0.3028645833333333 0.8148148148148148 0.0578125 0.06111111111111111
0 0.7276041666666667 0.8592592592592593 0.0625 0.07962962962962963
0 0.16822916666666668 0.6148148148148148 0.03229166666666667 0.09814814814814815
0 0.4427083333333333 0.7023148148148148 0.03333333333333333 0.12129629629629629
0 0.9106770833333333 0.7203703703703703 0.05260416666666667 0.09444444444444444
0 0.33984375 0.7393518518518518 0.0640625 0.05648148148148148
0 0.6869791666666667 0.6189814814814815 0.028125 0.11574074074074074
0 0.32135416666666666 0.6819444444444445 0.06041666666666667 0.05462962962962963
0 0.6471354166666666 0.8194444444444444 0.03697916666666667 0.05740740740740741
0 0.103125 0.7055555555555556 0.030208333333333334 0.08703703703703704
0 0.9013020833333333 0.6222222222222222 0.025520833333333333 0.09074074074074075
0 0.029947916666666668 0.7861111111111111 0.0453125 0.06481481481481481
0 0.06848958333333334 0.7699074074074074 0.03177083333333333 0.05648148148148148
0 0.09505208333333333 0.6037037037037037 0.028645833333333332 0.08888888888888889
0 0.14791666666666667 0.7939814814814815 0.028125 0.049074074074074076
0 0.18540396341463414 0.4811653116531165 0.02921747967479676 0.09936766034327009
0 0.4952739197530864 0.7664609053497942 0.04597479423868312 0.07087334247828073
