0 0.45729166666666665 0.7925925925925926 0.0625 0.09259259259259259
0 0.9091145833333333 0.6615740740740741 0.0453125 0.10462962962962963
0 0.884375 0.7518518518518519 0.05520833333333333 0.06851851851851852
0 0.18567708333333333 0.6532407407407408 0.0328125 0.10648148148148148
0 0.08359375 0.712037037037037 0.044270833333333336 0.07777777777777778
0 0.11640625 0.674074074074074 0.0421875 0.09074074074074075
0 0.06640625 0.7527777777777778 0.024479166666666666 0.07222222222222222
0 0.06848958333333334 0.8361111111111111 0.0484375 0.0962962962962963
0 0.03203125 0.7949074074074074 0.028645833333333332 0.062037037037037036
0 0.11354166666666667 0.8407407407407408 0.04375 0.06481481481481481
0 0.15078125 0.8203703703703704 0.044270833333333336 0.06666666666666667
0 0.1046875 0.7944444444444444 0.023958333333333335 0.037037037037037035
0 0.11438088928150766 0.44496793613401386 0.01969228504122496 0.11516817170527416
0 0.22636925795053 0.7718230598089255 0.03312720848056537 0.09880905640622957
0 0.21173807420494697 0.826626096060725 0.021900765606595988 0.0480957989791912
0 0.7947769434628975 0.8444575317366836 0.045825971731448804 0.04973171050909571
