0 0.9171875 0.638425925925926 0.053125 0.06759259259259259
0 0.04088541666666667 0.8347222222222223 0.06510416666666667 0.07685185185185185
0 0.9393229166666667 0.7069444444444445 0.0484375 0.10648148148148148
0 0.14114583333333333 0.8041666666666667 0.04791666666666667 0.07685185185185185
0 0.8934895833333333 0.8148148148148148 0.0609375 0.06111111111111111
0 0.8078125 0.8189814814814815 0.051041666666666666 0.04537037037037037
0 0.7919270833333333 0.6699074074074074 0.049479166666666664 0.11203703703703703
0 0.9208333333333333 0.5481481481481482 0.05520833333333333 0.09814814814814815
0 0.23098958333333333 0.8106481481481481 0.0515625 0.03611111111111111
0 0.8231770833333333 0.7388888888888889 0.06197916666666667 0.06111111111111111
0 0.6302083333333334 0.6435185185185185 0.071875 0.07407407407407407
0 0.023958333333333335 0.7694444444444445 0.036458333333333336 0.05555555555555555
