0 0.7921875 0.8402777777777778 0.053125 0.06574074074074074
0 0.15546875 0.8481481481481481 0.06197916666666667 0.08333333333333333
0 0.76640625 0.7851851851851852 0.0578125 0.05555555555555555
0 0.9161458333333333 0.6324074074074074 0.05625 0.13518518518518519
0 0.7760416666666666 0.6958333333333333 0.06145833333333333 0.09166666666666666
0 0.38958333333333334 0.7356481481481482 0.05625 0.08981481481481482
0 0.13671875 0.5666666666666667 0.06197916666666667 0.08888888888888889
0 0.2875 0.7189814814814814 0.06354166666666666 0.0824074074074074
0 0.37135416666666665 0.825462962962963 0.051041666666666666 0.08055555555555556
0 0.8247395833333333 0.7351851851851852 0.03802083333333333 0.09074074074074075
0 0.15572916666666667 0.7597222222222222 0.036458333333333336 0.09537037037037037
0 0.030729166666666665 0.4125 0.03854166666666667 0.11018518518518519
0 0.062239583333333334 0.8023148148148148 0.03802083333333333 0.04351851851851852
0 0.03333333333333333 0.762962962962963 0.03229166666666667 0.12222222222222222
0 0.5401041666666667 0.5055555555555555 0.058333333333333334 0.11296296296296296
0 0.10703125 0.8180555555555555 0.025520833333333333 0.03425925925925926
0 0.98984375 0.35185185185185186 0.019270833333333334 0.07777777777777778
0 0.006890402075226979 0.7295719844357976 0.013780804150453957 0.03530768122207811
0 0.13253891050583658 0.7203847816688284 0.03283073929961088 0.1106067156650815
