0 0.21050347222222224 0.851658950617284 0.056966145833333336 0.09259259259259259
0 0.17333984375 0.757860725308642 0.060221354166666664 0.0853587962962963
0 0.14295789930555555 0.6934799382716049 0.04991319444444446 0.11766975308641968
0 0.09779188368055557 0.6766010802469137 0.05235460069444445 0.11477623456790127
0 0.05181206597222223 0.7535204475308642 0.03743489583333334 0.08439429012345671
0 0.04937065972222223 0.5866608796296297 0.05208333333333334 0.11525848765432095
0 0.017361111111111112 0.5750868055555556 0.034722222222222224 0.1171875
0 0.27316623263888895 0.6380208333333334 0.0455729166666667 0.13695987654320985
0 0.9309895833333334 0.8540702160493827 0.0645616319444444 0.0819830246913581
0 0.8319769965277779 0.6684027777777778 0.06076388888888893 0.11670524691358021
0 0.876015042598509 0.6491835285764999 0.03344648562300326 0.11152526328245178
0 0.9361687965921193 0.7084960359720743 0.04659211927582542 0.11063779434386457
0 0.9820953141640042 0.6364631404567507 0.03427848775292865 0.09673411430599928
