0 0.16796875 0.8439814814814814 0.058854166666666666 0.0824074074074074
0 0.09947916666666666 0.774537037037037 0.03333333333333333 0.06759259259259259
0 0.9372395833333333 0.7069444444444445 0.0484375 0.11388888888888889
0 0.7286458333333333 0.6884259259259259 0.05416666666666667 0.09907407407407408
0 0.15078125 0.8041666666666667 0.0005208333333333333 0.000925925925925926
0 0.8942708333333333 0.025 0.05520833333333333 0.04814814814814815
0 0.21145833333333333 0.8041666666666667 0.06354166666666666 0.07685185185185185
0 0.026822916666666665 0.7819444444444444 0.043229166666666666 0.06759259259259259
0 0.2786458333333333 0.6837962962962963 0.05520833333333333 0.10462962962962963
0 0.39375 0.6782407407407407 0.029166666666666667 0.13425925925925927
0 0.1451843716719915 0.7688439237960005 0.05008652822151225 0.09348006153117981
0 0.33899400330851936 0.619313482216708 0.030758891645988426 0.11970407131697455
0 0.8066656650641025 0.6806445868945868 0.068359375 0.099269943019943
