0 0.16354166666666667 0.8064814814814815 0.04791666666666667 0.08333333333333333
0 0.06640625 0.8347222222222223 0.06822916666666666 0.0787037037037037
0 0.8986979166666667 0.5282407407407408 0.0578125 0.08425925925925926
0 0.9528645833333333 0.624537037037037 0.05677083333333333 0.05277777777777778
0 0.9388020833333334 0.7092592592592593 0.04635416666666667 0.10555555555555556
0 0.21302083333333333 0.7976851851851852 0.06458333333333334 0.06388888888888888
0 0.023177083333333334 0.7731481481481481 0.0390625 0.05925925925925926
0 0.16796875 0.5782407407407407 0.03697916666666667 0.12129629629629629
0 0.809375 0.8171296296296297 0.05 0.049074074074074076
0 0.8700520833333333 0.8180555555555555 0.06302083333333333 0.05092592592592592
0 0.8565104166666667 0.6620370370370371 0.04739583333333333 0.10555555555555556
0 0.7981770833333334 0.6703703703703704 0.0328125 0.11666666666666667
0 0.6752604166666667 0.6694444444444444 0.0671875 0.053703703703703705
0 0.09114583333333333 0.5666666666666667 0.028125 0.12962962962962962
0 0.03125 0.5078703703703704 0.04583333333333333 0.08425925925925926
0 0.2553202068416865 0.6820693008043842 0.03803699284009546 0.15579421904004245
