0 0.05963541666666667 0.8087962962962963 0.04635416666666667 0.08425925925925926
0 0.9380208333333333 0.7064814814814815 0.04791666666666667 0.10925925925925926
0 0.8002604166666667 0.6833333333333333 0.058854166666666666 0.1037037037037037
0 0.37473958333333335 0.7134259259259259 0.0703125 0.07314814814814814
0 0.88359375 0.7620370370370371 0.0546875 0.07407407407407407
0 0.4127604166666667 0.8217592592592593 0.05260416666666667 0.07314814814814814
0 0.46484375 0.8527777777777777 0.07239583333333334 0.07592592592592592
0 0.03177083333333333 0.3439814814814815 0.03854166666666667 0.12129629629629629
0 0.9598958333333333 0.8009259259259259 0.035416666666666666 0.04259259259259259
0 0.5895833333333333 0.8342592592592593 0.042708333333333334 0.03333333333333333
