0 0.32073014937106914 0.5496593291404611 0.0631387578616352 0.10001747030048917
0 0.13794713050314464 0.6105870020964361 0.02432193396226414 0.11180992313067777
0 0.032920597484276726 0.6918238993710691 0.04176493710691823 0.09783368273934312
0 0.10686910377358491 0.78812893081761 0.0525746855345912 0.07468553459119497
0 0.17283313679245282 0.5367749825296996 0.029726808176100614 0.137141858839972
0 0.19125884433962265 0.7890024458420685 0.04594143081761007 0.0816736547868623
0 0.2372002751572327 0.7608315863032843 0.031200864779874198 0.09433962264150951
0 0.5493055555555556 0.6126543209876544 0.07083333333333339 0.12654320987654316
0 0.6001602564102565 0.8402777777777778 0.06810897435897433 0.06303418803418805
0 0.8491085737179487 0.6983395655270654 0.05859375 0.06744123931623931
0 0.9398162059294871 0.7159232549857549 0.03968850160256411 0.09993767806267813
0 0.9323041866987178 0.6446981837606838 0.04795172275641022 0.09726673789173787
0 0.9654196714743589 0.5050302706552706 0.04306891025641034 0.12731481481481483
