0 0.14270833333333333 0.5333333333333333 0.053125 0.1037037037037037
0 0.23489583333333333 0.850462962962963 0.07083333333333333 0.0712962962962963
0 0.5682291666666667 0.5101851851851852 0.0625 0.10555555555555556
0 0.8169270833333333 0.4449074074074074 0.06614583333333333 0.11203703703703703
0 0.96015625 0.9111111111111111 0.059895833333333336 0.10740740740740741
0 0.71015625 0.8064814814814815 0.04739583333333333 0.08333333333333333
0 0.94140625 0.7194444444444444 0.0390625 0.1037037037037037
0 0.91640625 0.6777777777777778 0.0390625 0.08518518518518518
0 0.8841145833333334 0.6296296296296297 0.06197916666666667 0.06851851851851852
0 0.91171875 0.575462962962963 0.030729166666666665 0.10833333333333334
0 0.0109375 0.8074074074074075 0.020833333333333332 0.06851851851851852
0 0.19192708333333333 0.8125 0.0203125 0.023148148148148147
0 0.09571400159108988 0.783059312295589 0.03480509148766905 0.06872624414390527
0 0.8001030815972222 0.05304783950617284 0.06808810763888881 0.09934413580246915
