0 0.41770833333333335 0.9342592592592592 0.08333333333333333 0.0962962962962963
0 0.16588541666666667 0.43657407407407406 0.05677083333333333 0.09351851851851851
0 0.10234375 0.7921296296296296 0.049479166666666664 0.06018518518518518
0 0.11328125 0.6541666666666667 0.050520833333333334 0.11018518518518519
0 0.6065104166666667 0.5703703703703704 0.050520833333333334 0.11666666666666667
0 0.32395833333333335 0.9166666666666666 0.06770833333333333 0.08888888888888889
0 0.23255208333333333 0.8287037037037037 0.06822916666666666 0.08888888888888889
0 0.41796875 0.6773148148148148 0.05572916666666667 0.07685185185185185
0 0.47369791666666666 0.6310185185185185 0.0703125 0.05648148148148148
0 0.5533854166666666 0.5898148148148148 0.0609375 0.12407407407407407
0 0.5606770833333333 0.7092592592592593 0.0609375 0.06851851851851852
0 0.19322916666666667 0.5574074074074075 0.041666666666666664 0.08888888888888889
0 0.83203125 0.6180555555555556 0.06822916666666666 0.06944444444444445
0 0.6080729166666666 0.7888888888888889 0.0640625 0.05925925925925926
0 0.246875 0.4912037037037037 0.052083333333333336 0.10277777777777777
0 0.06640625 0.6208333333333333 0.05260416666666667 0.05277777777777778
0 0.165625 0.5254629629629629 0.05416666666666667 0.07314814814814814
0 0.6635416666666667 0.8337962962962963 0.042708333333333334 0.03425925925925926
0 0.5122395833333333 0.8300925925925926 0.0328125 0.041666666666666664
0 0.0203125 0.5791666666666667 0.035416666666666666 0.08425925925925926
0 0.31692708333333336 0.8185185185185185 0.03802083333333333 0.040740740740740744
0 0.5736979166666667 0.8333333333333334 0.030729166666666665 0.037037037037037035
0 0.011458333333333333 0.7912037037037037 0.020833333333333332 0.06944444444444445
0 0.4111479028697572 0.7551508462104489 0.046909492273730716 0.07542310522442969
0 0.024816176470588237 0.732843137254902 0.04840686274509805 0.11165577342047923
0 0.17003676470588236 0.8031045751633987 0.05330882352941178 0.03649237472766892
0 0.46669407894736836 0.771807992202729 0.0497989766081871 0.11655295646523714
