0 0.6255208333333333 0.6694444444444444 0.036458333333333336 0.10555555555555556
0 0.14296875 0.43194444444444446 0.0390625 0.11388888888888889
0 0.0375 0.6361111111111111 0.04895833333333333 0.08703703703703704
0 0.15703125 0.5453703703703704 0.034895833333333334 0.1037037037037037
0 0.10546875 0.7620370370370371 0.05572916666666667 0.09259259259259259
0 0.34427083333333336 0.9074074074074074 0.06770833333333333 0.09259259259259259
0 0.19609375 0.5208333333333334 0.03697916666666667 0.125
0 0.303125 0.7870370370370371 0.042708333333333334 0.09444444444444444
0 0.24505208333333334 0.9333333333333333 0.07447916666666667 0.1037037037037037
0 0.09817708333333333 0.5995370370370371 0.0453125 0.10462962962962963
0 0.19713541666666667 0.9120370370370371 0.05260416666666667 0.09814814814814815
0 0.8690104166666667 0.7944444444444444 0.0484375 0.07962962962962963
0 0.24505208333333334 0.5398148148148149 0.0578125 0.05185185185185185
0 0.10338541666666666 0.4537037037037037 0.0265625 0.11296296296296296
0 0.7197916666666667 0.6032407407407407 0.051041666666666666 0.125
0 0.6604166666666667 0.575925925925926 0.035416666666666666 0.1037037037037037
0 0.25104166666666666 0.6087962962962963 0.030208333333333334 0.09351851851851851
0 0.5697916666666667 0.8101851851851852 0.03229166666666667 0.07592592592592592
0 0.014322916666666666 0.8041666666666667 0.027604166666666666 0.0712962962962963
0 0.01640625 0.7125 0.03177083333333333 0.10833333333333334
0 0.40234375 0.6625 0.06510416666666667 0.08981481481481482
0 0.175 0.812037037037037 0.046875 0.024074074074074074
0 0.411509900990099 0.831958195819582 0.026815181518151772 0.030253025302530264
0 0.6608395214521451 0.4505867253392005 0.05105198019801982 0.09259259259259255
0 0.8062009162303665 0.5606457242582897 0.03517670157068065 0.11101415551677324
