0 0.13880208333333333 0.5625 0.049479166666666664 0.08425925925925926
0 0.9190104166666667 0.6268518518518519 0.04010416666666667 0.12222222222222222
0 0.36666666666666664 0.8263888888888888 0.042708333333333334 0.08055555555555556
0 0.9856770833333334 0.42407407407407405 0.027604166666666666 0.12407407407407407
0 0.76328125 0.7870370370370371 0.0578125 0.05555555555555555
0 0.8390625 0.49537037037037035 0.027083333333333334 0.12777777777777777
0 0.86953125 0.6481481481481481 0.0578125 0.09444444444444444
0 0.18463541666666666 0.8375 0.05677083333333333 0.0824074074074074
0 0.7606770833333333 0.8523148148148149 0.0515625 0.041666666666666664
0 0.18072916666666666 0.7782407407407408 0.027083333333333334 0.058333333333333334
0 0.8190104166666666 0.7444444444444445 0.058854166666666666 0.05185185185185185
0 0.03203125 0.8 0.0015625 0.0
0 0.030729166666666665 0.7907407407407407 0.030208333333333334 0.04814814814814815
0 0.8177083333333334 0.6819444444444445 0.034375 0.09351851851851851
0 0.060457155477031795 0.8002879204292631 0.04361749116607773 0.0660908258081403
0 0.32988832288401254 0.745965401137815 0.057307993730407486 0.08011145942180423
0 0.40213557993730403 0.7449494949494949 0.03853187042842219 0.09897828863346113
