0 0.3050401475694445 0.8634741512345679 0.09575737847222227 0.09114583333333333
0 0.2944607204861111 0.7672646604938272 0.06429036458333333 0.11959876543209884
0 0.18839518229166666 0.857445987654321 0.07514105902777776 0.10030864197530867
0 0.17388237847222224 0.7308545524691359 0.05750868055555554 0.11332947530864201
0 0.14268663194444448 0.7937885802469137 0.042860243055555566 0.052083333333333336
0 0.054524739583333336 0.5883487654320988 0.045572916666666664 0.13020833333333334
0 0.7881673177083334 0.6556230709876544 0.06591796875 0.12586805555555555
0 0.7226800976800977 0.7999253832587166 0.05914224664224672 0.07427757427757427
0 0.7640796703296703 0.7536290869624204 0.047313797313797326 0.09768009768009765
0 0.887992216117216 0.7483719983719984 0.05818833943833954 0.10141093474426818
0 0.9347336691086691 0.7044498711165378 0.052846459096459124 0.11396011396011398
0 0.9893925518925518 0.7459978293311627 0.018696581196581144 0.11701261701261703
0 0.978136446886447 0.5216388549721884 0.04197191697191691 0.13024013024013031
