0 0.2 0.8412037037037037 0.06875 0.08981481481481482
0 0.1484375 0.5148148148148148 0.03854166666666667 0.12962962962962962
0 0.8973958333333333 0.9347222222222222 0.07708333333333334 0.11018518518518519
0 0.9513020833333333 0.5990740740740741 0.0515625 0.0962962962962963
0 0.8807291666666667 0.6532407407407408 0.05625 0.08796296296296297
0 0.70234375 0.8027777777777778 0.043229166666666666 0.09074074074074075
0 0.055989583333333336 0.7722222222222223 0.03697916666666667 0.05555555555555555
0 0.940625 0.7189814814814814 0.040625 0.10648148148148148
0 0.80390625 0.45 0.08072916666666667 0.11296296296296296
0 0.5497395833333333 0.6388888888888888 0.0421875 0.11296296296296296
0 0.04401041666666667 0.30324074074074076 0.0265625 0.14166666666666666
0 0.01484375 0.8074074074074075 0.027604166666666666 0.06851851851851852
0 0.9215856481481483 0.5571383349161129 0.058538105413105515 0.10208926875593544
