0 0.10833333333333334 0.8004629629629629 0.04791666666666667 0.0787037037037037
0 0.17708333333333334 0.8032407407407407 0.052083333333333336 0.04722222222222222
0 0.94375 0.7083333333333334 0.04583333333333333 0.10740740740740741
0 0.0375 0.8361111111111111 0.04791666666666667 0.09814814814814815
0 0.8369791666666667 0.37592592592592594 0.06145833333333333 0.1037037037037037
0 0.1734375 0.7125 0.03125 0.08611111111111111
0 0.8760416666666667 0.8189814814814815 0.05416666666666667 0.04722222222222222
0 0.7677083333333333 0.7949074074074074 0.04583333333333333 0.09166666666666666
0 0.17838541666666666 0.5398148148148149 0.0296875 0.11296296296296296
0 0.12838541666666667 0.5087962962962963 0.04114583333333333 0.11018518518518519
0 0.05 0.75 0.030208333333333334 0.07777777777777778
0 0.12708333333333333 0.649074074074074 0.03125 0.11481481481481481
0 0.8778645833333333 0.39537037037037037 0.03177083333333333 0.10740740740740741
0 0.0171875 0.7486111111111111 0.03125 0.08055555555555556
0 0.24921875 0.13055555555555556 0.0578125 0.16666666666666666
0 0.99375 0.6657407407407407 0.011458333333333333 0.08703703703703704
0 0.8108539701257861 0.5861285814116002 0.04839819182389936 0.15024458420684833
0 0.8489337657232704 0.7313504542278128 0.06412146226415084 0.09477638015373865
