0 0.4578125 0.5851851851851851 0.05 0.11666666666666667
0 0.22890625 0.5782407407407407 0.0578125 0.10462962962962963
0 0.13880208333333333 0.49722222222222223 0.034895833333333334 0.1111111111111111
0 0.25703125 0.8384259259259259 0.06197916666666667 0.08425925925925926
0 0.34401041666666665 0.7231481481481481 0.0359375 0.10185185185185185
0 0.321875 0.8092592592592592 0.071875 0.06851851851851852
0 0.1234375 0.6069444444444444 0.035416666666666666 0.11018518518518519
0 0.7622395833333333 0.5120370370370371 0.0578125 0.15555555555555556
0 0.34375 0.8976851851851851 0.071875 0.11018518518518519
0 0.21979166666666666 0.6837962962962963 0.057291666666666664 0.062037037037037036
0 0.08020833333333334 0.6953703703703704 0.05520833333333333 0.07407407407407407
0 0.35494791666666664 0.6032407407407407 0.03697916666666667 0.1287037037037037
0 0.3966145833333333 0.7384259259259259 0.0640625 0.08981481481481482
0 0.0671875 0.5217592592592593 0.041666666666666664 0.09907407407407408
0 0.975 0.5717592592592593 0.040625 0.10648148148148148
0 0.6192708333333333 0.6407407407407407 0.07083333333333333 0.08148148148148149
0 0.940625 0.6736111111111112 0.046875 0.08981481481481482
0 0.010416666666666666 0.5699074074074074 0.01875 0.0787037037037037
0 0.8697916666666666 0.7708333333333334 0.03229166666666667 0.06759259259259259
0 0.9830729166666666 0.7939814814814815 0.028645833333333332 0.04722222222222222
0 0.22708333333333333 0.7810185185185186 0.046875 0.08611111111111111
0 0.015104166666666667 0.736574074074074 0.028125 0.18981481481481483
0 0.1019408831908832 0.23662551440329216 0.02938034188034188 0.11396011396011395
