0 0.41328125 0.6680555555555555 0.05364583333333333 0.10648148148148148
0 0.7408854166666666 0.5097222222222222 0.07447916666666667 0.11574074074074074
0 0.35885416666666664 0.7314814814814815 0.06770833333333333 0.07777777777777778
0 0.46770833333333334 0.7231481481481481 0.04791666666666667 0.11851851851851852
0 0.21302083333333333 0.5958333333333333 0.058333333333333334 0.08981481481481482
0 0.26666666666666666 0.8662037037037037 0.06041666666666667 0.08425925925925926
0 0.21901041666666668 0.6916666666666667 0.058854166666666666 0.07407407407407407
0 0.34765625 0.9041666666666667 0.06302083333333333 0.10092592592592593
0 0.18541666666666667 0.7717592592592593 0.029166666666666667 0.10462962962962963
0 0.08932291666666667 0.6972222222222222 0.0546875 0.07777777777777778
0 0.9846354166666667 0.625 0.021354166666666667 0.1037037037037037
0 0.96484375 0.7416666666666667 0.027604166666666666 0.09444444444444444
0 0.9388020833333334 0.6648148148148149 0.033854166666666664 0.10555555555555556
0 0.8690104166666667 0.8157407407407408 0.06302083333333333 0.044444444444444446
0 0.33177083333333335 0.8194444444444444 0.058333333333333334 0.05925925925925926
0 0.3072916666666667 0.7791666666666667 0.029166666666666667 0.07314814814814814
0 0.378125 0.8171296296296297 0.03958333333333333 0.05648148148148148
0 0.05552279874213836 0.5551187980433263 0.05601415094339622 0.06726065688329838
0 0.09261988993710692 0.5241090146750524 0.04373034591194968 0.08560447239692527
0 0.14003537735849053 0.4607791754018169 0.0255503144654088 0.11443046820405303
0 0.22700471698113206 0.8005765199161425 0.025550314465408785 0.05677847658979734
0 0.8721501572327044 0.7651991614255764 0.026533018867924578 0.05939902166317255
