0 0.4145685229067931 0.7012462699666491 0.05850118483412323 0.10970686326136558
0 0.49504781420765026 0.8805403764420158 0.10040983606557378 0.09319975713418334
0 0.3104508196721311 0.8674863387978142 0.0806010928961749 0.10109289617486342
0 0.31804986338797814 0.8078324225865209 0.029883879781420753 0.055251973284760184
0 0.16504439890710382 0.7414996964177291 0.054132513661202177 0.09016393442622948
0 0.7045765027322404 0.8069216757741348 0.07172131147540987 0.08196721311475404
0 0.6432718579234973 0.6760777170613235 0.05771857923497272 0.11475409836065571
0 0.7063695355191257 0.6725865209471766 0.06506147540983598 0.12537947783849426
0 0.6149248633879781 0.5854584092289009 0.07001366120218577 0.11262902246508799
0 0.7015881147540983 0.31390406800242865 0.06198770491803269 0.12021857923497269
0 0.9643954918032785 0.450060716454159 0.04491120218579224 0.13570127504553728
0 0.9338285519125681 0.7067395264116575 0.05549863387978142 0.1111111111111111
0 0.8817452185792349 0.8078324225865209 0.0654030054644809 0.10139647844565869
0 0.8212943989071037 0.8017607771706131 0.06608606557377049 0.08257437765634479
0 0.8081454918032787 0.6750151791135398 0.046277322404371546 0.1211293260473588
0 0.1438134348290598 0.21130104463437796 0.03455528846153846 0.14541785375118707
