0 0.4346707818930041 0.7265946502057613 0.06783693415637865 0.11574074074074074
0 0.37688078703703703 0.9066358024691357 0.08696630658436214 0.10716735253772293
0 0.2261766975308642 0.8416209419295839 0.07619598765432099 0.09716506630086882
0 0.10416666666666667 0.7075903063557384 0.0504758230452675 0.09430727023319616
0 0.6986239711934156 0.3317901234567901 0.06237139917695475 0.11716963877457702
0 0.6529706790123456 0.6567215363511658 0.05433384773662553 0.11945587562871514
0 0.7245852623456789 0.6842992684042066 0.06574717078189292 0.13060128029263834
0 0.6177662037037037 0.8026120256058527 0.06430041152263376 0.09402149062642888
0 0.5852141203703703 0.5915637860082305 0.07217721193415633 0.13031550068587108
0 0.8052822788065843 0.6867283950617283 0.05063657407407405 0.11259716506630078
0 0.963329081632653 0.450302343159486 0.06994047619047615 0.1447467876039305
0 0.9334608843537414 0.7055933484504913 0.0552721088435374 0.11035525321239614
0 0.8948767006802721 0.8184051398337113 0.0763180272108844 0.09788359788359784
0 0.7981505102040816 0.8155706727135298 0.06356292517006802 0.04988662131519277
