0 0.5291064981949458 0.5365022061772964 0.07408243080625757 0.10897178767214866
0 0.3879310344827587 0.5803001277139208 0.0625 0.11845466155810983
0 0.3812859195402299 0.7658045977011494 0.06357758620689656 0.12356321839080459
0 0.3097162356321839 0.8646232439335887 0.07237787356321838 0.09833971902937413
0 0.07543103448275863 0.7868773946360152 0.05244252873563219 0.059067688378033265
0 0.6646012931034483 0.6639527458492976 0.06555316091954021 0.09865900383141764
0 0.7448814655172414 0.7970945083014048 0.059806034482758716 0.10696040868454662
0 0.8035201149425288 0.7522349936143039 0.06573275862068956 0.09450830140485314
0 0.7738864942528736 0.6634738186462324 0.06393678160919537 0.10153256704980836
0 0.867816091954023 0.7099297573435505 0.05926724137931032 0.06289910600255426
0 0.8390804597701149 0.8310983397190294 0.05495689655172408 0.08812260536398471
0 0.8879310344827587 0.8151340996168583 0.044540229885057535 0.08237547892720305
0 0.9348958333333334 0.703544061302682 0.05441810344827592 0.11590038314176239
0 0.9401939655172414 0.5691251596424011 0.059626436781609254 0.11653895274584927
0 0.8732040229885059 0.3045977011494253 0.06537356321839087 0.1111111111111111
0 0.9833872126436783 0.4798850574712644 0.03071120689655172 0.041507024265644975
0 0.5404094827586208 0.8665389527458492 0.08441091954022996 0.13920817369093227
