0 0.21189563679245282 0.7662910552061495 0.06461281446540879 0.12010831586303286
0 0.1711134040880503 0.8446890286512928 0.06510416666666664 0.12141858839972042
0 0.13180522798742136 0.7654175401816911 0.029726808176100628 0.09477638015373865
0 0.050977790880503145 0.5780485674353598 0.038571147798742135 0.10962613556953181
0 0.025427476415094342 0.6841806429070579 0.04888954402515723 0.09739692522711386
0 0.07923054245283018 0.6706411600279524 0.040536556603773574 0.10525856044723969
0 0.791814072327044 0.6671470999301188 0.07272012578616358 0.10962613556953181
0 0.7373968160377359 0.7230520614954578 0.05871658805031442 0.09390286512928026
0 0.7318691037735848 0.7944619147449336 0.0643671383647798 0.06027253668763106
0 0.8225235849056604 0.8106219426974144 0.049135220125786104 0.06551362683438158
0 0.9252161949685535 0.6464011180992314 0.053066037735849156 0.11268343815513628
0 0.9400795990566037 0.7051450034940601 0.047415487421383656 0.11836128581411595
0 0.9787735849056602 0.5293501048218029 0.03930817610062896 0.0969601677148847
0 0.6654256919374248 0.38608102687525064 0.04174187725631763 0.13504479208450323
0 0.05330023364485981 0.7731914157147801 0.03066588785046728 0.056247836621668476
