0 0.13307291666666668 0.5509259259259259 0.03802083333333333 0.12037037037037036
0 0.9869791666666666 0.5856481481481481 0.025 0.10092592592592593
0 0.35546875 0.7976851851851852 0.034895833333333334 0.11388888888888889
0 0.9036458333333334 0.7851851851851852 0.046875 0.09814814814814815
0 0.19166666666666668 0.9601851851851851 0.059375 0.07777777777777778
0 0.7705729166666667 0.7875 0.06302083333333333 0.10092592592592593
0 0.07708333333333334 0.6074074074074074 0.04583333333333333 0.10555555555555556
0 0.32369791666666664 0.8217592592592593 0.0265625 0.08425925925925926
0 0.09609375 0.7648148148148148 0.033854166666666664 0.08703703703703704
0 0.6877604166666667 0.862037037037037 0.0578125 0.03518518518518519
0 0.5223958333333333 0.3814814814814815 0.03229166666666667 0.11296296296296296
0 0.15520833333333334 0.7819444444444444 0.052083333333333336 0.10092592592592593
0 0.9375 0.6055555555555555 0.046875 0.1259259259259259
0 0.85234375 0.8342592592592593 0.034895833333333334 0.05925925925925926
0 0.3106770833333333 0.21203703703703702 0.027604166666666666 0.15555555555555556
0 0.8895833333333333 0.6541666666666667 0.05 0.13425925925925927
0 0.06927083333333334 0.799537037037037 0.022916666666666665 0.04722222222222222
0 0.13067336309523808 0.821924603174603 0.027715773809523815 0.03009259259259259
0 0.037667410714285705 0.7911706349206348 0.03776041666666666 0.04794973544973549
0 0.44039351851851843 0.8357338820301783 0.025462962962962916 0.07681755829903976
0 0.5632296698872785 0.28739488280551084 0.05711553945249589 0.09438182143496156
