0 0.49350845410628014 0.7081320450885668 0.06914251207729466 0.09312936124530324
0 0.3899396929824561 0.8501461988304093 0.07319078947368425 0.11257309941520467
0 0.21622023809523808 0.8347883597883597 0.0681547619047619 0.09444444444444444
0 0.25736607142857143 0.7014550264550266 0.04419642857142856 0.11719576719576719
0 0.5425347222222222 0.8053626543209877 0.0610739087301587 0.09397045855379194
0 0.6940569196428572 0.792961860670194 0.07362971230158735 0.10444223985890652
0 0.7792348710317459 0.7962687389770723 0.04867311507936509 0.08790784832451505
0 0.7829551091269842 0.671847442680776 0.06324404761904757 0.09700176366843027
0 0.8727384868421052 0.8150584795321637 0.021244517543859705 0.03654970760233912
0 0.933845029239766 0.7045971410006496 0.052540204678362554 0.11777128005198184
0 0.9682245979532162 0.791098115659519 0.042717470760233904 0.07959714100064971
0 0.9785042032163742 0.4966699155295646 0.03814875730994156 0.10315139701104611
0 0.8681697733918128 0.02517868745938921 0.03312317251461986 0.04954515919428199
0 0.08420138888888888 0.8165294924554183 0.08236882716049383 0.09945130315500694
0 0.04851466049382716 0.7095336076817559 0.02874228395061728 0.0973936899862825
