0 0.13541666666666666 0.5296296296296297 0.059375 0.10740740740740741
0 0.9463541666666667 0.48194444444444445 0.059375 0.09907407407407408
0 0.3932291666666667 0.5453703703703704 0.06979166666666667 0.1537037037037037
0 0.03333333333333333 0.8546296296296296 0.04895833333333333 0.08888888888888889
0 0.22630208333333332 0.8476851851851852 0.0640625 0.0824074074074074
0 0.8645833333333334 0.3578703703703704 0.06875 0.10648148148148148
0 0.9484375 0.5893518518518519 0.05625 0.0787037037037037
0 0.90625 0.6726851851851852 0.057291666666666664 0.07685185185185185
0 0.017447916666666667 0.6875 0.033854166666666664 0.058333333333333334
0 0.22786458333333334 0.46064814814814814 0.0296875 0.14537037037037037
0 0.396875 0.22361111111111112 0.042708333333333334 0.10833333333333334
0 0.12005208333333334 0.7300925925925926 0.04635416666666667 0.08611111111111111
0 0.7309895833333333 0.19537037037037036 0.044270833333333336 0.12962962962962962
0 0.0421875 0.7902777777777777 0.04479166666666667 0.05092592592592592
0 0.50625 0.8564814814814815 0.057291666666666664 0.04259259259259259
0 0.13880208333333333 0.8078703703703703 0.0328125 0.05648148148148148
0 0.9893229166666667 0.7 0.0203125 0.04259259259259259
0 0.0738681891025641 0.7990562678062678 0.019197382478632473 0.04599952516619184
0 0.0900607638888889 0.7840693257359924 0.02453926282051282 0.08606362773029436
0 0.15625 0.6928122032288698 0.03872863247863248 0.1023860398860399
0 0.09730816831683169 0.645031169783645 0.037231848184818485 0.04987165383204986
0 0.6385379061371841 0.8557293755849712 0.027075812274368262 0.047466238801978915
0 0.8789517773892774 0.8485495985495987 0.03296182983682978 0.027195027195027262
0 0.9099104020979021 0.8407795907795909 0.02749854312354311 0.030432530432530365
