0 0.6299479166666667 0.6430555555555556 0.059895833333333336 0.09722222222222222
0 0.18880208333333334 0.4828703703703704 0.0421875 0.10833333333333334
0 0.30416666666666664 0.5337962962962963 0.04583333333333333 0.10648148148148148
0 0.64609375 0.8138888888888889 0.0421875 0.07592592592592592
0 0.1 0.6837962962962963 0.022916666666666665 0.09537037037037037
0 0.16666666666666666 0.5976851851851852 0.03854166666666667 0.10648148148148148
0 0.3359375 0.9208333333333333 0.06875 0.08796296296296297
0 0.7260416666666667 0.8606481481481482 0.06770833333333333 0.09907407407407408
0 0.29713541666666665 0.8185185185185185 0.0546875 0.07037037037037037
0 0.90078125 0.7416666666666667 0.05572916666666667 0.09259259259259259
0 0.8950520833333333 0.6152777777777778 0.043229166666666666 0.08981481481481482
0 0.28072916666666664 0.6277777777777778 0.06770833333333333 0.07222222222222222
0 0.33151041666666664 0.7435185185185185 0.05677083333333333 0.06851851851851852
0 0.4401041666666667 0.6722222222222223 0.06041666666666667 0.13148148148148148
0 0.6861979166666666 0.6152777777777778 0.0359375 0.12314814814814815
0 0.1625 0.7972222222222223 0.053125 0.04814814814814815
0 0.509375 0.7606481481481482 0.06875 0.07314814814814814
0 0.3372395833333333 0.6833333333333333 0.0609375 0.05555555555555555
0 0.1296875 0.5763888888888888 0.027083333333333334 0.09722222222222222
0 0.02109375 0.7916666666666666 0.0390625 0.08148148148148149
0 0.22864583333333333 0.8018518518518518 0.042708333333333334 0.05
0 0.023177083333333334 0.7143518518518519 0.0421875 0.06944444444444445
0 0.057291666666666664 0.7657407407407407 0.03854166666666667 0.06851851851851852
0 0.10679102067183462 0.8085701981050818 0.04320090439276487 0.04521963824289409
0 0.09798411270983214 0.5242472688515853 0.03284872102318146 0.07638333777422504
0 0.08921552111410604 0.582696915244085 0.024848382749326155 0.06077168813017871
0 0.10325558794946549 0.7736745491847532 0.019740038872691927 0.04049238743116295
