0 0.4276041666666667 0.8282407407407407 0.05520833333333333 0.09166666666666666
0 0.2296875 0.9296296296296296 0.0625 0.0962962962962963
0 0.11796875 0.46944444444444444 0.05260416666666667 0.1
0 0.09166666666666666 0.8625 0.06875 0.07685185185185185
0 0.8895833333333333 0.6680555555555555 0.05416666666666667 0.10833333333333334
0 0.92734375 0.8268518518518518 0.0578125 0.05740740740740741
0 0.028125 0.6324074074074074 0.052083333333333336 0.09074074074074075
0 0.8296875 0.7222222222222222 0.06458333333333334 0.09814814814814815
0 0.19505208333333332 0.8273148148148148 0.034895833333333334 0.07314814814814814
0 0.15286458333333333 0.5578703703703703 0.0484375 0.0824074074074074
0 0.19583333333333333 0.6324074074074074 0.065625 0.0962962962962963
0 0.76015625 0.7152777777777778 0.04635416666666667 0.10648148148148148
0 0.16380208333333332 0.6995370370370371 0.050520833333333334 0.07685185185185185
0 0.7036458333333333 0.862037037037037 0.04583333333333333 0.03148148148148148
0 0.9309895833333334 0.6342592592592593 0.04010416666666667 0.11666666666666667
0 0.08776041666666666 0.6976851851851852 0.030729166666666665 0.09907407407407408
0 0.04583333333333333 0.7967592592592593 0.05416666666666667 0.06018518518518518
0 0.6416666666666667 0.8263888888888888 0.05416666666666667 0.10092592592592593
0 0.215625 0.038425925925925926 0.030208333333333334 0.07314814814814814
0 0.10236030828516378 0.8017555127381717 0.04335260115606936 0.05352172982230783
0 0.5895586785009862 0.6506136313828622 0.049309664694280046 0.13642340565417485
