0 0.09947916666666666 0.8875 0.07083333333333333 0.08611111111111111
0 0.8018229166666667 0.5097222222222222 0.06614583333333333 0.10462962962962963
0 0.2390625 0.8574074074074074 0.06979166666666667 0.09444444444444444
0 0.88046875 0.586574074074074 0.05677083333333333 0.09722222222222222
0 0.9372395833333333 0.7083333333333334 0.04739583333333333 0.10925925925925926
0 0.1421875 0.7907407407407407 0.036458333333333336 0.053703703703703705
0 0.7463541666666667 0.7444444444444445 0.059375 0.11851851851851852
0 0.5591145833333333 0.6444444444444445 0.0671875 0.09259259259259259
0 0.6645833333333333 0.825 0.052083333333333336 0.05740740740740741
0 0.26119791666666664 0.6814814814814815 0.04739583333333333 0.09444444444444444
0 0.0421875 0.49074074074074076 0.030208333333333334 0.10925925925925926
0 0.03046875 0.7453703703703703 0.0578125 0.1
0 0.20208333333333334 0.044444444444444446 0.029166666666666667 0.08703703703703704
