0 0.3358968098958333 0.8349609375 0.07731119791666667 0.08861400462962964
0 0.3400675455729167 0.7038483796296297 0.06693522135416667 0.11140046296296297
0 0.6287650602409638 0.6929570132381377 0.03765060240963862 0.12159750111557333
0 0.6530287817938419 0.5051688234419158 0.07781124497991966 0.1044920422430463
0 0.7147097120098038 0.8319716775599129 0.07716758578431376 0.057189542483660115
0 0.8641652731326644 0.5950390189520623 0.059573578595317755 0.13904372600024767
0 0.89438754180602 0.6676576241793633 0.03257385730211825 0.11457946240554932
0 0.9376005469755471 0.7064207064207064 0.052083333333333336 0.11869011869011872
0 0.14411948005698008 0.4821541627097184 0.03672542735042737 0.14363722697056036
0 0.1569565568475452 0.7904464542061442 0.042191537467700255 0.07070054550674709
0 0.062037827076222976 0.8786815826064972 0.05155005688282139 0.09638478068512199
0 0.09895833333333333 0.7730746619635509 0.02992724867724868 0.07642563198118764
