0 0.049479166666666664 0.6416666666666667 0.04791666666666667 0.07777777777777778
0 0.9411458333333333 0.7087962962962963 0.04375 0.11018518518518519
0 0.9638020833333333 0.8055555555555556 0.0609375 0.07777777777777778
0 0.9828125 0.42777777777777776 0.03333333333333333 0.06296296296296296
0 0.8190104166666666 0.4935185185185185 0.059895833333333336 0.12037037037037036
0 0.8395833333333333 0.3699074074074074 0.051041666666666666 0.1175925925925926
0 0.23333333333333334 0.8574074074074074 0.075 0.1
0 0.12135416666666667 0.7888888888888889 0.034375 0.04814814814814815
0 0.9348958333333334 0.3611111111111111 0.040625 0.12222222222222222
0 0.046614583333333334 0.7356481481481482 0.024479166666666666 0.11018518518518519
0 0.6794270833333333 0.2828703703703704 0.0484375 0.10648148148148148
0 0.15546875 0.7222222222222222 0.027604166666666666 0.12407407407407407
0 0.01328125 0.562962962962963 0.024479166666666666 0.10925925925925926
0 0.016145833333333335 0.7972222222222223 0.029166666666666667 0.07037037037037037
0 0.8971020299145299 0.33080088635644195 0.06699608262108268 0.09180120291231401
