0 0.9734375 0.487962962962963 0.051041666666666666 0.10185185185185185
0 0.17578125 0.8342592592592593 0.0453125 0.07407407407407407
0 0.3059895833333333 0.5814814814814815 0.06614583333333333 0.10555555555555556
0 0.20208333333333334 0.712037037037037 0.04791666666666667 0.1111111111111111
0 0.06770833333333333 0.30324074074074076 0.06666666666666667 0.10277777777777777
0 0.9763020833333333 0.6 0.0453125 0.05925925925925926
0 0.7065104166666667 0.8611111111111112 0.07135416666666666 0.05555555555555555
0 0.88828125 0.7597222222222222 0.049479166666666664 0.0712962962962963
0 0.9723958333333333 0.6717592592592593 0.04375 0.06018518518518518
0 0.9067708333333333 0.6805555555555556 0.05520833333333333 0.07407407407407407
0 0.03802083333333333 0.7939814814814815 0.03854166666666667 0.05092592592592592
0 0.13131257361601886 0.8593443266588142 0.060181095406360435 0.042860882083496886
0 0.08401428150765607 0.826953278366706 0.04803445229681979 0.049404528203114785
0 0.07784893992932863 0.7893273131789033 0.04012073027090695 0.048750163591152945
