0 0.07890625 0.8666666666666667 0.0703125 0.07777777777777778
0 0.81875 0.8175925925925925 0.05625 0.09814814814814815
0 0.25807291666666665 0.6958333333333333 0.058854166666666666 0.10462962962962963
0 0.9739583333333334 0.5935185185185186 0.04791666666666667 0.07407407407407407
0 0.24114583333333334 0.8162037037037037 0.05416666666666667 0.0787037037037037
0 0.042708333333333334 0.799537037037037 0.04583333333333333 0.06018518518518518
0 0.0828125 0.7981481481481482 0.042708333333333334 0.06666666666666667
0 0.4908854166666667 0.8611111111111112 0.033854166666666664 0.03148148148148148
0 0.06113644492131617 0.3177157844539819 0.02391809728183118 0.11246224765538065
0 0.9062642304189436 0.6783798826148554 0.05279485428051001 0.06299332119004246
0 0.9636128187613842 0.6854634689334143 0.034864526411657576 0.08727990285367342
0 0.9926114341085271 0.4470284237726099 0.013323643410852763 0.05167958656330748
