0 0.6525345010615712 0.6528662420382165 0.05307855626326964 0.15097900448218915
0 0.7079352441613588 0.6684949280490683 0.06900212314225058 0.1409530549657938
0 0.6112847222222223 0.5887345679012345 0.075 0.1188271604938272
0 0.6730902777777779 0.8094135802469137 0.07048611111111107 0.08549382716049386
0 0.88046875 0.8111111111111111 0.0640625 0.0987654320987655
0 0.935329861111111 0.7049382716049382 0.049479166666666664 0.11913580246913577
0 0.9639756944444445 0.4532407407407407 0.04704861111111107 0.1354938271604938
0 0.8115451388888888 0.8024691358024693 0.06996527777777774 0.08086419753086423
0 0.8063368055555554 0.6808641975308641 0.04809027777777774 0.11728395061728392
0 0.4160590277777778 0.7108024691358025 0.059895833333333336 0.14074074074074075
0 0.4561631944444444 0.8895061728395063 0.08628472222222221 0.091358024691358
0 0.15104166666666666 0.7376543209876543 0.06944444444444445 0.0962962962962963
0 0.2901909722222222 0.8717592592592592 0.08628472222222223 0.09413580246913587
0 0.2989583333333333 0.8104938271604938 0.030902777777777737 0.0524691358024691
0 0.7002243193069307 0.304478364503117 0.062010107260726005 0.1216996699669967
