0 0.2950520833333333 0.5564814814814815 0.07447916666666667 0.0962962962962963
0 0.18151041666666667 0.8819444444444444 0.0640625 0.09166666666666666
0 0.35182291666666665 0.6337962962962963 0.06510416666666667 0.0824074074074074
0 0.1578125 0.5638888888888889 0.042708333333333334 0.09259259259259259
0 0.037760416666666664 0.6347222222222222 0.044270833333333336 0.08425925925925926
0 0.62890625 0.6657407407407407 0.0484375 0.11296296296296296
0 0.14791666666666667 0.425462962962963 0.041666666666666664 0.10277777777777777
0 0.8677083333333333 0.7861111111111111 0.046875 0.09444444444444444
0 0.6541666666666667 0.5527777777777778 0.052083333333333336 0.08518518518518518
0 0.7221354166666667 0.6277777777777778 0.05260416666666667 0.11666666666666667
0 0.09817708333333333 0.45 0.0359375 0.11666666666666667
0 0.09192708333333334 0.5791666666666667 0.03177083333333333 0.10277777777777777
0 0.9875 0.4726851851851852 0.021875 0.075
0 0.09661458333333334 0.7680555555555556 0.0546875 0.0787037037037037
0 0.6796875 0.4199074074074074 0.07916666666666666 0.08981481481481482
0 0.0140625 0.8055555555555556 0.027083333333333334 0.07037037037037037
0 0.0140625 0.7388888888888889 0.027083333333333334 0.05185185185185185
0 0.10859375 0.7967592592592593 0.019270833333333334 0.025
0 0.015364583333333333 0.6953703703703704 0.0296875 0.040740740740740744
0 0.17604166666666668 0.8125 0.026041666666666668 0.019444444444444445
0 0.2614182692307692 0.6467236467236467 0.03565705128205131 0.09829059829059832
0 0.33994391025641024 0.9017094017094017 0.04286858974358972 0.058404558404558424
0 0.6935839011237406 0.7779535864978901 0.046186789589253506 0.11427566807313647
