0 0.2745225694444445 0.6259645061728396 0.0661892361111111 0.11863425925925926
0 0.21197150735294118 0.8433755446623094 0.053998161764705885 0.11540032679738561
0 0.15988817401960784 0.7865264161220042 0.049785539215686264 0.06842320261437917
0 0.13001685049019607 0.7461873638344226 0.0390625 0.10416666666666667
0 0.08626302083333333 0.7710375816993464 0.04423253676470587 0.07625272331154687
0 0.03762637867647058 0.6752110566448801 0.0254672181372549 0.09701797385620912
0 0.04844515931372549 0.5764910130718954 0.04136029411764706 0.1045070806100218
0 0.10311351102941174 0.5543641067538125 0.036190257352941166 0.10791122004357295
0 0.01637178308823529 0.4937704248366013 0.031977634803921566 0.11267701525054472
0 0.5196360153256705 0.5023414218816518 0.07363505747126435 0.13303533418475952
0 0.8372906454248366 0.6560911401597675 0.052338643790849675 0.11483297022512717
0 0.8794469822812846 0.6250769041466716 0.041009136212624496 0.11443337024732372
0 0.9095982142857141 0.8385003306878307 0.0702194940476191 0.08308531746031739
0 0.9370349702380951 0.7041583994708994 0.04603794642857141 0.1227678571428571
0 0.9819103422619047 0.6357473544973545 0.0311569940476191 0.07275132275132273
