0 0.17473958333333334 0.8472222222222222 0.05260416666666667 0.08333333333333333
0 0.9372395833333333 0.7074074074074074 0.0484375 0.1111111111111111
0 0.728125 0.6689814814814815 0.057291666666666664 0.09166666666666666
0 0.8494791666666667 0.06018518518518518 0.05520833333333333 0.10740740740740741
0 0.80078125 0.6773148148148148 0.059895833333333336 0.0787037037037037
0 0.024739583333333332 0.7851851851851852 0.0453125 0.07592592592592592
0 0.22083333333333333 0.7967592592592593 0.029166666666666667 0.06574074074074074
0 0.3484375 0.6777777777777778 0.036458333333333336 0.1425925925925926
0 0.16588541666666667 0.7930555555555555 0.0453125 0.05092592592592592
0 0.010416666666666666 0.42824074074074076 0.019791666666666666 0.08611111111111111
0 0.10598958333333333 0.7819444444444444 0.04114583333333333 0.05648148148148148
0 0.44479166666666664 0.22962962962962963 0.040625 0.12222222222222222
