0 0.271875 0.5587962962962963 0.06354166666666666 0.09166666666666666
0 0.70625 0.9125 0.08229166666666667 0.11388888888888889
0 0.41692708333333334 0.6212962962962963 0.05364583333333333 0.14814814814814814
0 0.1828125 0.4949074074074074 0.05416666666666667 0.08796296296296297
0 0.228125 0.8041666666666667 0.051041666666666666 0.04537037037037037
0 0.4236979166666667 0.7717592592592593 0.059895833333333336 0.09537037037037037
0 0.33541666666666664 0.9189814814814815 0.06979166666666667 0.08981481481481482
0 0.3046875 0.799074074074074 0.03229166666666667 0.07407407407407407
0 0.6130208333333333 0.6615740740740741 0.0625 0.07685185185185185
0 0.68515625 0.6537037037037037 0.05572916666666667 0.06851851851851852
0 0.13307291666666668 0.5893518518518519 0.0265625 0.10648148148148148
0 0.196875 0.5916666666666667 0.065625 0.07037037037037037
0 0.5138020833333333 0.7162037037037037 0.049479166666666664 0.11944444444444445
0 0.8940104166666667 0.6125 0.04010416666666667 0.08425925925925926
0 0.08723958333333333 0.5782407407407407 0.0453125 0.0824074074074074
0 0.26614583333333336 0.7351851851851852 0.051041666666666666 0.0962962962962963
0 0.9643229166666667 0.7902777777777777 0.034895833333333334 0.06018518518518518
0 0.8526041666666667 0.8004629629629629 0.05625 0.06388888888888888
0 0.6533854166666667 0.8282407407407407 0.0546875 0.04351851851851852
0 0.022395833333333334 0.7143518518518519 0.041666666666666664 0.0712962962962963
0 0.14557291666666666 0.8152777777777778 0.0546875 0.0787037037037037
0 0.15965058656957928 0.6069714131607336 0.03177083333333333 0.09537037037037037
0 0.05130208333333333 0.7949074074074074 0.033854166666666664 0.0712962962962963
0 0.019791666666666666 0.7837962962962963 0.036458333333333336 0.06944444444444445
0 0.12563402838269452 0.7641916989664083 0.0379804551393728 0.0758371016365204
0 0.0887233527131783 0.7869024547803618 0.03845687984496123 0.041720499569336766
0 0.902898676880223 0.2958320437429073 0.03786559888579397 0.0949138553595378
