0 0.18619791666666666 0.9300925925925926 0.07239583333333334 0.09166666666666666
0 0.2546875 0.8398148148148148 0.06354166666666666 0.09074074074074075
0 0.82890625 0.7379629629629629 0.05572916666666667 0.10925925925925926
0 0.9388020833333334 0.14953703703703702 0.05677083333333333 0.11944444444444445
0 0.8278645833333333 0.4587962962962963 0.04739583333333333 0.12129629629629629
0 0.9408854166666667 0.7092592592592593 0.04114583333333333 0.12037037037037036
0 0.8104166666666667 0.32685185185185184 0.053125 0.11481481481481481
0 0.13125 0.6268518518518519 0.04375 0.08518518518518518
0 0.06666666666666667 0.32916666666666666 0.04375 0.125
0 0.042708333333333334 0.7458333333333333 0.03229166666666667 0.10092592592592593
0 0.9877604166666667 0.8273148148148148 0.0234375 0.05462962962962963
0 0.71015625 0.8226851851851852 0.0421875 0.05092592592592592
0 0.9893229166666667 0.4097222222222222 0.0203125 0.04537037037037037
0 0.3096711927582535 0.6163471778487752 0.07088658146964857 0.07484321382084957
0 0.08461349607182941 0.7401172215987031 0.03279320987654321 0.1184686369871555
0 0.9609504560530678 0.3427307904919845 0.05882048092868987 0.1004238068914686
