0 0.4744791666666667 0.7657407407407407 0.057291666666666664 0.10555555555555556
0 0.1640625 0.8125 0.06145833333333333 0.08981481481481482
0 0.24869791666666666 0.5740740740740741 0.059895833333333336 0.1
0 0.34765625 0.9032407407407408 0.0671875 0.10277777777777777
0 0.059375 0.5060185185185185 0.034375 0.10833333333333334
0 0.4630208333333333 0.5791666666666667 0.06979166666666667 0.10092592592592593
0 0.30911458333333336 0.8185185185185185 0.06927083333333334 0.07407407407407407
0 0.53046875 0.6689814814814815 0.0671875 0.08611111111111111
0 0.2669270833333333 0.6754629629629629 0.06510416666666667 0.05648148148148148
0 0.0625 0.36435185185185187 0.059375 0.08611111111111111
0 0.90859375 0.8097222222222222 0.044270833333333336 0.04722222222222222
0 0.1171875 0.7861111111111111 0.023958333333333335 0.053703703703703705
0 0.019791666666666666 0.7425925925925926 0.036458333333333336 0.06111111111111111
0 0.24557291666666667 0.7907407407407407 0.04010416666666667 0.06296296296296296
0 0.3640625 0.6282407407407408 0.05416666666666667 0.11574074074074074
0 0.98984375 0.43287037037037035 0.019270833333333334 0.07685185185185185
0 0.03229166666666667 0.5972222222222222 0.058333333333333334 0.06296296296296296
0 0.7447916666666666 0.5962962962962963 0.06770833333333333 0.12407407407407407
0 0.8716145833333333 0.7625 0.028645833333333332 0.07314814814814814
0 0.834375 0.8101851851851852 0.027083333333333334 0.04814814814814815
0 0.90234375 0.7560185185185185 0.028645833333333332 0.06574074074074074
0 0.013541666666666667 0.8041666666666667 0.025 0.06574074074074074
0 0.9682291666666667 0.7671296296296296 0.04479166666666667 0.08981481481481482
0 0.041666666666666664 0.6939814814814815 0.042708333333333334 0.08055555555555556
0 0.13916533970276007 0.4544114177872139 0.028197983014861996 0.10674687426279782
0 0.08393046709129512 0.7675748997405047 0.023885350318471336 0.07725878744987025
0 0.7864583333333334 0.525352733686067 0.04464285714285718 0.11948853615520287
