0 0.07447916666666667 0.7805555555555556 0.04375 0.07407407407407407
0 0.03515625 0.8319444444444445 0.0640625 0.07314814814814814
0 0.9013020833333333 0.6546296296296297 0.0578125 0.06666666666666667
0 0.9098958333333333 0.8143518518518519 0.06041666666666667 0.06759259259259259
0 0.12083333333333333 0.8004629629629629 0.053125 0.0712962962962963
0 0.9388020833333334 0.7083333333333334 0.04635416666666667 0.10925925925925926
0 0.809375 0.8203703703703704 0.058333333333333334 0.040740740740740744
0 0.6041666666666666 0.637962962962963 0.07083333333333333 0.06481481481481481
0 0.2375 0.8097222222222222 0.03333333333333333 0.041666666666666664
0 0.7942708333333334 0.6703703703703704 0.04895833333333333 0.10185185185185185
0 0.9341145833333333 0.5615740740740741 0.06510416666666667 0.09351851851851851
0 0.022135416666666668 0.7671296296296296 0.033854166666666664 0.05092592592592592
0 0.79983922829582 0.7504168155293557 0.0653135048231512 0.06639275931880438
