0 0.23333333333333334 0.5365740740740741 0.04791666666666667 0.09351851851851851
0 0.1375 0.44907407407407407 0.05 0.0962962962962963
0 0.25 0.5986111111111111 0.041666666666666664 0.11018518518518519
0 0.59765625 0.5157407407407407 0.0703125 0.09814814814814815
0 0.041666666666666664 0.637962962962963 0.03333333333333333 0.09444444444444444
0 0.69453125 0.6712962962962963 0.0609375 0.09814814814814815
0 0.35130208333333335 0.9083333333333333 0.0671875 0.08703703703703704
0 0.058333333333333334 0.5222222222222223 0.053125 0.0962962962962963
0 0.6328125 0.7111111111111111 0.05 0.11296296296296296
0 0.5197916666666667 0.4949074074074074 0.06666666666666667 0.11388888888888889
0 0.25364583333333335 0.8930555555555556 0.06458333333333334 0.09166666666666666
0 0.21171875 0.7407407407407407 0.0359375 0.10555555555555556
0 0.7424479166666667 0.6555555555555556 0.06510416666666667 0.1
0 0.2640625 0.737037037037037 0.058333333333333334 0.07962962962962963
0 0.13645833333333332 0.75 0.04479166666666667 0.12407407407407407
0 0.015104166666666667 0.8027777777777778 0.030208333333333334 0.06666666666666667
0 0.57734375 0.6046296296296296 0.0453125 0.10925925925925926
0 0.4713541666666667 0.8199074074074074 0.07083333333333333 0.05092592592592592
0 0.01796875 0.7055555555555556 0.0328125 0.07407407407407407
0 0.17658911192214113 0.5633279264666126 0.03763686131386861 0.08042714247093809
0 0.22201946472019463 0.9279535009462015 0.06462895377128954 0.07704785077047854
0 0.0829326923076923 0.7767094017094017 0.028846153846153834 0.053418803418803354
0 0.01903044871794872 0.7603276353276353 0.037259615384615384 0.06481481481481481
