0 0.4453125 0.8092592592592592 0.04895833333333333 0.09259259259259259
0 0.93359375 0.6421296296296296 0.043229166666666666 0.09722222222222222
0 0.21432291666666667 0.5462962962962963 0.0609375 0.08888888888888889
0 0.72421875 0.6787037037037037 0.06614583333333333 0.0962962962962963
0 0.28203125 0.549537037037037 0.04739583333333333 0.13055555555555556
0 0.26796875 0.9259259259259259 0.07552083333333333 0.08888888888888889
0 0.0296875 0.6388888888888888 0.04791666666666667 0.0962962962962963
0 0.23671875 0.8041666666666667 0.04114583333333333 0.09166666666666666
0 0.25885416666666666 0.6722222222222223 0.040625 0.10555555555555556
0 0.94921875 0.7736111111111111 0.0484375 0.06944444444444445
0 0.7809895833333333 0.6949074074074074 0.05572916666666667 0.08796296296296297
0 0.9231770833333334 0.7226851851851852 0.027604166666666666 0.05092592592592592
0 0.6763020833333333 0.7393518518518518 0.04010416666666667 0.14351851851851852
0 0.11171875 0.44722222222222224 0.0296875 0.08888888888888889
0 0.020052083333333335 0.8111111111111111 0.033854166666666664 0.06481481481481481
0 0.10426799610894942 0.36982994667819574 0.021684500648508433 0.10916558581928233
0 0.272772201946472 0.868477967018113 0.06234793187347929 0.03649635036496351
0 0.2940617396593674 0.8510746147607461 0.046000608272506106 0.04494457961611252
0 0.04261363636363636 0.7951307951307952 0.031687062937062936 0.060865060865060945
0 0.885511709245742 0.6990064882400648 0.0317442214111922 0.10915112192484458
