0 0.3971354166666667 0.925 0.07552083333333333 0.1037037037037037
0 0.2234375 0.8162037037037037 0.05 0.0824074074074074
0 0.22057291666666667 0.5453703703703704 0.0546875 0.08148148148148149
0 0.32447916666666665 0.9157407407407407 0.06979166666666667 0.08703703703703704
0 0.5895833333333333 0.5 0.06666666666666667 0.14629629629629629
0 0.4161458333333333 0.7532407407407408 0.053125 0.09907407407407408
0 0.56171875 0.7953703703703704 0.0640625 0.06851851851851852
0 0.5611979166666666 0.7287037037037037 0.0640625 0.06111111111111111
0 0.21692708333333333 0.7152777777777778 0.04114583333333333 0.11388888888888889
0 0.051041666666666666 0.6291666666666667 0.04791666666666667 0.07685185185185185
0 0.10755208333333334 0.6986111111111111 0.0515625 0.0787037037037037
0 0.26145833333333335 0.46620370370370373 0.04895833333333333 0.10462962962962963
0 0.2760416666666667 0.8138888888888889 0.06041666666666667 0.046296296296296294
0 0.47213541666666664 0.6263888888888889 0.06822916666666666 0.06944444444444445
0 0.49114583333333334 0.712037037037037 0.052083333333333336 0.06851851851851852
0 0.08020833333333334 0.7055555555555556 0.0 0.001851851851851852
0 0.7950520833333333 0.6731481481481482 0.050520833333333334 0.0962962962962963
0 0.21510416666666668 0.4708333333333333 0.04375 0.08796296296296297
0 0.01484375 0.6990740740740741 0.027604166666666666 0.07037037037037037
0 0.46796875 0.6717592592592593 0.0296875 0.05092592592592592
0 0.019308035714285722 0.7690696649029982 0.030729166666666672 0.0712962962962963
0 0.17708333333333334 0.812037037037037 0.04479166666666667 0.025925925925925925
0 0.07323232323232323 0.7457912457912457 0.02588383838383838 0.10662177328844004
0 0.15404040404040403 0.4248035914702581 0.042297979797979786 0.10325476992143658
0 0.20422979797979798 0.34736251402918067 0.03409090909090908 0.11896745230078565
0 0.671109068627451 0.716230936819172 0.062193627450980435 0.06753812636165572
0 0.008820564516129033 0.7973043608124254 0.013440860215053764 0.04442951015531662
0 0.35997596153846156 0.7840099715099714 0.0548878205128205 0.08796296296296297
