0 0.73984375 0.8560185185185185 0.0671875 0.06388888888888888
0 0.31640625 0.5791666666666667 0.06510416666666667 0.10277777777777777
0 0.09244791666666667 0.3662037037037037 0.0671875 0.12314814814814815
0 0.015625 0.8805555555555555 0.03125 0.07777777777777778
0 0.95859375 0.500462962962963 0.05677083333333333 0.10462962962962963
0 0.96796875 0.6708333333333333 0.04635416666666667 0.05277777777777778
0 0.2557291666666667 0.8157407407407408 0.04583333333333333 0.06666666666666667
0 0.08151041666666667 0.8189814814814815 0.04739583333333333 0.10648148148148148
0 0.18020833333333333 0.6333333333333333 0.06770833333333333 0.05925925925925926
0 0.9057291666666667 0.6861111111111111 0.05520833333333333 0.06296296296296296
0 0.3463541666666667 0.44722222222222224 0.06770833333333333 0.1388888888888889
0 0.2296875 0.5763888888888888 0.03333333333333333 0.12129629629629629
0 0.040364583333333336 0.7958333333333333 0.0390625 0.06018518518518518
0 0.15364583333333334 0.8282407407407407 0.04375 0.0712962962962963
0 0.4560085836909871 0.7749165474487363 0.038447782546495016 0.12478143379430927
0 0.17862955729166666 0.8528645833333334 0.038248697916666664 0.05497685185185185
0 0.92010331284153 0.7710989678202793 0.04888148907103821 0.06602914389799631
0 0.9808700478142076 0.6037492410443231 0.03721823770491805 0.08955676988463873
