0 0.17694202196382428 0.8467915590008613 0.07126130490956072 0.11879127189204702
0 0.13424580103359174 0.7757321274763135 0.04804586563307492 0.08146712604076946
0 0.19460594315245477 0.7477390180878553 0.06540697674418607 0.10443583118001727
0 0.0400718669250646 0.7292563881711168 0.03734657622739017 0.12561010623026134
0 0.04955991602067184 0.5778064886592018 0.03573158914728682 0.12345679012345671
0 0.7166505167958657 0.7987008326155612 0.0641957364341085 0.05849842090152164
0 0.745922157622739 0.7437912718920471 0.0682332041343668 0.0843382141831754
0 0.7891230620155039 0.6583763996554695 0.0738856589147287 0.12525122021246046
0 0.8358567506459949 0.8214900947459086 0.04784399224806203 0.03875968992248065
0 0.9041908914728682 0.6842161929371232 0.05006459948320412 0.10443583118001727
0 0.9394177971576226 0.7030577088716623 0.048651485788113645 0.11197243755383281
0 0.9393168604651163 0.8089290841228826 0.03674095607235148 0.03947746195808219
0 0.9885739664082688 0.7457651449899512 0.02099483204134363 0.11125466551823138
0 0.9789849806201549 0.530792420327304 0.04057655038759691 0.09618145277059997
0 0.2801238738738739 0.8075575575575574 0.05349099099099099 0.05855855855855854
