0 0.2799479166666667 0.6810185185185185 0.0640625 0.06759259259259259
0 0.08229166666666667 0.3962962962962963 0.042708333333333334 0.10740740740740741
0 0.35 0.9046296296296297 0.058333333333333334 0.09814814814814815
0 0.15130208333333334 0.48518518518518516 0.05260416666666667 0.10925925925925926
0 0.34921875 0.6013888888888889 0.06197916666666667 0.08796296296296297
0 0.2677083333333333 0.5902777777777778 0.052083333333333336 0.11203703703703703
0 0.05416666666666667 0.5180555555555556 0.052083333333333336 0.08611111111111111
0 0.5625 0.6787037037037037 0.0625 0.07407407407407407
0 0.04791666666666667 0.6342592592592593 0.059375 0.06666666666666667
0 0.9583333333333334 0.775 0.051041666666666666 0.08888888888888889
0 0.49244791666666665 0.7148148148148148 0.0578125 0.09259259259259259
0 0.14921875 0.8166666666666667 0.059895833333333336 0.08333333333333333
0 0.9119791666666667 0.8111111111111111 0.04583333333333333 0.044444444444444446
0 0.846875 0.812962962962963 0.034375 0.04259259259259259
0 0.8705729166666667 0.7666666666666667 0.03177083333333333 0.07592592592592592
0 0.45286458333333335 0.5564814814814815 0.07864583333333333 0.08703703703703704
0 0.90234375 0.762962962962963 0.0328125 0.07037037037037037
0 0.03515625 0.6921296296296297 0.034895833333333334 0.06944444444444445
0 0.0203125 0.7486111111111111 0.03229166666666667 0.06944444444444445
0 0.9908854166666666 0.42916666666666664 0.0171875 0.06944444444444445
0 0.0109375 0.7981481481481482 0.019791666666666666 0.05740740740740741
0 0.2710614355231143 0.8062989997296566 0.06234793187347932 0.04595836712625035
0 0.2706812652068126 0.7559475533928088 0.04029805352798054 0.05339280886726143
0 0.7725145042194093 0.6003867791842474 0.06362078059071727 0.07559774964838263
0 0.7827333860759492 0.4802508204406939 0.0458201476793248 0.11310360993905298
