0 0.221875 0.7518518518518519 0.059375 0.10740740740740741
0 0.9067708333333333 0.6796296296296296 0.058333333333333334 0.07037037037037037
0 0.09869791666666666 0.8337962962962963 0.0578125 0.0787037037037037
0 0.76171875 0.8416666666666667 0.059895833333333336 0.06666666666666667
0 0.9729166666666667 0.6125 0.034375 0.10277777777777777
0 0.06369426751592357 0.3211252653927813 0.03383757961783439 0.09613116301014392
0 0.06722383720930232 0.7952465546942291 0.04542151162790697 0.04225882859603787
0 0.035655886627906974 0.7870370370370371 0.030129602713178293 0.036606373815676135
0 0.06253028100775194 0.8677863910422049 0.04784399224806202 0.05114125753660643
0 0.48374926383981154 0.8513283601622824 0.025949646643109503 0.051040439733019284
0 0.9225927561837455 0.7723138332678968 0.03533568904593641 0.09193822798063075
0 0.9848903121319199 0.7096584216725559 0.028894287396937557 0.09422850412249699
