0 0.9286458333333333 0.4777777777777778 0.06354166666666666 0.08888888888888889
0 0.9619791666666667 0.5828703703703704 0.05416666666666667 0.10092592592592593
0 0.10026041666666667 0.8467592592592592 0.0546875 0.08796296296296297
0 0.8997395833333334 0.6699074074074074 0.0515625 0.06574074074074074
0 0.9604166666666667 0.8152777777777778 0.0375 0.07314814814814814
0 0.19427083333333334 0.6439814814814815 0.05520833333333333 0.11203703703703703
0 0.13567708333333334 0.6180555555555556 0.0390625 0.08981481481481482
0 0.86875 0.6041666666666666 0.05625 0.08796296296296297
0 0.11979166666666667 0.7379629629629629 0.040625 0.08333333333333333
0 0.8432291666666667 0.8152777777777778 0.057291666666666664 0.0824074074074074
0 0.08333333333333333 0.6296296296296297 0.03958333333333333 0.06666666666666667
0 0.06458333333333334 0.5796296296296296 0.05625 0.08148148148148149
0 0.09505208333333333 0.6828703703703703 0.0421875 0.05648148148148148
0 0.7505208333333333 0.8231481481481482 0.041666666666666664 0.2037037037037037
0 0.07291666666666667 0.8037037037037037 0.027083333333333334 0.046296296296296294
0 0.023830581761006286 0.6197589098532493 0.0447130503144654 0.06201956673654786
0 0.028498427672955972 0.6721698113207547 0.02702437106918239 0.10132774283717683
0 0.045642921146953404 0.7888623390415505 0.02370818399044205 0.06504712597902569
0 0.05787037037037037 0.7306186114429842 0.026508363201911588 0.06471525288729588
0 0.012787485065710872 0.7885304659498207 0.02333482676224612 0.048453471392539464
0 0.1776384535005225 0.8160629281318937 0.03526645768025079 0.06008359456635322
0 0.27969858156028365 0.8772655634357761 0.04964539007092199 0.07919621749408981
0 0.5596700385356453 0.5999785913080711 0.058405587668593384 0.09419824448726186
0 0.82864336492891 0.20449359311918552 0.04591232227488149 0.11760575741618395
