0 0.18697916666666667 0.874537037037037 0.078125 0.08055555555555556
0 0.94140625 0.7087962962962963 0.043229166666666666 0.11203703703703703
0 0.07109375 0.6407407407407407 0.043229166666666666 0.08888888888888889
0 0.9752604166666666 0.8055555555555556 0.0484375 0.07407407407407407
0 0.9559895833333333 0.3296296296296296 0.050520833333333334 0.1111111111111111
0 0.9390625 0.41064814814814815 0.040625 0.13055555555555556
0 0.09869791666666666 0.736574074074074 0.04635416666666667 0.08611111111111111
0 0.011458333333333333 0.31666666666666665 0.021875 0.10185185185185185
0 0.8669270833333333 0.4134259259259259 0.043229166666666666 0.09537037037037037
0 0.027864583333333335 0.6513888888888889 0.025520833333333333 0.10277777777777777
0 0.011197916666666667 0.8143518518518519 0.021354166666666667 0.07314814814814814
0 0.75390625 0.8314814814814815 0.0234375 0.02962962962962963
0 0.8889110756123536 0.3301384451544196 0.06722577209797649 0.09288841557212166
0 0.8155284877529287 0.5333688320908769 0.066227369542066 0.14731984380546684
