0 0.9416666666666667 0.7097222222222223 0.042708333333333334 0.11203703703703703
0 0.05416666666666667 0.837037037037037 0.06354166666666666 0.08703703703703704
0 0.04973958333333333 0.5819444444444445 0.0328125 0.1175925925925926
0 0.7065104166666667 0.7625 0.04010416666666667 0.11203703703703703
0 0.9411458333333333 0.6097222222222223 0.05625 0.05648148148148148
0 0.11770833333333333 0.7509259259259259 0.042708333333333334 0.09444444444444444
0 0.8463541666666666 0.3476851851851852 0.065625 0.09722222222222222
0 0.0703125 0.7194444444444444 0.028125 0.0962962962962963
0 0.8765625 0.42268518518518516 0.040625 0.08796296296296297
0 0.9104166666666667 0.47638888888888886 0.04791666666666667 0.1287037037037037
0 0.047135416666666666 0.2824074074074074 0.05364583333333333 0.1
0 0.02265625 0.7574074074074074 0.0359375 0.09259259259259259
0 0.024479166666666666 0.7888888888888889 0.030208333333333334 0.06111111111111111
0 0.9903645833333333 0.7564814814814815 0.018229166666666668 0.1111111111111111
0 0.9025254360465117 0.8096468561584841 0.0641957364341085 0.07052110249784665
0 0.7825406948493683 0.5628441852931648 0.08123785228377069 0.12525645178706404
