0 0.17916666666666667 0.5027777777777778 0.053125 0.09444444444444444
0 0.21380208333333334 0.5921296296296297 0.06197916666666667 0.09351851851851851
0 0.7216145833333333 0.8976851851851851 0.05572916666666667 0.10462962962962963
0 0.5166666666666667 0.7263888888888889 0.06041666666666667 0.1175925925925926
0 0.3341145833333333 0.9208333333333333 0.07239583333333334 0.08796296296296297
0 0.28671875 0.5481481481481482 0.06614583333333333 0.10925925925925926
0 0.284375 0.7472222222222222 0.06458333333333334 0.07777777777777778
0 0.14817708333333332 0.8125 0.06822916666666666 0.075
0 0.321875 0.8203703703703704 0.06354166666666666 0.05185185185185185
0 0.41510416666666666 0.6226851851851852 0.04583333333333333 0.14907407407407408
0 0.396875 0.7291666666666666 0.06354166666666666 0.09166666666666666
0 0.0578125 0.8004629629629629 0.03333333333333333 0.06574074074074074
0 0.67578125 0.6365740740740741 0.0453125 0.10277777777777777
0 0.1671875 0.6092592592592593 0.040625 0.1
0 0.14973958333333334 0.5601851851851852 0.0005208333333333333 0.005555555555555556
0 0.0890625 0.674537037037037 0.036458333333333336 0.08611111111111111
0 0.021614583333333333 0.7870370370370371 0.04114583333333333 0.07592592592592592
0 0.8893229166666666 0.625 0.044270833333333336 0.08333333333333333
0 0.61875 0.6537037037037037 0.06458333333333334 0.05185185185185185
0 0.023958333333333335 0.7189814814814814 0.042708333333333334 0.08055555555555556
0 0.22682291666666668 0.7981481481481482 0.04635416666666667 0.053703703703703705
0 0.6565104166666667 0.8305555555555556 0.0515625 0.03888888888888889
0 0.06796875 0.7861111111111111 0.0005208333333333333 0.001851851851851852
0 0.0904471544715447 0.5901309846431797 0.045096544715447155 0.08468834688346887
0 0.12942930911680914 0.685343463121241 0.030938390313390317 0.08784425451092122
0 0.1349937678062678 0.5917616334283002 0.022480413105413103 0.09773662551440328
0 0.8940972222222221 0.49407996152930017 0.036536069651741346 0.11843447621872583
0 0.08754863813229573 0.7882980256521114 0.034452010376134885 0.040351635682374945
0 0.8506067620650953 0.8068337697967327 0.04752384960718293 0.05923431849357775
