0 0.5972923681257014 0.5822109988776655 0.06207912457912457 0.11067464771168474
0 0.6244739057239056 0.4442573887018331 0.06663860830527497 0.15213867065718914
0 0.7464400953984287 0.6144781144781144 0.0720749158249158 0.14527996009477492
0 0.7816007295173961 0.7019266741488964 0.062429854096520764 0.08261628631999006
0 0.7821268237934904 0.3697468512283327 0.059624017957351325 0.1602444195036788
0 0.9351325757575758 0.7072265868562164 0.05418771043771038 0.11316872427983535
0 0.9580176767676767 0.8091719665793738 0.044893378226711654 0.07887517146776399
0 0.8827861952861952 0.815251278214241 0.025603254769921455 0.06546950991395444
0 0.8353500280583613 0.7416760194537971 0.07102272727272733 0.11410400299289186
0 0.5700928714859437 0.750780901383311 0.06149598393574287 0.12438643462739842
0 0.9767568407960198 0.2547447945457896 0.04327321724709776 0.12161415146489771
0 0.9837531094527362 0.5002763957987838 0.030317164179104475 0.12714206744057485
0 0.3156887755102041 0.8314436885865457 0.05314625850340136 0.09221466364323505
0 0.2546164772727273 0.8510101010101009 0.058475378787878805 0.08333333333333333
0 0.12002840909090909 0.5744949494949495 0.05539772727272728 0.10774410774410775
0 0.06972064393939394 0.5502946127946128 0.03906249999999999 0.13425925925925927
0 0.6542193700396826 0.8192791005291006 0.04789806547619051 0.1295194003527337
