0 0.32424943883277213 0.5672465394687617 0.0603254769921436 0.0732634991894252
0 0.13555695847362514 0.6147898740491333 0.07540684624017956 0.10849233071455297
0 0.17124368686868685 0.5254707569522383 0.02823372615039282 0.13873300910337946
0 0.10627104377104377 0.7896869933906971 0.05190796857463525 0.06983414390821796
0 0.13923961840628507 0.6074635241301908 0.000350729517396194 0.00031175957101883914
0 0.1387135241301908 0.6074635241301908 0.0 0.00031175957101883914
0 0.2420504385964912 0.7636452241715399 0.04550438596491227 0.09649122807017545
0 0.18705197132616486 0.7984866587017123 0.03808243727598567 0.05475906013540421
0 0.6045586917562723 0.8393070489844683 0.0767249103942652 0.0657108721624851
0 0.2759576612903226 0.8485165272799681 0.06356406810035843 0.09906411788132219
0 0.03192204301075269 0.6951911589008363 0.04368279569892473 0.09707287933094377
0 0.5474049176356589 0.6139642549526271 0.0628330910852713 0.12112403100775197
0 0.8501392926356589 0.6992894056847545 0.061167635658914796 0.07105943152454776
0 0.9661155523255814 0.5061638673557278 0.042999031007751994 0.12193152454780364
0 0.9400738856589148 0.717323428079242 0.03936531007751931 0.0936692506459949
0 0.9331849563953488 0.647071490094746 0.05072068798449614 0.10282084409991386
