0 0.2090703616352201 0.8453441649196367 0.06436713836477986 0.08953529000698814
0 0.28891509433962265 0.7346261355695318 0.058962264150943404 0.14587700908455623
0 0.16398879716981132 0.7717505241090146 0.04250196540880505 0.09783368273934312
0 0.11227397798742136 0.7586477987421383 0.04618710691823898 0.09958071278825992
0 0.17983490566037735 0.5944269741439553 0.07959905660377356 0.11617749825297
0 0.03683574879227052 0.6776704240472357 0.041062801932367145 0.10520665593129364
0 0.05925422705314009 0.632313472893183 0.03940217391304348 0.10681696188942569
0 0.5975582437275986 0.8089406610911987 0.06104390681003575 0.08562325766626844
0 0.8339662905092593 0.6706532921810701 0.06383825231481476 0.11059670781893005
0 0.8705873842592593 0.6741898148148148 0.05823206018518524 0.11831275720164613
0 0.936008029513889 0.7060185185185185 0.048828125 0.11863425925925926
0 0.9659323770491802 0.7859744990892531 0.03773907103825138 0.07043108682452937
