0 0.3052351573676681 0.5750278175170879 0.06594241773962803 0.07947862025115245
0 0.23381616595135907 0.7538547130821809 0.04381258941344779 0.08981084088380228
0 0.18564467095851214 0.7757113336512478 0.0382242489270386 0.09934827531394055
0 0.0828192060085837 0.7878318232395486 0.04940092989985693 0.07113336512478144
0 0.965665236051502 0.5058814178985853 0.045153791130185895 0.12875536480686695
0 0.8418276108726752 0.6988157685582578 0.05856580829756789 0.09497695120012711
0 0.9347058297567955 0.649936417103799 0.05387160228898426 0.09736130980766172
0 0.9391765021459227 0.718486727070418 0.043589055793991346 0.09934827531394055
0 0.5450867310443491 0.6207280241615005 0.05476573676680972 0.10411699252900969
0 0.5845404148783977 0.8369098712446352 0.05767167381974249 0.07153075822603723
