0 0.9786458333333333 0.575925925925926 0.041666666666666664 0.08333333333333333
0 0.8986979166666667 0.8379629629629629 0.07552083333333333 0.06851851851851852
0 0.24947916666666667 0.5504629629629629 0.051041666666666666 0.11203703703703703
0 0.8078125 0.40046296296296297 0.05520833333333333 0.1175925925925926
0 0.15520833333333334 0.549074074074074 0.053125 0.09259259259259259
0 0.60546875 0.5967592592592592 0.05677083333333333 0.1361111111111111
0 0.915625 0.5009259259259259 0.059375 0.09444444444444444
0 0.9083333333333333 0.6949074074074074 0.05625 0.11203703703703703
0 0.11171875 0.6370370370370371 0.034895833333333334 0.09814814814814815
0 0.1359375 0.874537037037037 0.059375 0.08425925925925926
0 0.04635416666666667 0.7180555555555556 0.05 0.08055555555555556
0 0.040364583333333336 0.8569444444444444 0.04739583333333333 0.075
0 0.2328125 0.8444444444444444 0.05416666666666667 0.07962962962962963
0 0.9143229166666667 0.600462962962963 0.05572916666666667 0.062037037037037036
0 0.9716145833333333 0.7912037037037037 0.044270833333333336 0.10833333333333334
0 0.44921875 0.6972222222222222 0.0026041666666666665 0.001851851851851852
0 0.029427083333333333 0.3861111111111111 0.034895833333333334 0.1
0 0.0234375 0.5 0.025 0.11851851851851852
0 0.4561611374407583 0.6597770756538529 0.07059636650868875 0.04870984728804636
0 0.33458981841763946 0.8144185041072202 0.03809987029831383 0.09979824182158815
0 0.37350032425421537 0.8207234471825913 0.029588197146562873 0.07782101167315168
0 0.19799773022049288 0.7796512465773167 0.02918287937743192 0.1102464332036316
0 0.13525989409141584 0.7412052520748174 0.022122352285395764 0.09816672860151128
0 0.14362109810479373 0.6826768239811717 0.017941750278706793 0.04676080763037286
0 0.04015119843924191 0.7933853586027498 0.03570930880713489 0.05016722408026761
0 0.09955058528428093 0.8118109748544531 0.03849637681159419 0.03251579338535854
0 0.07211538461538461 0.8000433543911805 0.019161092530657748 0.03808992939427722
0 0.009057971014492754 0.6504707048185309 0.017419175027870677 0.04861885296667912
0 0.019857859531772572 0.5693360584664932 0.039367335562987736 0.0554316858664684
0 0.766332091611479 0.7168260976207995 0.03707919426048569 0.08646063281824878
