0 0.9416666666666667 0.7101851851851851 0.04375 0.1111111111111111
0 0.9127604166666666 0.6319444444444444 0.058854166666666666 0.08611111111111111
0 0.12083333333333333 0.7717592592592593 0.04791666666666667 0.0824074074074074
0 0.07057291666666667 0.763425925925926 0.028645833333333332 0.07314814814814814
0 0.7890625 0.5578703703703703 0.059375 0.09351851851851851
0 0.88984375 0.8106481481481481 0.05677083333333333 0.058333333333333334
0 0.9377604166666667 0.5291666666666667 0.0640625 0.10092592592592593
0 0.8817708333333333 0.39537037037037037 0.03958333333333333 0.10740740740740741
0 0.0515625 0.8384259259259259 0.06354166666666666 0.0787037037037037
0 0.721875 0.7287037037037037 0.06458333333333334 0.07962962962962963
0 0.10026041666666667 0.32916666666666666 0.0421875 0.13055555555555556
0 0.010029440995559809 0.7844141516614652 0.019270833333333334 0.09259259259259259
0 0.8458635265700483 0.3417874396135266 0.0673309178743961 0.11996779388083738
0 0.046296296296296294 0.6790123456790124 0.02818035426731079 0.1100375738056898
