0 0.2140625 0.8310185185185185 0.06458333333333334 0.05462962962962963
0 0.9606770833333333 0.2564814814814815 0.05677083333333333 0.10740740740740741
0 0.9841145833333333 0.5842592592592593 0.030729166666666665 0.08518518518518518
0 0.8138020833333334 0.8476851851851852 0.05364583333333333 0.04537037037037037
0 0.9315104166666667 0.5092592592592593 0.058854166666666666 0.12037037037037036
0 0.13072916666666667 0.6236111111111111 0.06354166666666666 0.05092592592592592
0 0.15625 0.8171296296296297 0.029166666666666667 0.049074074074074076
0 0.5036458333333333 0.8550925925925926 0.053125 0.04722222222222222
0 0.16536458333333334 0.6888888888888889 0.04739583333333333 0.07592592592592592
0 0.1390625 0.7597222222222222 0.041666666666666664 0.0712962962962963
0 0.01796875 0.8652777777777778 0.034895833333333334 0.05462962962962963
0 0.1265625 0.4981481481481482 0.0375 0.13148148148148148
0 0.9294270833333333 0.7782407407407408 0.04010416666666667 0.10277777777777777
0 0.9854166666666667 0.6787037037037037 0.027083333333333334 0.08333333333333333
0 0.9096354166666667 0.6777777777777778 0.05364583333333333 0.08148148148148149
0 0.07630208333333334 0.5268518518518519 0.05364583333333333 0.1111111111111111
0 0.03984375 0.7972222222222223 0.044270833333333336 0.06851851851851852
0 0.26223958333333336 0.6722222222222223 0.04739583333333333 0.1111111111111111
0 0.3265625 0.1361111111111111 0.06041666666666667 0.07222222222222222
0 0.38310592723004694 0.4805685967657799 0.06932218309859153 0.05998956703182056
0 0.0755375267094017 0.8128561253561253 0.02787793803418804 0.06410256410256415
