0 0.94140625 0.7078703703703704 0.0421875 0.11574074074074074
0 0.9877604166666667 0.4236111111111111 0.0234375 0.09722222222222222
0 0.2708333333333333 0.8481481481481481 0.06875 0.09074074074074075
0 0.9619791666666667 0.8037037037037037 0.059375 0.07962962962962963
0 0.12161458333333333 0.7861111111111111 0.05572916666666667 0.05555555555555555
0 0.83828125 0.3685185185185185 0.05572916666666667 0.10925925925925926
0 0.8283854166666667 0.48703703703703705 0.04739583333333333 0.11481481481481481
0 0.9127604166666666 0.30092592592592593 0.0546875 0.10555555555555556
0 0.06145833333333333 0.6643518518518519 0.023958333333333335 0.09907407407407408
0 0.08333333333333333 0.7226851851851852 0.03229166666666667 0.08981481481481482
0 0.3671875 0.40879629629629627 0.03229166666666667 0.1361111111111111
0 0.94453125 0.33425925925925926 0.030729166666666665 0.12777777777777777
0 0.43515625 0.8393518518518519 0.027604166666666666 0.15092592592592594
0 0.03723958333333333 0.6388888888888888 0.050520833333333334 0.05925925925925926
0 0.7768229166666667 0.19027777777777777 0.04739583333333333 0.11388888888888889
0 0.011458333333333333 0.7986111111111112 0.021875 0.06388888888888888
0 0.0484375 0.7638888888888888 0.023958333333333335 0.06481481481481481
