0 0.5825520833333333 0.4791666666666667 0.06927083333333334 0.125
0 0.9591145833333333 0.9152777777777777 0.06614583333333333 0.1175925925925926
0 0.8822916666666667 0.6282407407407408 0.05625 0.06018518518518518
0 0.8145833333333333 0.4462962962962963 0.06041666666666667 0.1111111111111111
0 0.15234375 0.5574074074074075 0.0453125 0.13333333333333333
0 0.24270833333333333 0.8652777777777778 0.06354166666666666 0.09166666666666666
0 0.9036458333333334 0.6935185185185185 0.04583333333333333 0.0962962962962963
0 0.8119791666666667 0.0699074074074074 0.07291666666666667 0.10092592592592593
0 0.7098958333333333 0.8134259259259259 0.03854166666666667 0.0712962962962963
0 0.940625 0.7212962962962963 0.041666666666666664 0.10185185185185185
0 0.98203125 0.5439814814814815 0.034895833333333334 0.08611111111111111
0 0.1953125 0.8083333333333333 0.025 0.037037037037037035
0 0.9885416666666667 0.4564814814814815 0.020833333333333332 0.06666666666666667
0 0.09164878397711015 0.7862422508345255 0.03353004291845494 0.08067079955491971
