0 0.17369791666666667 0.4444444444444444 0.0609375 0.10185185185185185
0 0.1625 0.5208333333333334 0.05416666666666667 0.05648148148148148
0 0.32083333333333336 0.9143518518518519 0.07083333333333333 0.08611111111111111
0 0.10546875 0.7898148148148149 0.059895833333333336 0.06111111111111111
0 0.18828125 0.562037037037037 0.04635416666666667 0.1
0 0.11770833333333333 0.6347222222222222 0.057291666666666664 0.08425925925925926
0 0.41015625 0.75 0.059895833333333336 0.08703703703703704
0 0.5020833333333333 0.8287037037037037 0.034375 0.044444444444444446
0 0.4083333333333333 0.6666666666666666 0.065625 0.07407407407407407
0 0.22994791666666667 0.8310185185185185 0.07552083333333333 0.09166666666666666
0 0.61484375 0.5782407407407407 0.0390625 0.12685185185185185
0 0.4283854166666667 0.9291666666666667 0.0921875 0.10648148148148148
0 0.03515625 0.6560185185185186 0.0390625 0.09351851851851851
0 0.07057291666666667 0.6208333333333333 0.049479166666666664 0.062037037037037036
0 0.5950520833333334 0.7967592592592593 0.06614583333333333 0.05462962962962963
0 0.9838541666666667 0.6800925925925926 0.029166666666666667 0.075
0 0.8486979166666667 0.6083333333333333 0.06822916666666666 0.06111111111111111
0 0.4739583333333333 0.6555555555555556 0.06666666666666667 0.10740740740740741
0 0.013802083333333333 0.7046296296296296 0.025520833333333333 0.05740740740740741
0 0.01328125 0.7828703703703703 0.025520833333333333 0.09166666666666666
0 0.6583333333333333 0.8337962962962963 0.05416666666666667 0.03425925925925926
0 0.5672200520833334 0.7188326719576719 0.060221354166666664 0.05291005291005288
0 0.5464099702380952 0.6398809523809522 0.03999255952380955 0.09920634920634928
0 0.5147569444444444 0.6442901234567902 0.04270833333333327 0.12314814814814815
0 0.2308917197452229 0.5181056853031376 0.03715498938428876 0.10910592120783207
