0 0.1671875 0.49907407407407406 0.053125 0.1259259259259259
0 0.11848958333333333 0.8449074074074074 0.07135416666666666 0.075
0 0.8703125 0.8175925925925925 0.06666666666666667 0.07407407407407407
0 0.9372395833333333 0.7083333333333334 0.04739583333333333 0.10740740740740741
0 0.8096354166666667 0.6944444444444444 0.05572916666666667 0.09074074074074075
0 0.34765625 0.8287037037037037 0.0765625 0.10740740740740741
0 0.03411458333333333 0.5990740740740741 0.03177083333333333 0.1037037037037037
0 0.96171875 0.7837962962962963 0.03697916666666667 0.0712962962962963
0 0.7690104166666667 0.7949074074074074 0.03697916666666667 0.075
0 0.7278645833333334 0.6694444444444444 0.028645833333333332 0.12962962962962962
0 0.0125 0.45694444444444443 0.022916666666666665 0.0787037037037037
0 0.009114583333333334 0.6203703703703703 0.0171875 0.1037037037037037
0 0.07061298076923078 0.6389482431149097 0.04340277777777778 0.1145536562203229
