0 0.5520833333333334 0.7402777777777778 0.06041666666666667 0.08055555555555556
0 0.05390625 0.6259259259259259 0.04114583333333333 0.08148148148148149
0 0.7856770833333333 0.6888888888888889 0.05677083333333333 0.0962962962962963
0 0.19973958333333333 0.8194444444444444 0.0640625 0.07777777777777778
0 0.4002604166666667 0.9273148148148148 0.0703125 0.09166666666666666
0 0.06901041666666667 0.6884259259259259 0.027604166666666666 0.10277777777777777
0 0.48489583333333336 0.7138888888888889 0.06666666666666667 0.05740740740740741
0 0.23463541666666668 0.5356481481481481 0.0484375 0.07685185185185185
0 0.4479166666666667 0.774537037037037 0.06979166666666667 0.05277777777777778
0 0.6 0.7763888888888889 0.065625 0.07685185185185185
0 0.2890625 0.8171296296296297 0.06145833333333333 0.05462962962962963
0 0.21041666666666667 0.4615740740740741 0.05 0.08796296296296297
0 0.68515625 0.7055555555555556 0.06302083333333333 0.08518518518518518
0 0.48359375 0.6208333333333333 0.06927083333333334 0.10277777777777777
0 0.2604166666666667 0.4564814814814815 0.057291666666666664 0.07962962962962963
0 0.11614583333333334 0.6921296296296297 0.05416666666666667 0.09907407407407408
0 0.5854166666666667 0.4638888888888889 0.04895833333333333 0.15
0 0.022395833333333334 0.7671296296296296 0.03958333333333333 0.08055555555555556
0 0.016145833333333335 0.7041666666666667 0.030208333333333334 0.058333333333333334
0 0.15572916666666667 0.8018518518518518 0.027083333333333334 0.04259259259259259
0 0.006510416666666667 0.7666666666666667 0.0005208333333333333 0.0
0 0.3321981837606838 0.7855531813865146 0.05608974358974355 0.06350902184235513
0 0.2292000534188034 0.625 0.040397970085470074 0.09377967711301044
0 0.21267361111111113 0.7140313390313391 0.02938034188034188 0.10683760683760682
0 0.1583257850241546 0.4166666666666667 0.03132548309178743 0.10466988727858292
0 0.33180361305361306 0.9048821548821548 0.06555944055944056 0.05115255115255121
0 0.011108682983682984 0.8087283087283087 0.02003205128205128 0.05050505050505047
