0 0.24088541666666666 0.6504629629629629 0.05260416666666667 0.09722222222222222
0 0.6677083333333333 0.5222222222222223 0.07083333333333333 0.09814814814814815
0 0.14661458333333333 0.45 0.05260416666666667 0.0962962962962963
0 0.15520833333333334 0.8638888888888889 0.08020833333333334 0.09074074074074075
0 0.08489583333333334 0.7592592592592593 0.040625 0.09074074074074075
0 0.21614583333333334 0.6916666666666667 0.053125 0.08148148148148149
0 0.22057291666666667 0.7726851851851851 0.04114583333333333 0.0824074074074074
0 0.34765625 0.9060185185185186 0.0671875 0.09537037037037037
0 0.020833333333333332 0.4050925925925926 0.040625 0.08796296296296297
0 0.8942708333333333 0.6787037037037037 0.053125 0.07777777777777778
0 0.40963541666666664 0.8361111111111111 0.07135416666666666 0.07777777777777778
0 0.35625 0.7347222222222223 0.06041666666666667 0.10092592592592593
0 0.425 0.7606481481481482 0.042708333333333334 0.075
0 0.25703125 0.8111111111111111 0.05260416666666667 0.044444444444444446
0 0.4674479166666667 0.7615740740740741 0.0296875 0.11203703703703703
0 0.8697916666666666 0.7842592592592592 0.026041666666666668 0.09259259259259259
0 0.9674479166666666 0.7712962962962963 0.0453125 0.08148148148148149
0 0.85 0.825925925925926 0.052083333333333336 0.02962962962962963
0 0.8786458333333333 0.8037037037037037 0.0010416666666666667 0.003703703703703704
0 0.4973958333333333 0.8314814814814815 0.025 0.03333333333333333
0 0.0925925925925926 0.5452674897119342 0.032051282051282055 0.10762899651788534
0 0.16292735042735043 0.571383349161127 0.05163817663817663 0.0981323203545426
0 0.9691061253561254 0.6766381766381767 0.02136752136752141 0.10288065843621397
