0 0.9239583333333333 0.7300925925925926 0.041666666666666664 0.09351851851851851
0 0.10364583333333334 0.8328703703703704 0.06145833333333333 0.08425925925925926
0 0.22994791666666667 0.7972222222222223 0.0515625 0.09074074074074075
0 0.9208333333333333 0.8111111111111111 0.04479166666666667 0.08333333333333333
0 0.03697916666666667 0.7185185185185186 0.05625 0.046296296296296294
0 0.7716145833333333 0.8495370370370371 0.027604166666666666 0.04722222222222222
0 0.11119791666666666 0.6787037037037037 0.04114583333333333 0.1
0 0.22239583333333332 0.6291666666666667 0.042708333333333334 0.12685185185185185
0 0.032552083333333336 0.7907407407407407 0.03177083333333333 0.05
0 0.07633673104434906 0.2996343983468447 0.051189198855507864 0.046097599745668405
0 0.17290325464949927 0.6805356859004927 0.028835836909871244 0.0981560960101733
0 0.06225411301859799 0.7979653473215704 0.032412374821173096 0.05881417898585276
0 0.006370708154506438 0.8603560642187252 0.01184728183118741 0.03020187569543785
0 0.45701448497854075 0.7987601335240819 0.04001251788268956 0.09378477189635985
0 0.9070994277539342 0.6721904307741218 0.04068311874105864 0.09338737879510406
