0 0.7700520833333333 0.7916666666666666 0.05364583333333333 0.08148148148148149
0 0.31927083333333334 0.8513888888888889 0.07083333333333333 0.08611111111111111
0 0.37447916666666664 0.7754629629629629 0.052083333333333336 0.10092592592592593
0 0.12526041666666668 0.9481481481481482 0.0703125 0.09074074074074075
0 0.21380208333333334 0.8513888888888889 0.059895833333333336 0.08611111111111111
0 0.9828125 0.575462962962963 0.03125 0.10833333333333334
0 0.11536458333333334 0.8115740740740741 0.024479166666666666 0.049074074074074076
0 0.9364583333333333 0.5981481481481481 0.04583333333333333 0.11851851851851852
0 0.92421875 0.7685185185185185 0.0484375 0.08703703703703704
0 0.05807291666666667 0.5851851851851851 0.0484375 0.09814814814814815
0 0.41484375 0.8162037037037037 0.044270833333333336 0.10092592592592593
0 0.7567708333333333 0.8513888888888889 0.057291666666666664 0.04351851851851852
0 0.8518229166666667 0.7648148148148148 0.0296875 0.10925925925925926
0 0.44296875 0.8388888888888889 0.04114583333333333 0.05555555555555555
0 0.7486979166666666 0.725 0.0296875 0.12962962962962962
0 0.04348958333333333 0.7981481481481482 0.04114583333333333 0.05925925925925926
0 0.07395833333333333 0.8027777777777778 0.021875 0.04259259259259259
0 0.13515625 0.6810185185185185 0.0296875 0.11388888888888889
0 0.04088541666666667 0.7541666666666667 0.03802083333333333 0.049074074074074076
0 0.02908154993514916 0.64526588845655 0.03465466926070039 0.0893500504395446
0 0.13608544098573283 0.550151318633809 0.03303339818417639 0.10664360858913381
