0 0.1375 0.8800925925925925 0.07291666666666667 0.08055555555555556
0 0.8755208333333333 0.5921296296296297 0.06666666666666667 0.11018518518518519
0 0.2869791666666667 0.8763888888888889 0.07083333333333333 0.08425925925925926
0 0.14166666666666666 0.7907407407407407 0.035416666666666666 0.053703703703703705
0 0.8083333333333333 0.48657407407407405 0.07083333333333333 0.09722222222222222
0 0.9372395833333333 0.7064814814814815 0.049479166666666664 0.11296296296296296
0 0.11744791666666667 0.6398148148148148 0.025520833333333333 0.12222222222222222
0 0.6450520833333333 0.8337962962962963 0.044270833333333336 0.04351851851851852
0 0.596875 0.6574074074074074 0.06875 0.07592592592592592
0 0.7247395833333333 0.8050925925925926 0.03802083333333333 0.0787037037037037
0 0.33958333333333335 0.7537037037037037 0.040625 0.1111111111111111
0 0.20755208333333333 0.2569444444444444 0.03802083333333333 0.09351851851851851
0 0.9903645833333333 0.7578703703703704 0.018229166666666668 0.11018518518518519
