0 0.38190349842767296 0.7147536687631026 0.07050904088050315 0.11748777078965755
0 0.42145735062893075 0.8197938504542277 0.06363011006289311 0.11006289308176097
0 0.2460446147798742 0.8549528301886792 0.08279284591194967 0.09739692522711396
0 0.2568543632075472 0.756027253668763 0.030709512578616347 0.10482180293501044
0 0.1399125393081761 0.8394479385045422 0.07050904088050315 0.12229210342417891
0 0.10711477987421383 0.6942260656883298 0.04569575471698113 0.10089098532494757
0 0.048889544025157224 0.6507686932215233 0.029481132075471695 0.1179245283018868
0 0.7190671741452992 0.8041013770180436 0.06326789529914525 0.09110873694207029
0 0.7662259615384616 0.7819919278252611 0.06410256410256411 0.11396011396011398
0 0.7837540064102565 0.64429012345679 0.05341880341880353 0.11752136752136762
0 0.9343282585470085 0.7060185185185185 0.05375267094017104 0.11336657169990505
0 0.9815705128205128 0.7821403133903133 0.03305288461538467 0.08932811016144353
0 0.8491085737179487 0.7805080721747389 0.05258413461538467 0.10327635327635329
0 0.977786680911681 0.5114355808800254 0.040954415954415894 0.1119816397594175
