0 0.22526041666666666 0.9476851851851852 0.07864583333333333 0.09907407407407408
0 0.28359375 0.5592592592592592 0.0640625 0.09259259259259259
0 0.18255208333333334 0.8870370370370371 0.06197916666666667 0.0962962962962963
0 0.15885416666666666 0.5601851851851852 0.042708333333333334 0.09074074074074075
0 0.35625 0.6402777777777777 0.06666666666666667 0.075
0 0.03723958333333333 0.6342592592592593 0.043229166666666666 0.08333333333333333
0 0.8697916666666666 0.7837962962962963 0.05 0.09722222222222222
0 0.62578125 0.6722222222222223 0.0484375 0.11481481481481481
0 0.14609375 0.42268518518518516 0.0453125 0.10833333333333334
0 0.0984375 0.7685185185185185 0.05 0.07407407407407407
0 0.7200520833333334 0.6194444444444445 0.043229166666666666 0.10555555555555556
0 0.67265625 0.43333333333333335 0.0765625 0.1259259259259259
0 0.10130208333333333 0.45046296296296295 0.034895833333333334 0.11018518518518519
0 0.25677083333333334 0.6342592592592593 0.03854166666666667 0.10185185185185185
0 0.014322916666666666 0.8046296296296296 0.027604166666666666 0.07037037037037037
0 0.022395833333333334 0.7402777777777778 0.040625 0.09351851851851851
0 0.3007726269315673 0.7993009565857249 0.033802428256070625 0.07419671326956095
0 0.09105960264900663 0.5948000981113564 0.02690397350993378 0.0858474368408143
0 0.6600513428120064 0.5568720379146919 0.022709320695102637 0.09829734948218366
0 0.7336168248945147 0.7366385372714487 0.036590189873417715 0.10079699953117677
0 0.33910050071530756 0.903870608806231 0.047836194563662345 0.0663646479097123
