0 0.4610723771580345 0.5529732920171166 0.08549136786188576 0.0973882248782647
0 0.37179487179487175 0.8022317188983855 0.047542735042735096 0.09734093067426407
0 0.6145833333333334 0.5611111111111111 0.07986111111111119 0.1259259259259259
0 0.6855034722222223 0.6621913580246914 0.07135416666666666 0.10216049382716053
0 0.7603298611111112 0.670679012345679 0.06267361111111107 0.08827160493827164
0 0.7546875 0.7675925925925926 0.06076388888888881 0.09814814814814815
0 0.8211805555555555 0.7489197530864198 0.05763888888888893 0.08796296296296297
0 0.8518229166666667 0.8271604938271605 0.05607638888888881 0.08148148148148149
0 0.8866319444444445 0.8168209876543211 0.03611111111111107 0.0762345679012346
0 0.8591145833333333 0.7146604938271605 0.044270833333333336 0.09290123456790127
0 0.9348958333333334 0.7029320987654321 0.05486111111111119 0.11574074074074074
0 0.9447048611111111 0.5265432098765431 0.05572916666666667 0.1129629629629629
0 0.9836805555555556 0.4981481481481482 0.030208333333333334 0.10555555555555556
0 0.9131944444444445 0.3530864197530864 0.06423611111111108 0.12222222222222222
0 0.37921231739707834 0.6905710491367861 0.04170816733067729 0.12321086026265307
0 0.2025767543859649 0.8452729044834307 0.07456140350877191 0.1340155945419103
0 0.06955866228070176 0.7842348927875243 0.04920504385964912 0.0631091617933723
0 0.029262609649122806 0.7264863547758285 0.0453673245614035 0.08211500974658874
