0 0.9369791666666667 0.7064814814814815 0.04791666666666667 0.10925925925925926
0 0.8302083333333333 0.8041666666666667 0.059375 0.06759259259259259
0 0.5986979166666667 0.6958333333333333 0.05260416666666667 0.10277777777777777
0 0.8026041666666667 0.6810185185185185 0.04583333333333333 0.10277777777777777
0 0.328125 0.825925925925926 0.07291666666666667 0.07407407407407407
0 0.9463541666666667 0.8037037037037037 0.0375 0.053703703703703705
0 0.6231770833333333 0.7856481481481481 0.033854166666666664 0.10648148148148148
0 0.04296875 0.5736111111111111 0.044270833333333336 0.11018518518518519
0 0.04348958333333333 0.7671296296296296 0.04010416666666667 0.05462962962962963
0 0.9911458333333333 0.6486111111111111 0.016666666666666666 0.05462962962962963
0 0.11280061521252796 0.6486452895848869 0.03041107382550335 0.11036539895600299
0 0.6653390522875817 0.7819308278867102 0.04697712418300656 0.11596768336964416
