0 0.80078125 0.6824074074074075 0.0515625 0.11481481481481481
0 0.8658854166666666 0.7856481481481481 0.04739583333333333 0.09537037037037037
0 0.93671875 0.7074074074074074 0.04739583333333333 0.10925925925925926
0 0.07395833333333333 0.6365740740740741 0.03958333333333333 0.11018518518518519
0 0.9497395833333333 0.8 0.024479166666666666 0.06111111111111111
0 0.6661458333333333 0.7828703703703703 0.03333333333333333 0.1175925925925926
0 0.5609375 0.7467592592592592 0.06875 0.06018518518518518
0 0.3895100662589195 0.834182806659871 0.06737385321100918 0.08154943934760445
0 0.3453109072375128 0.8085570279759883 0.03535932721712539 0.0971231170007928
0 0.6100580601092896 0.8096539162112932 0.06403688524590159 0.08318154219793565
