0 0.9317708333333333 0.8087962962962963 0.0625 0.07314814814814814
0 0.6947916666666667 0.7935185185185185 0.04791666666666667 0.10925925925925926
0 0.9502604166666667 0.612037037037037 0.05572916666666667 0.08518518518518518
0 0.103125 0.725 0.042708333333333334 0.0962962962962963
0 0.08567708333333333 0.8439814814814814 0.06927083333333334 0.0824074074074074
0 0.06015625 0.6560185185185186 0.0390625 0.11018518518518519
0 0.9427083333333334 0.7134259259259259 0.04375 0.10833333333333334
0 0.8502604166666666 0.3402777777777778 0.0671875 0.11574074074074074
0 0.054947916666666666 0.9171296296296296 0.0328125 0.15648148148148147
0 0.008072916666666667 0.8180555555555555 0.016145833333333335 0.041666666666666664
0 0.8724875293427231 0.4350873761085029 0.035761443661971745 0.12486958789775691
0 0.9191607981220659 0.3855307772561294 0.0487822769953052 0.1502999478351591
0 0.7872133228291317 0.5557500778089013 0.07473301820728295 0.14939309056956115
0 0.05221896701388889 0.8053626543209877 0.05072699652777778 0.0675154320987654
