0 0.8255208333333334 0.6041666666666666 0.06145833333333333 0.10833333333333334
0 0.6208333333333333 0.524537037037037 0.07083333333333333 0.15092592592592594
0 0.17734375 0.4324074074074074 0.06302083333333333 0.10555555555555556
0 0.9625 0.8194444444444444 0.05416666666666667 0.05185185185185185
0 0.9578125 0.6425925925925926 0.03125 0.11666666666666667
0 0.10442708333333334 0.5898148148148148 0.0515625 0.07592592592592592
0 0.9135416666666667 0.48148148148148145 0.06979166666666667 0.11481481481481481
0 0.9651041666666667 0.7490740740740741 0.046875 0.07222222222222222
0 0.20963541666666666 0.8319444444444445 0.06197916666666667 0.06018518518518518
0 0.20494791666666667 0.7657407407407407 0.025520833333333333 0.08518518518518518
0 0.11770833333333333 0.799074074074074 0.03958333333333333 0.06296296296296296
0 0.0984375 0.7268518518518519 0.04583333333333333 0.07592592592592592
0 0.038802083333333334 0.7935185185185185 0.04010416666666667 0.06296296296296296
0 0.73984375 0.8537037037037037 0.024479166666666666 0.03888888888888889
0 0.5049479166666667 0.37083333333333335 0.03802083333333333 0.15833333333333333
0 0.051972044159544165 0.7565685343463121 0.01891915954415955 0.037195314973092655
0 0.07022346866096867 0.7921810699588478 0.021144943019943022 0.043526432415321295
0 0.21673655484558044 0.6036267897290262 0.05807374866879658 0.03993610223642168
0 0.18428847177848778 0.6089516033605491 0.05807374866879658 0.09081765471541826
0 0.16552734375 0.8093171296296297 0.036783854166666664 0.06886574074074074
0 0.9067941542288556 0.6739450893679749 0.03601782752902156 0.06817763036668509
0 0.8816594112769484 0.6654228855721391 0.026689469320066314 0.09996314722682885
0 0.6579779984423676 0.852803738317757 0.04259151090342676 0.05365178262374528
