0 0.27712264150943394 0.6763190076869322 0.04029088050314463 0.1559224318658281
0 0.4104019261006289 0.7099493361285814 0.07100039308176101 0.08516771488469602
0 0.41801788522012573 0.8313679245283018 0.08082743710691821 0.08604122990915451
0 0.24543042452830185 0.8459993011879804 0.08647798742138366 0.12840670859538786
0 0.12222386006289308 0.8346436058700208 0.07542256289308175 0.10045422781271843
0 0.09200569968553458 0.7304769392033542 0.05724253144654087 0.1026380153738645
0 0.05951071009389672 0.6688510693792384 0.04823210093896713 0.10074334898278565
0 0.7189313847429518 0.808457711442786 0.06607587064676608 0.07554818500092124
0 0.7729581260364841 0.796710889994472 0.06115257048092874 0.10456974387322644
0 0.7838412106135986 0.656209692279344 0.04975124378109446 0.11470425649530125
0 0.8352767412935322 0.8056937534549473 0.03912728026533993 0.07462686567164183
0 0.9338723051409619 0.7025059885756403 0.05804311774461025 0.11700755481850009
0 0.9750725538971807 0.7953289110005527 0.047160033167495875 0.08890731527547452
0 0.9779228855721392 0.5131748664086971 0.039386401326699884 0.115164916159941
