0 0.9322916666666666 0.3375 0.05416666666666667 0.12314814814814815
0 0.96484375 0.8097222222222222 0.058854166666666666 0.08055555555555556
0 0.94609375 0.5444444444444444 0.0390625 0.16111111111111112
0 0.09505208333333333 0.6953703703703704 0.0453125 0.1
0 0.9424479166666667 0.7097222222222223 0.044270833333333336 0.11388888888888889
0 0.8505208333333333 0.34629629629629627 0.06666666666666667 0.10740740740740741
0 0.13255208333333332 0.8583333333333333 0.06614583333333333 0.09259259259259259
0 0.8723958333333334 0.4273148148148148 0.03125 0.11018518518518519
0 0.2 0.4185185185185185 0.071875 0.10925925925925926
0 0.7145833333333333 0.8175925925925925 0.042708333333333334 0.05925925925925926
0 0.18958333333333333 0.6162037037037037 0.05 0.06944444444444445
0 0.011197916666666667 0.8245370370370371 0.0203125 0.06574074074074074
0 0.7986722417840376 0.5692488262910799 0.044014084507042146 0.1186750130412102
0 0.04728959369817578 0.5679933665008291 0.03964552238805969 0.1326699834162521
