0 0.17682291666666666 0.5037037037037037 0.049479166666666664 0.10555555555555556
0 0.3763020833333333 0.9101851851851852 0.0796875 0.08518518518518518
0 0.18255208333333334 0.6101851851851852 0.06614583333333333 0.09259259259259259
0 0.15651041666666668 0.6893518518518519 0.05677083333333333 0.08981481481481482
0 0.21302083333333333 0.7731481481481481 0.03229166666666667 0.08703703703703704
0 0.07291666666666667 0.5527777777777778 0.034375 0.09074074074074075
0 0.16901041666666666 0.7925925925925926 0.05572916666666667 0.05555555555555555
0 0.10963541666666667 0.3453703703703704 0.0484375 0.1
0 0.09322916666666667 0.8125 0.059375 0.07685185185185185
0 0.052083333333333336 0.7337962962962963 0.028125 0.08055555555555556
0 0.6190104166666667 0.8055555555555556 0.025520833333333333 0.08888888888888889
0 0.020052083333333335 0.749537037037037 0.034895833333333334 0.08055555555555556
0 0.3453125 0.8194444444444444 0.034375 0.04814814814814815
0 0.0890625 0.7449074074074075 0.036458333333333336 0.08425925925925926
0 0.016666666666666666 0.7805555555555556 0.030208333333333334 0.11296296296296296
0 0.13082543443917852 0.5079427769001229 0.03406398104265405 0.10312445146568368
0 0.48491804897314383 0.8256538529050378 0.0698558451816746 0.05309812181850096
0 0.5045418641390206 0.7293312269615588 0.0390007898894155 0.10707389854309286
0 0.5557612559241707 0.8028348253466737 0.04615916271721954 0.09610321221695625
0 0.8693068068068067 0.7827271716160605 0.03190690690690694 0.09009009009009009
0 0.8307526276276277 0.7843955066177287 0.01673548548548543 0.04337671004337677
0 0.8993368368368367 0.797464130797464 0.030342842842842898 0.0595039483928373
