0 0.16980777491408935 0.8488449789996182 0.07168170103092783 0.11979763268423063
0 0.2146423969072165 0.7674684994272624 0.06094286941580756 0.11932035127911413
0 0.13181915807560138 0.7622184039709813 0.03167955326460481 0.10213822069492172
0 0.1095360824742268 0.6529209621993127 0.029531786941580748 0.11741122565864838
0 0.023791993891797553 0.6760228815202637 0.0394033595113438 0.09792515028117119
0 0.06005944589877835 0.7446189645142525 0.03531304537521815 0.10131859608299389
0 0.04833387870855148 0.5619788636804343 0.03667648342059336 0.09962187318208264
0 0.6324989092495638 0.43072522784564665 0.03790357766143101 0.12507271669575337
0 0.7278032286212913 0.7260762070971495 0.06026396160558463 0.07150475082412244
0 0.7359156849912739 0.7883701764591816 0.06912630890052363 0.06665697110723293
0 0.7925665357766143 0.670205545859996 0.07171684118673648 0.0979251502811713
0 0.8216077661431064 0.8190323831685088 0.040630453752181474 0.04605390731045176
0 0.9372954842931936 0.7058367267791351 0.04976548865619546 0.10810548768663951
0 0.9325916230366491 0.6191826643397323 0.04744764397905759 0.10398487492728328
0 0.9823571116928446 0.5328921853790963 0.03190445026178009 0.09525887143688189
