0 0.16822916666666668 0.4439814814814815 0.05 0.09907407407407408
0 0.16614583333333333 0.5254629629629629 0.058333333333333334 0.058333333333333334
0 0.321875 0.9162037037037037 0.06354166666666666 0.08611111111111111
0 0.4166666666666667 0.9342592592592592 0.08854166666666667 0.10555555555555556
0 0.096875 0.7921296296296296 0.042708333333333334 0.05648148148148148
0 0.4078125 0.7513888888888889 0.052083333333333336 0.09537037037037037
0 0.11432291666666666 0.6736111111111112 0.050520833333333334 0.11018518518518519
0 0.47239583333333335 0.6291666666666667 0.06979166666666667 0.05277777777777778
0 0.19401041666666666 0.5606481481481481 0.05364583333333333 0.08055555555555556
0 0.825 0.6319444444444444 0.065625 0.08055555555555556
0 0.6091145833333333 0.5745370370370371 0.050520833333333334 0.125
0 0.23333333333333334 0.8296296296296296 0.058333333333333334 0.08703703703703704
0 0.2515625 0.4837962962962963 0.052083333333333336 0.09907407407407408
0 0.06588541666666667 0.6263888888888889 0.0515625 0.05092592592592592
0 0.61328125 0.7810185185185186 0.06302083333333333 0.06759259259259259
0 0.5611979166666666 0.7060185185185185 0.0609375 0.07314814814814814
0 0.5471354166666667 0.5763888888888888 0.0546875 0.12129629629629629
0 0.5140625 0.8277777777777777 0.035416666666666666 0.044444444444444446
0 0.31484375 0.8175925925925925 0.033854166666666664 0.040740740740740744
0 0.014583333333333334 0.7032407407407407 0.027083333333333334 0.0712962962962963
0 0.5692708333333333 0.8328703703703704 0.030208333333333334 0.03796296296296296
0 0.4743637724550898 0.7174539809270348 0.043662674650698584 0.10867154579729425
0 0.011851297405189622 0.7723442004879131 0.021831337325349302 0.09314703925482364
0 0.16950474051896208 0.8061654468840098 0.04709331337325349 0.036593479707252116
0 0.010915668662674651 0.5441893989798182 0.02058383233532934 0.08704812597028158
