0 0.12083333333333333 0.6305555555555555 0.046875 0.07222222222222222
0 0.8317708333333333 0.8495370370370371 0.06041666666666667 0.04351851851851852
0 0.9299479166666667 0.4976851851851852 0.05572916666666667 0.10833333333333334
0 0.9833333333333333 0.5796296296296296 0.03125 0.09074074074074075
0 0.07578125 0.5898148148148148 0.028645833333333332 0.0962962962962963
0 0.10833333333333334 0.7092592592592593 0.036458333333333336 0.07962962962962963
0 0.22526041666666666 0.8351851851851851 0.0609375 0.03888888888888889
0 0.021614583333333333 0.8722222222222222 0.043229166666666666 0.07407407407407407
0 0.9356770833333333 0.25972222222222224 0.0640625 0.09722222222222222
0 0.9325520833333333 0.8004629629629629 0.04739583333333333 0.09351851851851851
0 0.9098958333333333 0.6773148148148148 0.05416666666666667 0.0787037037037037
0 0.4981770833333333 0.8597222222222223 0.04114583333333333 0.03425925925925926
0 0.15755208333333334 0.8180555555555555 0.025520833333333333 0.04537037037037037
0 0.07578125 0.7981481481481482 0.03802083333333333 0.07592592592592592
0 0.2765625 0.6578703703703703 0.030208333333333334 0.11944444444444445
0 0.04505208333333333 0.8032407407407407 0.04114583333333333 0.06759259259259259
0 0.10572916666666667 0.787962962962963 0.025 0.05925925925925926
0 0.39294284467713786 0.4719313554392088 0.050719895287958096 0.11198371146015124
0 0.12074652777777778 0.530246913580247 0.022395833333333334 0.10802469135802466
0 0.1311175187032419 0.8220190265078046 0.02428823773898586 0.03232659093008221
