0 0.17838541666666666 0.8453703703703703 0.044270833333333336 0.08518518518518518
0 0.9809895833333333 0.36435185185185187 0.03697916666666667 0.11574074074074074
0 0.2484375 0.8513888888888889 0.051041666666666666 0.08425925925925926
0 0.7145833333333333 0.34629629629629627 0.07604166666666666 0.10185185185185185
0 0.84375 0.6370370370370371 0.04895833333333333 0.11296296296296296
0 0.9401041666666666 0.7185185185185186 0.041666666666666664 0.10740740740740741
0 0.8158854166666667 0.44351851851851853 0.0671875 0.11666666666666667
0 0.13802083333333334 0.6347222222222222 0.05520833333333333 0.06018518518518518
0 0.8955729166666667 0.08333333333333333 0.06302083333333333 0.06666666666666667
0 0.8927083333333333 0.7967592592592593 0.040625 0.06759259259259259
0 0.7166666666666667 0.8236111111111111 0.03229166666666667 0.05092592592592592
0 0.23776041666666667 0.7263888888888889 0.0359375 0.10277777777777777
0 0.19166666666666668 0.33194444444444443 0.058333333333333334 0.09351851851851851
0 0.14059704830053665 0.7151494070098721 0.039318723911747164 0.10451865103027895
0 0.17726036076326773 0.7460412111574903 0.03326252236135956 0.10965348174650505
