0 0.6209356936416185 0.6671483622350675 0.04847061657032749 0.14932562620423895
0 0.5398848684210527 0.5571393762183234 0.07291666666666667 0.11525341130604293
0 0.6378978623544843 0.4979641471279445 0.08226502295458277 0.14442258293709354
0 0.594577492211838 0.8166753201799931 0.06765965732087231 0.07225683627552784
0 0.7397117077464789 0.6607003129890453 0.06877200704225359 0.09552686489306204
0 0.7756838422391857 0.49335595137121857 0.052083333333333336 0.14843087362171326
0 0.9797431615776081 0.4970667232117614 0.03916189567430024 0.13111393836584678
0 0.8960520038167938 0.7131750070681369 0.04433047073791343 0.12581283573649987
0 0.9374006043256997 0.7110545660163979 0.05188454198473273 0.11945151258128356
0 0.962547709923664 0.8093016680802939 0.05089058524173033 0.0805767599660729
0 0.8881997455470737 0.8160163980774667 0.046119592875317986 0.06573367260390163
0 0.8337797619047618 0.7141534391534391 0.05684523809523808 0.07010582010582006
0 0.9767857142857144 0.2702380952380953 0.0440476190476191 0.1097883597883598
0 0.21758078231292513 0.6657218442932729 0.06823979591836732 0.11753590325018887
0 0.35533588435374147 0.8235071806500377 0.05633503401360542 0.0801209372637944
0 0.19302721088435373 0.820861678004535 0.07185374149659865 0.09901738473167035
0 0.08395382069795426 0.7091522930873111 0.04155385078219012 0.10930605695948649
0 0.11121765944645005 0.6070330258055889 0.04644253910950661 0.10897178767214866
0 0.05123721419975932 0.6245821633908276 0.04230595667870036 0.11064313410883803
