0 0.15442708333333333 0.5523148148148148 0.04739583333333333 0.09351851851851851
0 0.12864583333333332 0.8444444444444444 0.07291666666666667 0.08148148148148149
0 0.07786458333333333 0.6356481481481482 0.05260416666666667 0.12129629629629629
0 0.9375 0.7087962962962963 0.046875 0.10648148148148148
0 0.8109375 0.6930555555555555 0.059375 0.09166666666666666
0 0.3390625 0.8273148148148148 0.059375 0.09537037037037037
0 0.8638020833333333 0.8185185185185185 0.06822916666666666 0.07407407407407407
0 0.7875 0.8046296296296296 0.042708333333333334 0.07592592592592592
0 0.7135416666666666 0.5726851851851852 0.03333333333333333 0.14722222222222223
0 0.028125 0.5939814814814814 0.040625 0.11388888888888889
0 0.9661458333333334 0.7856481481481481 0.0375 0.06944444444444445
