0 0.3614583333333333 0.9060185185185186 0.06979166666666667 0.09537037037037037
0 0.28046875 0.6296296296296297 0.043229166666666666 0.08333333333333333
0 0.09270833333333334 0.6754629629629629 0.04895833333333333 0.09537037037037037
0 0.3182291666666667 0.6689814814814815 0.05520833333333333 0.075
0 0.31328125 0.5805555555555556 0.06302083333333333 0.08333333333333333
0 0.28151041666666665 0.749537037037037 0.0515625 0.09722222222222222
0 0.171875 0.8175925925925925 0.059375 0.07407407407407407
0 0.7674479166666667 0.4513888888888889 0.07239583333333334 0.08796296296296297
0 0.11380208333333333 0.5685185185185185 0.0546875 0.08148148148148149
0 0.81875 0.4842592592592593 0.06666666666666667 0.08148148148148149
0 0.11770833333333333 0.8416666666666667 0.046875 0.09074074074074075
0 0.4354166666666667 0.7273148148148149 0.053125 0.12129629629629629
0 0.14192708333333334 0.4263888888888889 0.0515625 0.10277777777777777
0 0.009375 0.7763888888888889 0.0 0.000925925925925926
0 0.6052083333333333 0.6185185185185185 0.06979166666666667 0.09259259259259259
0 0.03619791666666667 0.6444444444444445 0.0328125 0.1
0 0.012239583333333333 0.8050925925925926 0.022395833333333334 0.06759259259259259
0 0.98984375 0.7537037037037037 0.019270833333333334 0.1037037037037037
0 0.6821986607142857 0.6398809523809522 0.06045386904761898 0.0859788359788359
0 0.10167738970588233 0.4336873638344226 0.023360906862745095 0.11846405228758164
0 0.9763710171568627 0.39419934640522875 0.043275122549019565 0.06535947712418298
0 0.027573529411764705 0.7455065359477124 0.02374387254901961 0.08169934640522877
0 0.8935972949389179 0.7787958115183246 0.03981239092495639 0.10325770796974988
