0 0.88828125 0.8189814814814815 0.059895833333333336 0.0824074074074074
0 0.08697916666666666 0.8449074074074074 0.075 0.0787037037037037
0 0.9385416666666667 0.7074074074074074 0.04479166666666667 0.10925925925925926
0 0.809375 0.6953703703703704 0.057291666666666664 0.08333333333333333
0 0.04010416666666667 0.549074074074074 0.052083333333333336 0.10185185185185185
0 0.7447916666666666 0.7856481481481481 0.05416666666666667 0.10092592592592593
0 0.9544270833333334 0.7907407407407407 0.043229166666666666 0.06111111111111111
0 0.09088541666666666 0.6407407407407407 0.03802083333333333 0.1037037037037037
0 0.32864583333333336 0.836574074074074 0.07291666666666667 0.09166666666666666
0 0.3731770833333333 0.8185185185185185 0.044270833333333336 0.05
0 0.18359375 0.8027777777777778 0.028645833333333332 0.04259259259259259
0 0.6979166666666666 0.7754629629629629 0.03958333333333333 0.13240740740740742
0 0.008333333333333333 0.4337962962962963 0.016666666666666666 0.10277777777777777
0 0.33619791666666665 0.8231481481481482 0.0026041666666666665 0.001851851851851852
0 0.17394497863247865 0.4117204811649257 0.04473824786324787 0.14126305792972463
