0 0.027083333333333334 0.6393518518518518 0.046875 0.08981481481481482
0 0.18802083333333333 0.5212962962962963 0.057291666666666664 0.07592592592592592
0 0.4427083333333333 0.8148148148148148 0.042708333333333334 0.0962962962962963
0 0.24192708333333332 0.6949074074074074 0.049479166666666664 0.09537037037037037
0 0.2203125 0.6175925925925926 0.04895833333333333 0.12037037037037036
0 0.16953125 0.8277777777777777 0.059895833333333336 0.09074074074074075
0 0.60859375 0.7828703703703703 0.05260416666666667 0.09351851851851851
0 0.20833333333333334 0.8953703703703704 0.06666666666666667 0.08333333333333333
0 0.9286458333333333 0.6226851851851852 0.04479166666666667 0.11018518518518519
0 0.04088541666666667 0.7981481481481482 0.043229166666666666 0.06851851851851852
0 0.8528645833333334 0.7087962962962963 0.06510416666666667 0.06759259259259259
0 0.9216145833333333 0.7393518518518518 0.0515625 0.0824074074074074
0 0.24557291666666667 0.9333333333333333 0.06822916666666666 0.08148148148148149
0 0.7822916666666667 0.6921296296296297 0.05 0.09907407407407408
0 0.07760416666666667 0.6583333333333333 0.028125 0.11296296296296296
0 0.9479166666666666 0.836574074074074 0.040625 0.030555555555555555
0 0.6700520833333333 0.8319444444444445 0.03697916666666667 0.08611111111111111
0 0.45078125 0.6884259259259259 0.0421875 0.11944444444444445
0 0.21328125 0.9273148148148148 0.0005208333333333333 0.002777777777777778
0 0.11105706874189367 0.44008502666090216 0.024724383916990923 0.1206946245856752
0 0.2371467615511551 0.8207279061239457 0.01843543729372937 0.0481298129812981
0 0.22896039603960397 0.8531582324899156 0.03042491749174919 0.0488173817381738
