0 0.36380208333333336 0.9018518518518519 0.07239583333333334 0.10185185185185185
0 0.9747395833333333 0.38472222222222224 0.04739583333333333 0.08796296296296297
0 0.3143229166666667 0.6685185185185185 0.05364583333333333 0.07962962962962963
0 0.09088541666666666 0.6694444444444444 0.050520833333333334 0.09444444444444444
0 0.42526041666666664 0.7041666666666667 0.044270833333333336 0.11203703703703703
0 0.18333333333333332 0.812037037037037 0.057291666666666664 0.07592592592592592
0 0.7653645833333333 0.44027777777777777 0.06822916666666666 0.11018518518518519
0 0.14401041666666667 0.4263888888888889 0.05364583333333333 0.09722222222222222
0 0.10546875 0.5638888888888889 0.05677083333333333 0.07407407407407407
0 0.28203125 0.7481481481481481 0.0546875 0.09444444444444444
0 0.5986979166666667 0.6398148148148148 0.06614583333333333 0.08888888888888889
0 0.12421875 0.8324074074074074 0.059895833333333336 0.09074074074074075
0 0.28541666666666665 0.6226851851851852 0.04791666666666667 0.0824074074074074
0 0.6682291666666667 0.649074074074074 0.059375 0.0962962962962963
0 0.8119791666666667 0.48657407407407405 0.05416666666666667 0.07314814814814814
0 0.32057291666666665 0.5833333333333334 0.0640625 0.08333333333333333
0 0.09192708333333334 0.42777777777777776 0.043229166666666666 0.12037037037037036
0 0.9864583333333333 0.762962962962963 0.023958333333333335 0.1037037037037037
0 0.9045970558882236 0.8086604568640497 0.0464695608782435 0.03825681969394547
0 0.8922779441117765 0.7828786870703038 0.04303892215568865 0.08538478598358834
0 0.035500196540880505 0.6450908455625436 0.022847877358490563 0.0952131376659678
0 0.026655856918238997 0.7464185883997204 0.02972680817610063 0.08211041229909155
0 0.008475825471698114 0.8012316561844863 0.015968946540880505 0.045859538784067046
