0 0.5402401804670913 0.4269874970511913 0.07530520169851383 0.11677282377919325
0 0.5156913481953291 0.6575843359282849 0.0713243099787686 0.11795234725171032
0 0.5573248407643312 0.5986081623024297 0.06966560509554144 0.09790044821891958
0 0.4226380042462845 0.7829087048832272 0.07430997876857746 0.10320830384524655
0 0.8213906581740976 0.8253715498938429 0.07630042462845002 0.08787449870252409
0 0.7603503184713375 0.7616772823779193 0.06236730360934182 0.13505543760320832
0 0.8290207006369426 0.7372021703231895 0.05838641188959658 0.0837461665487143
0 0.9361730360934182 0.7032908704883227 0.05042462845010611 0.11500353857041759
0 0.6482218683651804 0.7015215852795471 0.05374203821656055 0.1267987732955885
0 0.10051751592356688 0.8312691672564283 0.059713375796178345 0.10674687426279776
0 0.15409368365180467 0.7926397735314933 0.039477176220806806 0.07784854918612882
0 0.18312101910828024 0.8545647558386411 0.07099256900212314 0.11087520641660767
0 0.047273089171974515 0.713316820004718 0.05672770700636942 0.11736258551545173
0 0.06236730360934182 0.5617480537862704 0.03980891719745223 0.11028544468034909
0 0.11793391719745223 0.5874026893135172 0.037486730360934174 0.14272234017456945
0 0.9544042397660817 0.478395061728395 0.06304824561403505 0.13076673164392455
