0 0.4432291666666667 0.7111111111111111 0.03958333333333333 0.12222222222222222
0 0.4875 0.7648148148148148 0.06354166666666666 0.09259259259259259
0 0.3416666666666667 0.9208333333333333 0.078125 0.08981481481481482
0 0.13567708333333334 0.5523148148148148 0.044270833333333336 0.08796296296296297
0 0.91953125 0.7037037037037037 0.05677083333333333 0.08518518518518518
0 0.19791666666666666 0.48518518518518516 0.05625 0.11296296296296296
0 0.10494791666666667 0.8189814814814815 0.050520833333333334 0.06759259259259259
0 0.17421875 0.6282407407407408 0.0390625 0.12314814814814815
0 0.10026041666666667 0.7074074074074074 0.034895833333333334 0.09074074074074075
0 0.6875 0.6180555555555556 0.028125 0.1175925925925926
0 0.34036458333333336 0.7398148148148148 0.06822916666666666 0.05740740740740741
0 0.8940104166666667 0.6138888888888889 0.0390625 0.08703703703703704
0 0.3125 0.6134259259259259 0.065625 0.06944444444444445
0 0.12526041666666668 0.3587962962962963 0.0421875 0.10648148148148148
0 0.3125 0.6819444444444445 0.06354166666666666 0.05277777777777778
0 0.62578125 0.6458333333333334 0.0578125 0.10833333333333334
0 0.09453125 0.6037037037037037 0.03177083333333333 0.09444444444444444
0 0.30104166666666665 0.5106481481481482 0.036458333333333336 0.12685185185185185
0 0.06510416666666667 0.7587962962962963 0.04583333333333333 0.0824074074074074
0 0.6403645833333333 0.8268518518518518 0.028645833333333332 0.05185185185185185
0 0.29765625 0.8157407407407408 0.06510416666666667 0.06666666666666667
0 0.03333333333333333 0.7856481481481481 0.042708333333333334 0.06388888888888888
0 0.022916666666666665 0.7180555555555556 0.03958333333333333 0.06944444444444445
0 0.15364583333333334 0.7902777777777777 0.034375 0.05277777777777778
0 0.7195757113821137 0.8453252032520324 0.052083333333333336 0.0733965672990063
