0 0.6979166666666666 0.7986111111111112 0.06875 0.10092592592592593
0 0.3346354166666667 0.8310185185185185 0.059895833333333336 0.08425925925925926
0 0.9377604166666667 0.7074074074074074 0.0453125 0.10925925925925926
0 0.9106770833333333 0.8180555555555555 0.0609375 0.07685185185185185
0 0.8075520833333333 0.6787037037037037 0.058854166666666666 0.06481481481481481
0 0.3971354166666667 0.8291666666666667 0.06302083333333333 0.03796296296296296
0 0.01015625 0.43657407407407406 0.019270833333333334 0.08981481481481482
0 0.8419270833333333 0.28703703703703703 0.028645833333333332 0.12222222222222222
0 0.19127415458937197 0.7777777777777778 0.04679951690821257 0.09500805152979062
0 0.13648568019093077 0.5084858127817555 0.048478520286396196 0.14010430478210903
0 0.04211616635397123 0.8400215412410534 0.06996560350218886 0.08077965395038574
