0 0.07297722868217055 0.8789118575940281 0.0740875322997416 0.11269020958943435
0 0.14928536821705424 0.7974447315532587 0.027252906976744175 0.0473729543496985
0 0.18945817183462532 0.8164656904966983 0.06278262273901808 0.10120585701981055
0 0.0656467013888889 0.5963059413580247 0.04557291666666667 0.12876157407407407
0 0.5061848958333334 0.6536940586419754 0.0732421875 0.11140046296296297
0 0.32761270491803274 0.8116272009714631 0.04969262295081964 0.07316332726168795
0 0.6810109289617486 0.827565270188221 0.07581967213114756 0.07710989678202793
0 0.7916539011437909 0.6770833333333334 0.06982741013071893 0.09690450254175752
0 0.7941721906565656 0.5167999438832772 0.07161458333333333 0.11398709315375978
0 0.8885278392330382 0.5879219927892494 0.07121128318584068 0.10734185512946584
0 0.9369238569321534 0.7087840052441822 0.052774705014749304 0.11225827597509008
