0 0.13072916666666667 0.5708333333333333 0.052083333333333336 0.08611111111111111
0 0.09114583333333333 0.6643518518518519 0.053125 0.10092592592592593
0 0.3611979166666667 0.9060185185185186 0.06927083333333334 0.09722222222222222
0 0.6307291666666667 0.6305555555555555 0.052083333333333336 0.13333333333333333
0 0.334375 0.6513888888888889 0.05416666666666667 0.08796296296296297
0 0.3046875 0.5824074074074074 0.051041666666666666 0.09814814814814815
0 0.8125 0.48518518518518516 0.05416666666666667 0.1
0 0.6958333333333333 0.600925925925926 0.06458333333333334 0.05740740740740741
0 0.88203125 0.7759259259259259 0.05260416666666667 0.1
0 0.725 0.45555555555555555 0.07083333333333333 0.12037037037037036
0 0.9677083333333333 0.38935185185185184 0.05 0.11574074074074074
0 0.2713541666666667 0.6356481481481482 0.053125 0.08425925925925926
0 0.0359375 0.6263888888888889 0.04479166666666667 0.0824074074074074
0 0.14375 0.41944444444444445 0.058333333333333334 0.1037037037037037
0 0.2830729166666667 0.7435185185185185 0.05364583333333333 0.10185185185185185
0 0.02578125 0.7449074074074075 0.0359375 0.09166666666666666
0 0.1 0.44074074074074077 0.030208333333333334 0.10925925925925926
0 0.016145833333333335 0.7833333333333333 0.0 0.001851851851851852
0 0.026822916666666665 0.7643518518518518 0.033854166666666664 0.05092592592592592
0 0.020572916666666666 0.7208333333333333 0.024479166666666666 0.04537037037037037
0 0.10619386227544911 0.8538478598358837 0.042103293413173655 0.06431581281880683
0 0.09325099800399202 0.8133732534930139 0.05988023952095809 0.037702373031714316
