0 0.15598958333333332 0.44212962962962965 0.050520833333333334 0.09722222222222222
0 0.0265625 0.8439814814814814 0.052083333333333336 0.08055555555555556
0 0.15963541666666667 0.5532407407407407 0.0453125 0.08796296296296297
0 0.30963541666666666 0.5824074074074074 0.058854166666666666 0.1111111111111111
0 0.7059895833333333 0.41759259259259257 0.06927083333333334 0.12222222222222222
0 0.8690104166666667 0.7888888888888889 0.0453125 0.08703703703703704
0 0.6364583333333333 0.6134259259259259 0.03854166666666667 0.12314814814814815
0 0.14505208333333333 0.8805555555555555 0.07864583333333333 0.08518518518518518
0 0.03854166666666667 0.6319444444444444 0.036458333333333336 0.08981481481481482
0 0.0640625 0.6736111111111112 0.028125 0.07685185185185185
0 0.36744791666666665 0.6578703703703703 0.06197916666666667 0.07314814814814814
0 0.66875 0.5125 0.06041666666666667 0.11203703703703703
0 0.7190104166666667 0.6185185185185185 0.07239583333333334 0.13518518518518519
0 0.2799479166666667 0.6546296296296297 0.06302083333333333 0.06666666666666667
0 0.96015625 0.4587962962962963 0.05364583333333333 0.10092592592592593
0 0.9380208333333333 0.8087962962962963 0.030208333333333334 0.032407407407407406
0 0.0765625 0.4935185185185185 0.028125 0.11296296296296296
0 0.011197916666666667 0.7240740740740741 0.021354166666666667 0.07592592592592592
0 0.09996639784946236 0.4472819593787336 0.026041666666666668 0.12246117084826767
0 0.28561827956989244 0.7657556750298685 0.024361559139784935 0.09632616487455195
0 0.10542674731182797 0.7306600955794504 0.06216397849462366 0.06795101553166079
0 0.34358198924731187 0.9027777777777778 0.058803763440860204 0.06720430107526874
0 0.6554262329931972 0.8219954648526078 0.032684948979591864 0.06330309901738476
0 0.03502155172413793 0.7569710515112814 0.0305316091954023 0.07503192848020435
