0 0.19010416666666663 0.6167328042328042 0.07738095238095237 0.15939153439153436
0 0.27081048976608185 0.726120857699805 0.060078581871345 0.09909031838856398
0 0.22455226608187134 0.840440220922677 0.07584064327485379 0.09462313190383369
0 0.17064144736842105 0.7884584145549057 0.03380847953216375 0.06944444444444445
0 0.07424159356725145 0.6404320987654321 0.03472222222222221 0.12102014294996753
0 0.3588819033530572 0.7380013149243919 0.030510355029585826 0.14902476440937984
0 0.6635231755424064 0.7527942143326759 0.06040433925049318 0.11067280298049527
0 0.660670518207283 0.825552443199502 0.07571778711484593 0.06069094304388424
0 0.8277107007575758 0.6660353535353535 0.06392045454545456 0.09995791245791238
0 0.8395432692307693 0.7396723646723646 0.06690705128205134 0.054131054131054124
0 0.936796171171171 0.7025775775775776 0.05067567567567567 0.12137137137137133
0 0.9744510135135135 0.7105021688355022 0.02744932432432433 0.10301968635301964
0 0.9810799319727891 0.5978835978835978 0.03571428571428565 0.11262282690854127
