0 0.9510416666666667 0.6810185185185185 0.052083333333333336 0.09907407407407408
0 0.8838541666666667 0.8305555555555556 0.04583333333333333 0.05740740740740741
0 0.43723958333333335 0.9319444444444445 0.0765625 0.08055555555555556
0 0.44427083333333334 0.8023148148148148 0.05416666666666667 0.0824074074074074
0 0.27421875 0.6111111111111112 0.0609375 0.11296296296296296
0 0.378125 0.8490740740740741 0.06875 0.07037037037037037
0 0.9838541666666667 0.6814814814814815 0.03125 0.09444444444444444
0 0.44088541666666664 0.4925925925925926 0.03802083333333333 0.13148148148148148
0 0.025 0.6430555555555556 0.04583333333333333 0.08611111111111111
0 0.7380208333333333 0.6078703703703704 0.046875 0.10833333333333334
0 0.0875 0.7027777777777777 0.030208333333333334 0.09444444444444444
0 0.19401041666666666 0.812962962962963 0.05260416666666667 0.07222222222222222
0 0.48854166666666665 0.913425925925926 0.06666666666666667 0.08055555555555556
0 0.9052083333333333 0.6171296296296296 0.059375 0.09166666666666666
0 0.8151041666666666 0.6203703703703703 0.04479166666666667 0.12407407407407407
0 0.4231770833333333 0.575925925925926 0.05364583333333333 0.12222222222222222
0 0.5760416666666667 0.0912037037037037 0.05 0.13055555555555556
0 0.06380208333333333 0.275 0.028645833333333332 0.12407407407407407
0 0.24739583333333334 0.8277777777777777 0.025 0.040740740740740744
0 0.050520833333333334 0.7902777777777777 0.0625 0.04537037037037037
0 0.425 0.6560185185185186 0.06979166666666667 0.04351851851851852
0 0.06661821705426357 0.8298341946597761 0.05329457364341086 0.05598621877691646
