0 0.5286458333333334 0.6958333333333333 0.052083333333333336 0.125
0 0.07682291666666667 0.7907407407407407 0.0515625 0.06851851851851852
0 0.3299479166666667 0.9143518518518519 0.06614583333333333 0.09351851851851851
0 0.24244791666666668 0.5518518518518518 0.06197916666666667 0.09259259259259259
0 0.3263020833333333 0.7245370370370371 0.06302083333333333 0.075
0 0.30911458333333336 0.799074074074074 0.0359375 0.07222222222222222
0 0.171875 0.46805555555555556 0.057291666666666664 0.07685185185185185
0 0.10651041666666666 0.6226851851851852 0.044270833333333336 0.08981481481481482
0 0.5744791666666667 0.9458333333333333 0.09895833333333333 0.09722222222222222
0 0.8658854166666666 0.6152777777777778 0.0609375 0.08981481481481482
0 0.19010416666666666 0.6523148148148148 0.05520833333333333 0.10833333333333334
0 0.1625 0.8194444444444444 0.05625 0.07777777777777778
0 0.41796875 0.6504629629629629 0.06822916666666666 0.11203703703703703
0 0.1296875 0.5194444444444445 0.05625 0.08703703703703704
0 0.5966145833333333 0.6986111111111111 0.06510416666666667 0.07314814814814814
0 0.5096354166666667 0.8273148148148148 0.0640625 0.04537037037037037
0 0.20364583333333333 0.799074074074074 0.034375 0.053703703703703705
0 0.14296875 0.7175925925925926 0.03177083333333333 0.11851851851851852
0 0.37421875 0.8143518518518519 0.03802083333333333 0.062037037037037036
0 0.8604166666666667 0.8064814814814815 0.030208333333333334 0.053703703703703705
0 0.446875 0.8347222222222223 0.03333333333333333 0.030555555555555555
0 0.18932291666666667 0.5444444444444444 0.04739583333333333 0.07037037037037037
0 0.6526041666666667 0.836574074074074 0.06041666666666667 0.028703703703703703
0 0.01953125 0.7166666666666667 0.0359375 0.08333333333333333
0 0.011458333333333333 0.7828703703703703 0.020833333333333332 0.09166666666666666
0 0.6076002244279912 0.6151817874923388 0.030694460832030403 0.10151017068217137
0 0.9772995283018867 0.6846174004192872 0.028007075471698072 0.11224668064290713
