0 0.32641882183908044 0.8128458918688803 0.04819204980842908 0.08248190719455081
0 0.4865601053639847 0.6518731375053215 0.0757303639846743 0.1011068539804172
0 0.6875598659003832 0.8277458492975734 0.0754310344827586 0.08248190719455081
0 0.803999042145594 0.6827373350361856 0.06824712643678162 0.07556406981694337
0 0.7899305555555555 0.5084610472541508 0.06645114942528743 0.11547467007237124
0 0.8854166666666666 0.5888143891017454 0.0676484674329501 0.11334610472541505
0 0.936452346743295 0.7064176245210728 0.051185344827586236 0.1144103873988932
0 0.1760204081632653 0.8078231292517006 0.047193877551020426 0.08427815570672713
0 0.06962159863945577 0.8826530612244897 0.07079081632653063 0.11148904006046854
0 0.06919642857142858 0.6375661375661374 0.04145408163265306 0.11186696900982608
0 0.12392635233918127 0.6968810916179337 0.027183845029239755 0.11452241715399615
