0 0.506578947368421 0.5232699805068226 0.07428728070175433 0.13084795321637427
0 0.3255208333333333 0.8440545808966862 0.0663377192982456 0.09746588693957108
0 0.38322368421052627 0.7592592592592593 0.06277412280701752 0.1296296296296295
0 0.658922697368421 0.6714181286549706 0.06400767543859658 0.07724171539961015
0 0.7798108552631579 0.672027290448343 0.06318530701754384 0.05896686159844049
0 0.7978344298245614 0.7551169590643273 0.06524122807017546 0.07797270955165693
0 0.7476014254385964 0.8105506822612085 0.05934758771929817 0.0679824561403509
0 0.8454632675438596 0.8305311890838206 0.05605811403508767 0.08650097465886941
0 0.88671875 0.8177387914230019 0.04290021929824554 0.07602339181286545
0 0.8665021929824561 0.7115009746588694 0.06332236842105263 0.059454191033138405
0 0.9355126096491228 0.7050438596491226 0.052768640350877166 0.11330409356725145
0 0.9308525219298244 0.5815058479532164 0.06263706140350879 0.10696881091617941
0 0.8734237938596491 0.319078947368421 0.07497258771929817 0.1211013645224171
0 0.36966891133557794 0.586887392442948 0.07295173961840629 0.11254520513779777
0 0.06912530637254902 0.7849945533769063 0.050423815359477125 0.0503812636165577
0 0.029360702614379085 0.7651370733478576 0.03191380718954249 0.049246550472040615
0 0.6053503787878788 0.879489337822671 0.04371843434343437 0.1388888888888889
