0 0.9453125 0.7055555555555556 0.05416666666666667 0.07407407407407407
0 0.23671875 0.5560185185185185 0.058854166666666666 0.07685185185185185
0 0.22109375 0.8212962962962963 0.0421875 0.06296296296296296
0 0.9221354166666667 0.638425925925926 0.04739583333333333 0.09351851851851851
0 0.8049479166666667 0.6912037037037037 0.034895833333333334 0.11574074074074074
0 0.9729166666666667 0.7449074074074075 0.046875 0.0787037037037037
0 0.3807291666666667 0.9287037037037037 0.08229166666666667 0.08148148148148149
0 0.08541666666666667 0.7296296296296296 0.034375 0.09074074074074075
0 0.058854166666666666 0.8300925925925926 0.04583333333333333 0.0712962962962963
0 0.7606770833333333 0.612037037037037 0.0609375 0.13148148148148148
0 0.30833333333333335 0.8703703703703703 0.06770833333333333 0.09074074074074075
0 0.415625 0.8851851851851852 0.057291666666666664 0.07962962962962963
0 0.809375 0.42777777777777776 0.042708333333333334 0.12962962962962962
0 0.025260416666666667 0.6324074074074074 0.043229166666666666 0.07222222222222222
0 0.039322916666666666 0.788425925925926 0.049479166666666664 0.04722222222222222
0 0.434375 0.8115740740740741 0.053125 0.0787037037037037
0 0.7036458333333333 0.7601851851851852 0.030208333333333334 0.11481481481481481
0 0.41770833333333335 0.9439814814814815 0.0020833333333333333 0.004629629629629629
0 0.027882067137809184 0.7117851066614317 0.043617491166077736 0.10633424944379012
