0 0.27682291666666664 0.6666666666666666 0.06822916666666666 0.09814814814814815
0 0.853125 0.7861111111111111 0.059375 0.0962962962962963
0 0.9752604166666666 0.5898148148148148 0.04739583333333333 0.07037037037037037
0 0.9080729166666667 0.6810185185185185 0.05677083333333333 0.08611111111111111
0 0.9848958333333333 0.4439814814814815 0.029166666666666667 0.09351851851851851
0 0.040364583333333336 0.7972222222222223 0.04739583333333333 0.06296296296296296
0 0.6822916666666666 0.8625 0.0375 0.032407407407407406
0 0.31979166666666664 0.31296296296296294 0.042708333333333334 0.13148148148148148
0 0.05945929672447014 0.32032755298651255 0.04847061657032756 0.0947334617854849
0 0.09349234393404005 0.8559089124460149 0.05962897526501767 0.03795314749378349
0 0.08244994110718491 0.8146839418924224 0.04012073027090695 0.0379531474937836
0 0.08143772084805653 0.7862190812720848 0.022636925795053 0.03206386598612754
0 0.9693580795262268 0.6754089114495206 0.04626692047377337 0.06298176348937766
