0 0.13177083333333334 0.5537037037037037 0.041666666666666664 0.12407407407407407
0 0.9388020833333334 0.5902777777777778 0.043229166666666666 0.13240740740740742
0 0.18645833333333334 0.961574074074074 0.07708333333333334 0.075
0 0.06145833333333333 0.5939814814814814 0.04895833333333333 0.08611111111111111
0 0.9231770833333334 0.7662037037037037 0.04010416666666667 0.09907407407407408
0 0.11302083333333333 0.7962962962962963 0.03229166666666667 0.06851851851851852
0 0.4361979166666667 0.8240740740740741 0.03802083333333333 0.1
0 0.9841145833333333 0.5777777777777777 0.030729166666666665 0.10740740740740741
0 0.7950520833333333 0.836574074074074 0.027604166666666666 0.06574074074074074
0 0.36041666666666666 0.7819444444444444 0.029166666666666667 0.11388888888888889
0 0.5653645833333333 0.3925925925925926 0.03697916666666667 0.16296296296296298
0 0.8515625 0.8111111111111111 0.040625 0.1037037037037037
0 0.77265625 0.7814814814814814 0.059895833333333336 0.09444444444444444
0 0.021875 0.6050925925925926 0.040625 0.09907407407407408
0 0.38958333333333334 0.8546296296296296 0.036458333333333336 0.03148148148148148
0 0.16744791666666667 0.6810185185185185 0.05260416666666667 0.11203703703703703
0 0.48671875 0.03148148148148148 0.0484375 0.05740740740740741
0 0.31536458333333334 0.5995370370370371 0.028645833333333332 0.1361111111111111
0 0.03828125 0.7953703703703704 0.0421875 0.05925925925925926
0 0.09244791666666667 0.7898148148148149 0.0234375 0.06481481481481481
0 0.09713541666666667 0.8240740740740741 0.0046875 0.001851851851851852
0 0.06901041666666667 0.8037037037037037 0.021354166666666667 0.03518518518518519
0 0.13694585755813954 0.8116655900086133 0.02467902131782947 0.050333763996554724
0 0.7025862068965518 0.8615900383141764 0.05280172413793108 0.030970625798211995
0 0.5044725836431228 0.3853435219606223 0.07028345724907066 0.059548395979622734
