0 0.09661458333333334 0.5541666666666667 0.05572916666666667 0.09351851851851851
0 0.28203125 0.861574074074074 0.0609375 0.08981481481481482
0 0.9638020833333333 0.5736111111111111 0.0453125 0.09722222222222222
0 0.8643229166666667 0.6101851851851852 0.0515625 0.08333333333333333
0 0.084375 0.8212962962962963 0.04479166666666667 0.07407407407407407
0 0.034375 0.5828703703703704 0.04895833333333333 0.07685185185185185
0 0.91015625 0.48333333333333334 0.05677083333333333 0.09814814814814815
0 0.1265625 0.6268518518518519 0.04375 0.09074074074074075
0 0.20520833333333333 0.7013888888888888 0.03854166666666667 0.11388888888888889
0 0.8989583333333333 0.6689814814814815 0.04895833333333333 0.08425925925925926
0 0.8166666666666667 0.7962962962962963 0.06145833333333333 0.08518518518518518
0 0.10677083333333333 0.7625 0.036458333333333336 0.0787037037037037
0 0.054947916666666666 0.6675925925925926 0.0515625 0.07222222222222222
0 0.9721354166666667 0.7796296296296297 0.0328125 0.08518518518518518
0 0.04739583333333333 0.725 0.03229166666666667 0.05740740740740741
0 0.73359375 0.8495370370370371 0.03697916666666667 0.05462962962962963
0 0.21792231912144705 0.8873456790123456 0.053092700258397914 0.07357163364915303
0 0.18670127795527158 0.7973908413205538 0.029619275825346108 0.0973257602650573
0 0.04340277777777778 0.7757040895061729 0.032552083333333336 0.05256558641975312
0 0.7681521203155819 0.12108262108262109 0.06502712031558175 0.0745123822046899
0 0.5691550925925927 0.6121399176954733 0.026041666666666668 0.16460905349794244
0 0.5700231481481481 0.5936213991769547 0.041666666666666664 0.09670781893004117
0 0.9496527777777779 0.8376543209876544 0.024305555555555594 0.030864197530864234
