0 0.18854166666666666 0.9597222222222223 0.06354166666666666 0.075
0 0.9028645833333333 0.788425925925926 0.050520833333333334 0.09537037037037037
0 0.13255208333333332 0.55 0.04114583333333333 0.10740740740740741
0 0.09348958333333333 0.7481481481481481 0.03177083333333333 0.08518518518518518
0 0.35989583333333336 0.8009259259259259 0.036458333333333336 0.11851851851851852
0 0.5817708333333333 0.24074074074074073 0.065625 0.12962962962962962
0 0.7705729166666667 0.7875 0.0640625 0.09537037037037037
0 0.09036458333333333 0.6333333333333333 0.04635416666666667 0.08148148148148149
0 0.93359375 0.6148148148148148 0.044270833333333336 0.13148148148148148
0 0.6890625 0.861574074074074 0.0625 0.03611111111111111
0 0.9893229166666667 0.5990740740740741 0.0203125 0.1037037037037037
0 0.44036458333333334 0.836574074074074 0.044270833333333336 0.0787037037037037
0 0.10885416666666667 0.8069444444444445 0.026041666666666668 0.05092592592592592
0 0.7596354166666667 0.8564814814814815 0.04739583333333333 0.03333333333333333
0 0.30494791666666665 0.33425925925925926 0.027604166666666666 0.16296296296296298
0 0.17265625 0.7703703703703704 0.0328125 0.08518518518518518
0 0.32265625 0.8314814814814815 0.0265625 0.06851851851851852
0 0.8565104166666667 0.8435185185185186 0.0203125 0.040740740740740744
0 0.9705729166666667 0.49953703703703706 0.0265625 0.1361111111111111
0 0.03809987029831388 0.7940625450353077 0.03728923476005188 0.05548349906326564
0 0.06961332684824903 0.801628476725753 0.021684500648508426 0.040351635682374945
