0 0.16901041666666666 0.4449074074074074 0.050520833333333334 0.09907407407407408
0 0.17161458333333332 0.5296296296296297 0.06510416666666667 0.05740740740740741
0 0.0625 0.6226851851851852 0.051041666666666666 0.05648148148148148
0 0.32083333333333336 0.9171296296296296 0.065625 0.08425925925925926
0 0.09557291666666666 0.7898148148148149 0.04010416666666667 0.06296296296296296
0 0.46848958333333335 0.624537037037037 0.06197916666666667 0.062037037037037036
0 0.40520833333333334 0.7550925925925925 0.05416666666666667 0.09166666666666666
0 0.23020833333333332 0.8305555555555556 0.05520833333333333 0.08333333333333333
0 0.6122395833333333 0.5819444444444445 0.0515625 0.12129629629629629
0 0.1109375 0.6888888888888889 0.040625 0.12037037037037036
0 0.5403645833333334 0.5634259259259259 0.0453125 0.12129629629629629
0 0.5143229166666666 0.8287037037037037 0.034895833333333334 0.044444444444444446
0 0.815625 0.6430555555555556 0.065625 0.09351851851851851
0 0.25052083333333336 0.49027777777777776 0.052083333333333336 0.10277777777777777
0 0.6169270833333333 0.7759259259259259 0.06302083333333333 0.06666666666666667
0 0.5609375 0.7060185185185185 0.06145833333333333 0.075
0 0.01484375 0.7898148148148149 0.027604166666666666 0.08333333333333333
0 0.203125 0.5564814814814815 0.05 0.09074074074074075
0 0.265625 0.8087962962962963 0.029166666666666667 0.04537037037037037
0 0.5703125 0.8356481481481481 0.021875 0.032407407407407406
0 0.30807291666666664 0.8180555555555555 0.021354166666666667 0.03796296296296296
0 0.027182177615571776 0.7373614490402811 0.04752128953771289 0.11895106785617726
0 0.1718369829683698 0.8059610705596106 0.05094282238442822 0.03987564206542305
0 0.4603166515700483 0.694092190016103 0.03804725241545898 0.11040660225442836
0 0.4120516877637131 0.9165494608532583 0.0758175105485232 0.04922644163150496
