0 0.3458333333333333 0.5907407407407408 0.065625 0.08703703703703704
0 0.43828125 0.5777777777777777 0.0828125 0.12777777777777777
0 0.9549479166666667 0.7837962962962963 0.0453125 0.07314814814814814
0 0.5690104166666666 0.6893518518518519 0.06822916666666666 0.09537037037037037
0 0.35130208333333335 0.9064814814814814 0.0640625 0.09444444444444444
0 0.28229166666666666 0.6800925925925926 0.06458333333333334 0.06018518518518518
0 0.05651041666666667 0.5444444444444444 0.0546875 0.06296296296296296
0 0.14427083333333332 0.8148148148148148 0.051041666666666666 0.08518518518518518
0 0.08567708333333333 0.3939814814814815 0.04010416666666667 0.11018518518518519
0 0.496875 0.7175925925925926 0.0625 0.08333333333333333
0 0.022916666666666665 0.7486111111111111 0.034375 0.08055555555555556
0 0.26901041666666664 0.5837962962962963 0.05677083333333333 0.12314814814814815
0 0.049479166666666664 0.6435185185185185 0.059375 0.08518518518518518
0 0.013541666666666667 0.8013888888888889 0.026041666666666668 0.06388888888888888
0 0.84140625 0.8194444444444444 0.03177083333333333 0.03148148148148148
0 0.8734375 0.7560185185185185 0.03229166666666667 0.058333333333333334
0 0.1465921633554084 0.49638214373313716 0.02759381898454746 0.1097620799607555
0 0.2669701986754967 0.7790654893303899 0.04759933774834441 0.10240372823154284
0 0.7825816761363636 0.5729166666666666 0.052971117424242445 0.07260101010101018
0 0.7800662878787878 0.45270412457912457 0.060369318181818225 0.10890151515151517
0 0.9869791666666666 0.4298433048433048 0.022035256410256446 0.039173789173789185
0 0.9028445512820513 0.7877492877492877 0.028445512820512775 0.07407407407407407
