0 0.80546875 0.5111111111111111 0.06927083333333334 0.1037037037037037
0 0.22421875 0.8462962962962963 0.058854166666666666 0.08333333333333333
0 0.08828125 0.8819444444444444 0.06927083333333334 0.0712962962962963
0 0.6739583333333333 0.8328703703703704 0.06145833333333333 0.06574074074074074
0 0.061197916666666664 0.5615740740740741 0.04114583333333333 0.11574074074074074
0 0.93828125 0.7083333333333334 0.0484375 0.10925925925925926
0 0.88203125 0.5935185185185186 0.05572916666666667 0.11481481481481481
0 0.54375 0.6560185185185186 0.071875 0.08981481481481482
0 0.14270833333333333 0.7925925925925926 0.03333333333333333 0.05185185185185185
0 0.7589089912280701 0.7401315789473685 0.06743421052631575 0.09332358674463936
