0 0.9763020833333333 0.5074074074074074 0.043229166666666666 0.11851851851851852
0 0.27838541666666666 0.8435185185185186 0.06614583333333333 0.09074074074074075
0 0.93515625 0.5925925925925926 0.0546875 0.1111111111111111
0 0.165625 0.8407407407407408 0.059375 0.07777777777777778
0 0.0515625 0.9305555555555556 0.07083333333333333 0.09259259259259259
0 0.378125 0.7782407407407408 0.053125 0.09537037037037037
0 0.13619791666666667 0.5601851851851852 0.04114583333333333 0.1037037037037037
0 0.034895833333333334 0.5685185185185185 0.04583333333333333 0.08703703703703704
0 0.8388020833333333 0.7361111111111112 0.0484375 0.1037037037037037
0 0.045572916666666664 0.6657407407407407 0.04010416666666667 0.09259259259259259
0 0.428125 0.7921296296296296 0.04375 0.13796296296296295
0 0.7682291666666666 0.7856481481481481 0.06354166666666666 0.08796296296296297
0 0.04765625 0.7986111111111112 0.06197916666666667 0.058333333333333334
0 0.8890625 0.3768518518518518 0.053125 0.0962962962962963
0 0.018489583333333334 0.7226851851851852 0.03177083333333333 0.058333333333333334
0 0.7505208333333333 0.8550925925925926 0.04479166666666667 0.03611111111111111
0 0.7567708333333333 0.2962962962962963 0.041666666666666664 0.11666666666666667
0 0.2942708333333333 0.6125 0.035416666666666666 0.1175925925925926
0 0.6747395833333333 0.862037037037037 0.06822916666666666 0.03333333333333333
0 0.3866710296684118 0.8561178980027148 0.031086387434555007 0.027147566414582144
0 0.931773560209424 0.7763719216598797 0.047993019197207686 0.05477991080085326
