0 0.2635416666666667 0.850925925925926 0.07291666666666667 0.08148148148148149
0 0.82734375 0.4740740740740741 0.044270833333333336 0.1259259259259259
0 0.017708333333333333 0.6518518518518519 0.034375 0.09444444444444444
0 0.3578125 0.9175925925925926 0.065625 0.0962962962962963
0 0.95859375 0.2337962962962963 0.04739583333333333 0.11018518518518519
0 0.8109375 0.8027777777777778 0.036458333333333336 0.07222222222222222
0 0.9416666666666667 0.7097222222222223 0.041666666666666664 0.11203703703703703
0 0.9138020833333333 0.2986111111111111 0.0640625 0.12129629629629629
0 0.14036458333333332 0.8004629629629629 0.034895833333333334 0.08796296296296297
0 0.73125 0.1050925925925926 0.05520833333333333 0.10648148148148148
0 0.9760416666666667 0.8166666666666667 0.046875 0.06666666666666667
0 0.10729166666666666 0.6671296296296296 0.036458333333333336 0.08425925925925926
0 0.05520833333333333 0.6611111111111111 0.027083333333333334 0.1
0 0.8046875 0.3228557504873294 0.06195175438596496 0.11598440545808965
0 0.0885004397537379 0.7795856542558389 0.054144678979771335 0.06254275383562977
0 0.07963812436289501 0.3720693170234455 0.06785168195718655 0.13534941669498243
