0 0.35963541666666665 0.9041666666666667 0.0671875 0.09722222222222222
0 0.3221354166666667 0.6666666666666666 0.05677083333333333 0.07592592592592592
0 0.7635416666666667 0.4550925925925926 0.07291666666666667 0.10092592592592593
0 0.30494791666666665 0.5796296296296296 0.05572916666666667 0.08518518518518518
0 0.8265625 0.487962962962963 0.06145833333333333 0.0962962962962963
0 0.09401041666666667 0.6726851851851852 0.0484375 0.10277777777777777
0 0.15729166666666666 0.8171296296296297 0.052083333333333336 0.0712962962962963
0 0.11692708333333333 0.5694444444444444 0.058854166666666666 0.07777777777777778
0 0.2747395833333333 0.6342592592592593 0.04739583333333333 0.08703703703703704
0 0.28151041666666665 0.7439814814814815 0.05260416666666667 0.09722222222222222
0 0.14661458333333333 0.412962962962963 0.0546875 0.08333333333333333
0 0.11354166666666667 0.8425925925925926 0.05625 0.09074074074074075
0 0.4356770833333333 0.7643518518518518 0.0453125 0.11574074074074074
0 0.03671875 0.6412037037037037 0.0359375 0.09351851851851851
0 0.6143229166666667 0.6189814814814815 0.06302083333333333 0.09907407407407408
0 0.921875 0.8097222222222222 0.03854166666666667 0.03981481481481482
0 0.8872395833333333 0.7754629629629629 0.0515625 0.09907407407407408
0 0.9919270833333333 0.7490740740740741 0.015104166666666667 0.09814814814814815
0 0.6806949513381995 0.632603406326034 0.05436435523114357 0.0797512841308461
0 0.9738062652068126 0.39233576642335766 0.046760948905109484 0.06690997566909976
0 0.030199579831932777 0.747743541861189 0.024509803921568634 0.08714596949891068
0 0.10241596638655463 0.42950513538748836 0.021008403361344536 0.10115157173980707
