0 0.5547721119133573 0.6605161117796496 0.06524518652226229 0.08423586040914564
0 0.647939229843562 0.9456478138788609 0.112063778580024 0.10429201764941838
0 0.6579046329723224 0.7801845166466106 0.06543321299638988 0.11298301912020316
0 0.7561484657039711 0.6528279181708784 0.06486913357400728 0.06885947319160318
0 0.8792117930204573 0.8212996389891697 0.02970818291215404 0.05415162454873639
0 0.9342095367027677 0.6999598876855194 0.05584386281588453 0.1183313277176093
0 0.9657039711191335 0.7985693274501939 0.05452767749699158 0.06752239604225165
0 0.9841305655836341 0.5007353924321433 0.030084235860409217 0.13036502206177297
0 0.87977587244284 0.05699291349110844 0.05828820697954266 0.11398582698221688
0 0.3800015042117931 0.7360609707180105 0.0308363417569194 0.13972456210723358
0 0.40895758122743686 0.8614119534697152 0.07257821901323704 0.09827517047733657
0 0.4736328125 0.863095238095238 0.05161830357142859 0.09700176366843027
0 0.5121762387387387 0.5555555555555556 0.04997184684684684 0.11661661661661661
0 0.102759009009009 0.563938938938939 0.06672297297297299 0.12637637637637636
0 0.1229588963963964 0.7891641641641641 0.059262387387387386 0.04979979979979977
0 0.16314752252252251 0.788163163163163 0.02843468468468468 0.0598098098098098
0 0.01661036036036036 0.8051801801801801 0.029842342342342343 0.06881881881881877
0 0.06524219670200235 0.4492213061117654 0.028158127208480564 0.11058761942154163
0 0.12395097173144874 0.3584282162020678 0.05208333333333332 0.10960607250359902
