0 0.8734375 0.6347222222222222 0.05625 0.0824074074074074
0 0.62109375 0.4305555555555556 0.0734375 0.10740740740740741
0 0.19192708333333333 0.8097222222222222 0.0453125 0.08796296296296297
0 0.7979166666666667 0.4439814814814815 0.07395833333333333 0.1175925925925926
0 0.86484375 0.10324074074074074 0.06614583333333333 0.09351851851851851
0 0.9763020833333333 0.887962962962963 0.0453125 0.10555555555555556
0 0.15729166666666666 0.5976851851851852 0.036458333333333336 0.1175925925925926
0 0.98125 0.524537037037037 0.035416666666666666 0.10277777777777777
0 0.8815104166666666 0.7217592592592592 0.034895833333333334 0.11574074074074074
0 0.9403645833333333 0.7226851851851852 0.04010416666666667 0.11574074074074074
0 0.40286458333333336 0.6398148148148148 0.050520833333333334 0.09259259259259259
0 0.2506051936619718 0.8546883150756391 0.05666813380281687 0.08313771517996871
0 0.10119494494494495 0.8185963741519298 0.07225975975975976 0.06728951173395617
0 0.7101905684754521 0.8089290841228827 0.03229974160206718 0.08469710020097618
