0 0.5493507922535211 0.39107329160146065 0.09334653755868547 0.13530255607720396
0 0.5816277875586855 0.7127021387584768 0.030626467136150144 0.12323943661971828
0 0.6235328638497654 0.6841744913928013 0.05538438967136147 0.11704486176317157
0 0.7144953051643194 0.7733437663015128 0.052083333333333336 0.10041731872717784
0 0.7885856807511737 0.7307968179447053 0.07115610328638505 0.09683098591549298
0 0.7565837734741784 0.6023408972352635 0.06290346244131453 0.1555164319248826
0 0.8802083333333334 0.8184156378600823 0.026041666666666668 0.06018518518518518
0 0.9539207175925927 0.8056841563786008 0.040364583333333336 0.056841563786008145
0 0.9351128472222221 0.7069187242798354 0.05135995370370369 0.10673868312757195
0 0.982204861111111 0.5015432098765432 0.033854166666666664 0.13065843621399176
0 0.9701967592592593 0.1939300411522634 0.0457175925925925 0.13065843621399179
0 0.3921440972222222 0.9086934156378601 0.09505208333333333 0.11162551440329227
0 0.33424613402061853 0.8319014891179839 0.05995847651775481 0.10532009672903139
0 0.1612170753860127 0.4214602886265011 0.06613306085376931 0.1430517711171662
0 0.030724909173478657 0.5973105257846403 0.03760785649409628 0.13245534362700578
0 0.054850703905540414 0.7452820668079525 0.04073001816530426 0.10798264204258748
0 0.08337590826521345 0.6472651125239681 0.04044618528610355 0.11529922292865072
0 0.15025811209439527 0.6944444444444443 0.027193952802359877 0.09996722386102916
0 0.17641500737463123 0.7901098000655521 0.03940818584070795 0.06432317273025237
0 0.584625322997416 0.8941645133505598 0.0835755813953489 0.14391329313809925
