0 0.7640625 0.711574074074074 0.057291666666666664 0.10092592592592593
0 0.12864583333333332 0.5564814814814815 0.07083333333333333 0.07222222222222222
0 0.38828125 0.7222222222222222 0.06197916666666667 0.09074074074074075
0 0.9140625 0.6407407407407407 0.04791666666666667 0.1259259259259259
0 0.7880208333333333 0.8458333333333333 0.05416666666666667 0.05277777777777778
0 0.03125 0.4583333333333333 0.036458333333333336 0.10925925925925926
0 0.24609375 0.7212962962962963 0.06302083333333333 0.09814814814814815
0 0.03619791666666667 0.8111111111111111 0.0265625 0.11481481481481481
0 0.81875 0.7324074074074074 0.04583333333333333 0.0962962962962963
0 0.77421875 0.7944444444444444 0.0640625 0.053703703703703705
0 0.36666666666666664 0.825 0.04583333333333333 0.08703703703703704
0 0.15729166666666666 0.7513888888888889 0.036458333333333336 0.09722222222222222
0 0.15598958333333332 0.8476851851851852 0.06614583333333333 0.08055555555555556
0 0.10390625 0.7375 0.0265625 0.11203703703703703
0 0.5778645833333333 0.05324074074074074 0.0390625 0.10092592592592593
0 0.10911458333333333 0.8166666666666667 0.0328125 0.05
0 0.06312573616018845 0.7971796885224447 0.021348645465253235 0.057256903546656156
0 0.13416519434628973 0.6859377044889412 0.029814487632508824 0.12203900013087297
