0 0.4981770833333333 0.9300925925925926 0.08072916666666667 0.09722222222222222
0 0.39375 0.7537037037037037 0.06145833333333333 0.09444444444444444
0 0.32265625 0.9111111111111111 0.0703125 0.10185185185185185
0 0.17916666666666667 0.4638888888888889 0.057291666666666664 0.08148148148148149
0 0.23177083333333334 0.5120370370370371 0.059375 0.1
0 0.08958333333333333 0.6240740740740741 0.04791666666666667 0.08148148148148149
0 0.09557291666666666 0.7916666666666666 0.058854166666666666 0.06296296296296296
0 0.14947916666666666 0.5263888888888889 0.057291666666666664 0.07314814814814814
0 0.4 0.662962962962963 0.06354166666666666 0.06111111111111111
0 0.6143229166666667 0.5745370370370371 0.043229166666666666 0.1398148148148148
0 0.8520833333333333 0.5921296296296297 0.057291666666666664 0.08611111111111111
0 0.5752604166666667 0.7152777777777778 0.058854166666666666 0.05648148148148148
0 0.15416666666666667 0.6259259259259259 0.059375 0.08148148148148149
0 0.4627604166666667 0.6569444444444444 0.06510416666666667 0.09907407407407408
0 0.5291666666666667 0.6638888888888889 0.030208333333333334 0.11851851851851852
0 0.9760416666666667 0.6976851851851852 0.041666666666666664 0.05648148148148148
0 0.23020833333333332 0.8009259259259259 0.04791666666666667 0.05
0 0.18802083333333333 0.55 0.051041666666666666 0.08148148148148149
0 0.012171648550724636 0.7701791465378421 0.022078804347826088 0.043780193236714934
0 0.006227355072463767 0.8079206924315621 0.012454710144927534 0.050825281803542705
0 0.025475543478260868 0.733695652173913 0.043591485507246376 0.11070853462157812
0 0.19665287990196076 0.822610294117647 0.05744485294117648 0.06365740740740741
0 0.30943627450980393 0.8091639433551198 0.01953125 0.04697712418300655
0 0.5578753591954023 0.7890325670498086 0.057022270114942465 0.07104086845466161
0 0.8156415343915344 0.48750734861845973 0.04199735449735454 0.11140505584950022
0 0.8457711442786068 0.2231896075179657 0.039904643449419554 0.11378293716602172
0 0.6507406069364162 0.8373474630700064 0.056900289017341045 0.02087347463070012
