0 0.3531125992063492 0.7091876102292769 0.06417410714285718 0.09507275132275134
0 0.3580729166666667 0.40467923280423285 0.08835565476190474 0.11326058201058199
0 0.7855902777777779 0.822448192239859 0.07254464285714295 0.0658619929453263
0 0.824187748015873 0.7417052469135803 0.05921378968253978 0.10168650793650792
0 0.5688864087301587 0.8057760141093474 0.04805307539682531 0.09424603174603179
0 0.5534629216269842 0.6069499559082893 0.06897941468253972 0.11822089947089938
0 0.0736297123015873 0.7038139329805997 0.02821180555555556 0.11188271604938275
0 0.16245039682539683 0.6555886243386243 0.06634424603174605 0.10030864197530867
0 0.1215277777777778 0.8180390211640212 0.060453869047619055 0.08184523809523807
0 0.09471106150793651 0.7859347442680776 0.052083333333333336 0.05511463844797178
0 0.019978043300653597 0.6479212055192447 0.03893484477124183 0.09985475671750174
0 0.9348830678104575 0.7065858750907771 0.055274714052287524 0.11596768336964416
0 0.9703975340136054 0.4938586545729402 0.04900085034013604 0.10600907029478458
0 0.2533028455284553 0.2565492321589883 0.04979674796747971 0.13188798554652212
