0 0.24322916666666666 0.8398148148148148 0.08125 0.07037037037037037
0 0.13177083333333334 0.4722222222222222 0.05520833333333333 0.09259259259259259
0 0.9208333333333333 0.48194444444444445 0.059375 0.07685185185185185
0 0.89765625 0.6861111111111111 0.0546875 0.10555555555555556
0 0.64375 0.8388888888888889 0.05520833333333333 0.07592592592592592
0 0.9536458333333333 0.6111111111111112 0.036458333333333336 0.12777777777777777
0 0.6096354166666667 0.5175925925925926 0.0671875 0.09814814814814815
0 0.0828125 0.5824074074074074 0.05520833333333333 0.09444444444444444
0 0.14973958333333334 0.7805555555555556 0.0546875 0.08888888888888889
0 0.20911458333333333 0.7412037037037037 0.0421875 0.10092592592592593
0 0.85234375 0.7449074074074075 0.04114583333333333 0.09722222222222222
0 0.096875 0.725925925925926 0.04895833333333333 0.08518518518518518
0 0.8364583333333333 0.6199074074074075 0.057291666666666664 0.08611111111111111
0 0.07786458333333333 0.7967592592592593 0.025520833333333333 0.06018518518518518
0 0.55703125 0.5944444444444444 0.0421875 0.15
0 0.7864583333333334 0.8462962962962963 0.0375 0.05
0 0.965625 0.762962962962963 0.042708333333333334 0.08148148148148149
0 0.23229166666666667 0.6486111111111111 0.058333333333333334 0.08425925925925926
0 0.04140625 0.7939814814814815 0.0453125 0.058333333333333334
0 0.054427083333333334 0.7662037037037037 0.025520833333333333 0.09166666666666666
0 0.9122395833333333 0.4837962962962963 0.0359375 0.06574074074074074
0 0.17479854559748426 0.64159678546471 0.03267492138364781 0.10132774283717683
0 0.736089135021097 0.8588255977496483 0.024393459915611735 0.033403656821378316
0 0.9595352564102565 0.817505539727762 0.026709401709401705 0.06410256410256404
