0 0.36972460658082973 0.8080988714035924 0.04202432045779687 0.06795422031473525
0 0.47163588390501315 0.5471269422456757 0.07063544415127528 0.09259259259259259
0 0.6203963280562885 0.5857275481286034 0.06994832893579593 0.10627381999413658
0 0.6830612357080035 0.6587755301475618 0.06610048372911166 0.10383074367243239
0 0.7585064863676342 0.6829619857324343 0.057855101143359754 0.0862405941561615
0 0.7587813324538257 0.7639499657969315 0.05455694810905894 0.11140428026971563
0 0.8147812225153913 0.7459933548324049 0.05606860158311342 0.08526336362747967
0 0.8546339050131927 0.8275921039773283 0.05689313984168874 0.08037721098407118
0 0.8895393579595425 0.8158653376331476 0.034355760773966536 0.07646828886934429
0 0.9339270008795074 0.7069041336851363 0.053320140721196195 0.10920551158018175
0 0.9357822119613016 0.5217189484999512 0.055656332453825876 0.10089905208638718
0 0.9845680793755496 0.4935014169842665 0.029822174582234004 0.11335874132707902
0 0.8584983498349835 0.6988448844884488 0.04744224422442246 0.10249358269160254
0 0.18805438842203548 0.8540823736902168 0.07382119514472454 0.12138188608776848
0 0.07309173669467788 0.786518311028115 0.048144257703081235 0.06821247017325449
0 0.02173786181139122 0.7194729743749351 0.043183940242763764 0.08610851748106656
0 0.405363209432454 0.6511457500666133 0.03909372501998399 0.12456701305622164
