0 0.13359375 0.8009259259259259 0.04739583333333333 0.06481481481481481
0 0.9111979166666667 0.4842592592592593 0.0640625 0.12037037037037036
0 0.196875 0.45092592592592595 0.06145833333333333 0.12222222222222222
0 0.96171875 0.8189814814814815 0.05364583333333333 0.05092592592592592
0 0.8263020833333333 0.6060185185185185 0.0609375 0.10648148148148148
0 0.11119791666666666 0.5921296296296297 0.0515625 0.07685185185185185
0 0.10390625 0.7412037037037037 0.04739583333333333 0.09166666666666666
0 0.6447916666666667 0.5560185185185185 0.07708333333333334 0.13240740740740742
0 0.65859375 0.850462962962963 0.0390625 0.05462962962962963
0 0.9611979166666667 0.6560185185185186 0.04114583333333333 0.11388888888888889
0 0.8984375 0.6828703703703703 0.04375 0.09351851851851851
0 0.28229166666666666 0.836574074074074 0.028125 0.05277777777777778
0 0.8802083333333334 0.6425925925925926 0.0375 0.08888888888888889
0 0.3729166666666667 0.1814814814814815 0.03229166666666667 0.1111111111111111
0 0.07057291666666667 0.7981481481481482 0.0234375 0.046296296296296294
0 0.20989583333333334 0.8 0.029166666666666667 0.08148148148148149
0 0.19558566433566432 0.5688293188293189 0.03787878787878786 0.07057757057757057
0 0.17045454545454547 0.6206293706293706 0.05244755244755244 0.07834757834757837
0 0.03760221962616823 0.7909311180339217 0.03918419003115264 0.04845967462789889
0 0.7373687664041995 0.853018372703412 0.02214566929133864 0.04811898512685915
0 0.9626060379241518 0.7493346640053227 0.05021207584830343 0.05821689953426488
