0 0.14270833333333333 0.5666666666666667 0.06041666666666667 0.0962962962962963
0 0.7927083333333333 0.8402777777777778 0.05416666666666667 0.06388888888888888
0 0.390625 0.7375 0.05625 0.09351851851851851
0 0.7822916666666667 0.6861111111111111 0.06458333333333334 0.09259259259259259
0 0.030729166666666665 0.3824074074074074 0.03854166666666667 0.10925925925925926
0 0.7645833333333333 0.7833333333333333 0.058333333333333334 0.05555555555555555
0 0.1578125 0.8439814814814814 0.0625 0.07685185185185185
0 0.36953125 0.825 0.050520833333333334 0.08333333333333333
0 0.050520833333333334 0.799537037037037 0.053125 0.06018518518518518
0 0.8223958333333333 0.7375 0.046875 0.07685185185185185
0 0.08463541666666667 0.7092592592592593 0.027604166666666666 0.10740740740740741
0 0.13619791666666667 0.7921296296296296 0.033854166666666664 0.06574074074074074
0 0.10416666666666667 0.8157407407407408 0.020833333333333332 0.03148148148148148
0 0.15606595995288572 0.7526828949090434 0.026501766784452277 0.07034419578589195
0 0.311312134502924 0.7363547758284601 0.05866228070175434 0.04580896686159848
0 0.9163533834586466 0.6340504037872458 0.043076441102756984 0.10129490392648287
