0 0.20416666666666666 0.8291666666666667 0.03229166666666667 0.04351851851851852
0 0.9283854166666666 0.6287037037037037 0.0515625 0.10740740740740741
0 0.26119791666666664 0.7337962962962963 0.0390625 0.10092592592592593
0 0.12994791666666666 0.6282407407407408 0.04739583333333333 0.08055555555555556
0 0.78515625 0.7726851851851851 0.05364583333333333 0.11388888888888889
0 0.7369791666666666 0.7907407407407407 0.04791666666666667 0.08333333333333333
0 0.8591145833333333 0.775 0.058854166666666666 0.12222222222222222
0 0.0296875 0.5990740740740741 0.03854166666666667 0.1111111111111111
0 0.6354166666666666 0.8009259259259259 0.04583333333333333 0.10185185185185185
0 0.20026041666666666 0.9648148148148148 0.08177083333333333 0.06666666666666667
0 0.07890625 0.8157407407407408 0.044270833333333336 0.07037037037037037
0 0.2625 0.47685185185185186 0.030208333333333334 0.1259259259259259
0 0.69140625 0.862037037037037 0.06822916666666666 0.03518518518518519
0 0.16145833333333334 0.712037037037037 0.03229166666666667 0.1
0 0.22421875 0.6620370370370371 0.04010416666666667 0.09814814814814815
0 0.0875 0.7402777777777778 0.04479166666666667 0.0787037037037037
0 0.04244791666666667 0.7986111111111112 0.0484375 0.06574074074074074
0 0.7971354166666667 0.6412037037037037 0.030729166666666665 0.10833333333333334
0 0.08463541666666667 0.6990740740740741 0.0265625 0.06481481481481481
0 0.07317708333333334 0.18425925925925926 0.033854166666666664 0.14074074074074075
0 0.1279503853564547 0.48383643759366307 0.019869942196531775 0.11025476343395424
0 0.43685157295850063 0.8327755466309683 0.03702309236947787 0.09184887698943922
