0 0.25052083333333336 0.9282407407407407 0.065625 0.08796296296296297
0 0.027083333333333334 0.6370370370370371 0.04583333333333333 0.08333333333333333
0 0.4466145833333333 0.8023148148148148 0.05364583333333333 0.08611111111111111
0 0.678125 0.7027777777777777 0.065625 0.1111111111111111
0 0.28020833333333334 0.4703703703703704 0.05520833333333333 0.12037037037037036
0 0.7799479166666666 0.687037037037037 0.05260416666666667 0.08703703703703704
0 0.24557291666666667 0.7111111111111111 0.0578125 0.09259259259259259
0 0.9299479166666667 0.6314814814814815 0.043229166666666666 0.09814814814814815
0 0.19635416666666666 0.5300925925925926 0.06770833333333333 0.07685185185185185
0 0.89140625 0.7180555555555556 0.05572916666666667 0.06759259259259259
0 0.28880208333333335 0.6212962962962963 0.04010416666666667 0.11481481481481481
0 0.221875 0.8847222222222222 0.06041666666666667 0.05648148148148148
0 0.08645833333333333 0.5805555555555556 0.0375 0.10740740740740741
0 0.03958333333333333 0.7976851851851852 0.04479166666666667 0.06944444444444445
0 0.9403645833333333 0.7787037037037037 0.0484375 0.09074074074074075
0 0.24010416666666667 0.812962962962963 0.028125 0.05555555555555555
0 0.9625 0.8314814814814815 0.05416666666666667 0.037037037037037035
0 0.26953125 0.8625 0.059895833333333336 0.06944444444444445
0 0.196875 0.8282407407407407 0.036458333333333336 0.03611111111111111
0 0.10642461464354529 0.4081031898950974 0.02438583815028902 0.11935345750374651
