0 0.34453125 0.9018518518518519 0.06614583333333333 0.1037037037037037
0 0.2296875 0.5745370370370371 0.058333333333333334 0.10092592592592593
0 0.75546875 0.5226851851851851 0.06197916666666667 0.14351851851851852
0 0.14270833333333333 0.4652777777777778 0.03958333333333333 0.10277777777777777
0 0.94375 0.6518518518518519 0.046875 0.1
0 0.10885416666666667 0.5921296296296297 0.059375 0.0824074074074074
0 0.22708333333333333 0.7861111111111111 0.040625 0.07037037037037037
0 0.08697916666666666 0.4981481481481482 0.051041666666666666 0.09259259259259259
0 0.43645833333333334 0.6263888888888889 0.04895833333333333 0.11944444444444445
0 0.18333333333333332 0.6509259259259259 0.04583333333333333 0.09259259259259259
0 0.28203125 0.8574074074074074 0.0609375 0.08518518518518518
0 0.9825520833333333 0.5666666666666667 0.030729166666666665 0.10740740740740741
0 0.22109375 0.6856481481481481 0.0421875 0.10462962962962963
0 0.31927083333333334 0.6953703703703704 0.042708333333333334 0.10555555555555556
0 0.5197916666666667 0.6782407407407407 0.07083333333333333 0.0787037037037037
0 0.9768229166666667 0.7703703703703704 0.0359375 0.08703703703703704
0 0.33697916666666666 0.7597222222222222 0.027083333333333334 0.058333333333333334
0 0.39140625 0.7546296296296297 0.06197916666666667 0.08703703703703704
0 0.015625 0.7546296296296297 0.027083333333333334 0.10925925925925926
0 0.09389671361502347 0.6817292644757434 0.03227699530516432 0.11411058946270221
0 0.33267312206572774 0.8176838810641628 0.05355046948356807 0.05346896191966614
0 0.8632262323943662 0.7837767344809599 0.03997946009389679 0.10563380281690145
