0 0.6880208333333333 0.4861111111111111 0.06041666666666667 0.11481481481481481
0 0.36614583333333334 0.6518518518518519 0.06354166666666666 0.07592592592592592
0 0.15104166666666666 0.5541666666666667 0.05625 0.08055555555555556
0 0.10208333333333333 0.7018518518518518 0.052083333333333336 0.09814814814814815
0 0.15338541666666666 0.4412037037037037 0.0546875 0.09351851851851851
0 0.86953125 0.7921296296296296 0.04635416666666667 0.08055555555555556
0 0.3111979166666667 0.5875 0.0640625 0.10648148148148148
0 0.7317708333333334 0.41435185185185186 0.071875 0.08611111111111111
0 0.2828125 0.7828703703703703 0.030208333333333334 0.10648148148148148
0 0.034375 0.625 0.040625 0.0962962962962963
0 0.07447916666666667 0.5268518518518519 0.0 0.001851851851851852
0 0.2755208333333333 0.6601851851851852 0.06354166666666666 0.08148148148148149
0 0.06588541666666667 0.8412037037037037 0.05364583333333333 0.0824074074074074
0 0.70390625 0.6050925925925926 0.05364583333333333 0.09351851851851851
0 0.07135416666666666 0.4634259259259259 0.03125 0.10833333333333334
0 0.96328125 0.44351851851851853 0.04114583333333333 0.12962962962962962
0 0.022135416666666668 0.7226851851851852 0.04114583333333333 0.0824074074074074
0 0.93046875 0.8078703703703703 0.0390625 0.03611111111111111
0 0.10044642857142856 0.4332010582010582 0.025111607142857147 0.10085978835978837
0 0.6331018518518519 0.5977366255144033 0.023148148148148213 0.10699588477366265
0 0.3559922680412371 0.8929935089728903 0.060137457044673506 0.06204658266513937
0 0.11759020618556701 0.8533791523482245 0.06228522336769761 0.057273768613974756
0 0.005749458874458874 0.7951539201539202 0.00744047619047619 0.03427128427128423
0 0.06273674242424242 0.5537518037518038 0.034834956709956705 0.09980759980759972
