0 0.6990370639534883 0.666855081826012 0.06752664728682174 0.07563522825150729
0 0.731437742248062 0.7342807924203273 0.04784399224806203 0.10551248923341948
0 0.8075187742248062 0.7524493970714902 0.04829820736434106 0.10201335055986226
0 0.7957848837209303 0.6708925495262705 0.03149224806201545 0.078865202411714
0 0.8556655765503877 0.7205534022394489 0.053748788759689956 0.0925925925925927
0 0.8866279069767441 0.8397932816537468 0.07146317829457362 0.07967269595176571
0 0.9340933866279071 0.7099214039621017 0.054657218992248006 0.1100882859603789
0 0.9274315649224806 0.5834140826873385 0.05526283914728687 0.11600990525409134
0 0.9605135658914729 0.35354758828596033 0.054203003875968984 0.07832687338501296
0 0.9846626695736435 0.5001076658053402 0.02891836240310077 0.1270456503014643
0 0.06351441375968993 0.7360303617571059 0.02800993217054264 0.09017011197243748
0 0.08092599321705427 0.7925549095607235 0.04799539728682171 0.078865202411714
0 0.10848171027131782 0.8356212316968131 0.06071342054263565 0.10039836347975885
0 0.5446796269379846 0.5532676571920758 0.06737524224806209 0.10685831180017229
0 0.6079669331395349 0.560535099052541 0.06071342054263565 0.13538975021533156
