0 0.03333333333333333 0.8398148148148148 0.0625 0.07592592592592592
0 0.9375 0.7074074074074074 0.04791666666666667 0.10925925925925926
0 0.9627604166666667 0.8023148148148148 0.0515625 0.0787037037037037
0 0.79765625 0.6800925925925926 0.05572916666666667 0.10648148148148148
0 0.82421875 0.8074074074074075 0.059895833333333336 0.06296296296296296
0 0.41067708333333336 0.8333333333333334 0.08072916666666667 0.07777777777777778
0 0.18880208333333334 0.6925925925925925 0.05364583333333333 0.1
0 0.0390625 0.7699074074074074 0.035416666666666666 0.05462962962962963
0 0.15026041666666667 0.7611111111111111 0.033854166666666664 0.1
0 0.28670400943396224 0.7665094339622642 0.056014150943396235 0.10220125786163524
