0 0.10170990566037735 0.6346086652690426 0.04029088050314466 0.12665967854647092
0 0.09790192610062892 0.7724056603773584 0.04545007861635219 0.08604122990915451
0 0.04766116352201258 0.886617749825297 0.057979559748427674 0.0943396226415094
0 0.02432193396226415 0.7850716282320055 0.04225628930817609 0.07817959468902858
0 0.3256266937669377 0.8261818729298404 0.05165989159891596 0.1016260162601626
0 0.5767045454545454 0.5008417508417509 0.08459595959595963 0.10044893378226713
0 0.8008078231292516 0.8259637188208616 0.06547619047619051 0.08578987150415719
0 0.8536352040816325 0.6347316704459561 0.05931122448979582 0.12962962962962962
0 0.8707482993197279 0.7099395313681027 0.06802721088435379 0.07596371882086167
0 0.9368622448979591 0.7063492063492064 0.051020408163265314 0.126228269085412
0 0.9791666666666665 0.555933484504913 0.03954081632653062 0.0869236583522297
