0 0.2747395833333333 0.5023148148148148 0.058854166666666666 0.1175925925925926
0 0.53984375 0.762962962962963 0.0578125 0.08333333333333333
0 0.04505208333333333 0.6351851851851852 0.0359375 0.1
0 0.23255208333333333 0.5347222222222222 0.05364583333333333 0.09722222222222222
0 0.11953125 0.6930555555555555 0.0609375 0.10277777777777777
0 0.16979166666666667 0.8231481481481482 0.06458333333333334 0.07777777777777778
0 0.5091145833333334 0.6759259259259259 0.05677083333333333 0.09074074074074075
0 0.19739583333333333 0.475 0.04791666666666667 0.09259259259259259
0 0.5885416666666666 0.4601851851851852 0.06354166666666666 0.12962962962962962
0 0.20677083333333332 0.7087962962962963 0.034375 0.11018518518518519
0 0.6502604166666667 0.7416666666666667 0.06197916666666667 0.0962962962962963
0 0.08984375 0.5953703703703703 0.0296875 0.12222222222222222
0 0.15182291666666667 0.41805555555555557 0.05677083333333333 0.08425925925925926
0 0.7861979166666667 0.6833333333333333 0.0671875 0.06111111111111111
0 0.7111979166666667 0.6898148148148148 0.058854166666666666 0.08518518518518518
0 0.33151041666666664 0.9078703703703703 0.0640625 0.08611111111111111
0 0.48828125 0.8143518518518519 0.058854166666666666 0.06574074074074074
0 0.5040804140127388 0.5974286388299127 0.05606422505307857 0.07784854918612882
0 0.291932059447983 0.8194739325312574 0.055732484076433116 0.03833451285680593
0 0.3768577494692144 0.9200283085633404 0.06833864118895967 0.04600141542816695
0 0.2265625 0.7895061728395062 0.04756944444444446 0.07160493827160497
0 0.009300595238095238 0.8008658008658008 0.018601190476190476 0.04569504569504564
0 0.016910173160173163 0.7449494949494949 0.029761904761904764 0.10822510822510817
