0 0.19759685672514618 0.8256172839506172 0.07675438596491227 0.10071474983755688
0 0.3466511330409356 0.9011533463287847 0.08474963450292397 0.11289798570500324
0 0.08726242690058479 0.6993177387914229 0.050255847953216366 0.08122157244964262
0 0.9623994883040934 0.4519980506822612 0.06898757309941518 0.15025990903183886
0 0.8843887061403507 0.8022660818713448 0.07561220760233915 0.12142625081221563
0 0.9339592470760233 0.7050032488628979 0.05459612573099406 0.11371020142949975
0 0.8104897660818712 0.6944444444444444 0.05071271929824566 0.11289798570500324
0 0.7994106359649121 0.8195256660168939 0.07515533625730993 0.0446718648473034
0 0.7297377558479532 0.7027696556205327 0.06373355263157889 0.12061403508771933
0 0.6067251461988303 0.7971897335932423 0.07903874269005845 0.11127355425601035
0 0.6470440423976608 0.6587069525666016 0.050484283625731055 0.1323911630929175
0 0.5862801535087719 0.5894655620532813 0.08977521929824554 0.1295484080571799
0 0.4384822733918128 0.7236842105263158 0.06693165204678361 0.11858349577647824
0 0.6983506944444444 0.358667695473251 0.07407407407407404 0.1453189300411523
