0 0.42265625 0.8342592592592593 0.06822916666666666 0.08888888888888889
0 0.12526041666666668 0.8064814814814815 0.0546875 0.08703703703703704
0 0.20416666666666666 0.5925925925925926 0.04895833333333333 0.10185185185185185
0 0.16223958333333333 0.5842592592592593 0.043229166666666666 0.08888888888888889
0 0.21484375 0.7731481481481481 0.033854166666666664 0.08888888888888889
0 0.35911458333333335 0.9120370370370371 0.07864583333333333 0.08333333333333333
0 0.9236979166666667 0.7490740740740741 0.04739583333333333 0.07592592592592592
0 0.18697916666666667 0.6828703703703703 0.058333333333333334 0.06388888888888888
0 0.075 0.5361111111111111 0.03125 0.10555555555555556
0 0.1734375 0.4773148148148148 0.0625 0.06574074074074074
0 0.4825520833333333 0.7870370370370371 0.050520833333333334 0.07962962962962963
0 0.09817708333333333 0.387037037037037 0.0578125 0.08703703703703704
0 0.08645833333333333 0.7449074074074075 0.028125 0.11203703703703703
0 0.5700520833333333 0.6944444444444444 0.0390625 0.12037037037037036
0 0.503125 0.687037037037037 0.059375 0.0962962962962963
0 0.8703125 0.7203703703703703 0.042708333333333334 0.07592592592592592
0 0.05416666666666667 0.7685185185185185 0.03333333333333333 0.06111111111111111
0 0.8674479166666667 0.7898148148148149 0.027604166666666666 0.07777777777777778
0 0.1203125 0.49444444444444446 0.040625 0.10555555555555556
0 0.016145833333333335 0.7439814814814815 0.026041666666666668 0.09351851851851851
0 0.93515625 0.8037037037037037 0.044270833333333336 0.040740740740740744
0 0.012760416666666666 0.8032407407407407 0.0234375 0.06759259259259259
0 0.014322916666666666 0.7708333333333334 0.0265625 0.11018518518518519
0 0.3454415954415955 0.8147356758467871 0.026709401709401705 0.046691991136435615
