0 0.209375 0.9254629629629629 0.05625 0.09351851851851851
0 0.16953125 0.5462962962962963 0.0421875 0.0962962962962963
0 0.1421875 0.42592592592592593 0.034375 0.1037037037037037
0 0.13359375 0.7430555555555556 0.0453125 0.10462962962962963
0 0.10234375 0.4699074074074074 0.05260416666666667 0.10277777777777777
0 0.34453125 0.9083333333333333 0.06822916666666666 0.09074074074074075
0 0.26328125 0.9018518518518519 0.043229166666666666 0.12037037037037036
0 0.6223958333333334 0.6972222222222222 0.05625 0.1111111111111111
0 0.42135416666666664 0.8083333333333333 0.06354166666666666 0.07592592592592592
0 0.10234375 0.6222222222222222 0.0359375 0.08148148148148149
0 0.23125 0.5273148148148148 0.053125 0.07314814814814814
0 0.7223958333333333 0.6337962962962963 0.06354166666666666 0.12129629629629629
0 0.6596354166666667 0.6125 0.05364583333333333 0.10648148148148148
0 0.24661458333333333 0.600925925925926 0.028645833333333332 0.09444444444444444
0 0.5703125 0.7148148148148148 0.035416666666666666 0.11666666666666667
0 0.03333333333333333 0.6439814814814815 0.035416666666666666 0.10277777777777777
0 0.20026041666666666 0.6069444444444444 0.034895833333333334 0.10092592592592593
0 0.013020833333333334 0.8023148148148148 0.025 0.062037037037037036
0 0.6598958333333333 0.17777777777777778 0.04895833333333333 0.12407407407407407
0 0.015364583333333333 0.7412037037037037 0.028645833333333332 0.07685185185185185
0 0.47829001650165015 0.5881004767143381 0.05105198019801982 0.08525852585258528
0 0.6355713696369637 0.49688302163549686 0.06652227722772276 0.06784011734506784
0 0.27537128712871284 0.7522002200220022 0.049504950495049486 0.08342500916758347
