0 0.1578963122605364 0.2785759897828863 0.06375718390804597 0.14421030225627926
0 0.3096543874172185 0.409308314937454 0.07433084988962471 0.11405445180279619
0 0.07564920774647886 0.5436554512258738 0.05556778169014085 0.14834376630151277
0 0.2696078431372549 0.8058278867102396 0.058210784313725485 0.07026143790849673
0 0.1364889705882353 0.8624727668845316 0.07322303921568628 0.0931372549019607
0 0.10447303921568628 0.8041938997821351 0.0502450980392157 0.0746187363834423
0 0.052389705882352935 0.7464596949891068 0.03982843137254902 0.11601307189542491
0 0.09604779411764706 0.7336601307189543 0.04503676470588235 0.09150326797385615
0 0.17110906862745096 0.8003812636165578 0.04258578431372551 0.08877995642701525
0 0.20618872549019607 0.8055555555555556 0.042892156862745105 0.04248366013071895
0 0.7940972222222222 0.795679012345679 0.05 0.09012345679012349
0 0.8402777777777779 0.6509259259259259 0.0368055555555556 0.11049382716049376
0 0.8934027777777779 0.8194444444444444 0.05902777777777774 0.08456790123456782
0 0.9364583333333333 0.7052469135802469 0.046527777777777855 0.13271604938271608
0 0.9619791666666667 0.5666666666666667 0.06145833333333333 0.0876543209876544
