0 0.20692109544468545 0.8525146621675905 0.05637653651482285 0.09138748292761313
0 0.26352359002169196 0.5951233228890496 0.05366503976861896 0.14903189523579974
0 0.12614202657807308 0.7570444198351174 0.03045404208194905 0.12058570198105087
0 0.08608457918050941 0.7559677617817152 0.041355204872646725 0.09628399163282884
0 0.02673380398671096 0.5980066445182723 0.02820459579180509 0.13535129814199579
0 0.05398671096345515 0.5700135351298142 0.0335686600221484 0.10643533899347854
0 0.8335849436392915 0.6617910180712114 0.05434782608695651 0.125693326176418
0 0.8903993682310468 0.6035231982885412 0.054339651022864054 0.09727236261532286
0 0.8888951564380265 0.8229709854258591 0.06674939831528283 0.08156170611044257
0 0.9364658543922985 0.7084837545126353 0.0475706979542719 0.1133172884075411
0 0.980840102286402 0.623579355528814 0.03403279181708783 0.06585104960556218
