0 0.7598958333333333 0.7152777777777778 0.051041666666666666 0.11203703703703703
0 0.03229166666666667 0.47962962962962963 0.03854166666666667 0.10925925925925926
0 0.22734375 0.7194444444444444 0.0578125 0.08888888888888889
0 0.38645833333333335 0.7162037037037037 0.06145833333333333 0.09351851851851851
0 0.7794270833333333 0.7898148148148149 0.0578125 0.04814814814814815
0 0.8184895833333333 0.7328703703703704 0.049479166666666664 0.08611111111111111
0 0.14921875 0.8490740740740741 0.05572916666666667 0.08148148148148149
0 0.36953125 0.825 0.0484375 0.08518518518518518
0 0.15208333333333332 0.7199074074074074 0.025 0.10277777777777777
0 0.79296875 0.8462962962962963 0.05364583333333333 0.04814814814814815
0 0.020052083333333335 0.8013888888888889 0.0296875 0.09907407407407408
0 0.87890625 0.1685185185185185 0.043229166666666666 0.13148148148148148
0 0.10729166666666666 0.8148148148148148 0.030208333333333334 0.04814814814814815
0 0.11197916666666667 0.7787037037037037 0.03333333333333333 0.04814814814814815
0 0.9916666666666667 0.3296296296296296 0.015625 0.06851851851851852
0 0.23489583333333333 0.8236111111111111 0.0375 0.06018518518518518
0 0.7255208333333333 0.03287037037037037 0.0375 0.062037037037037036
0 0.008072916666666667 0.7425925925925926 0.015104166666666667 0.08888888888888889
0 0.14014330443159922 0.5659922928709056 0.035223988439306346 0.05405694712053088
0 0.10853203275529864 0.5649218582744594 0.03040703275529865 0.12363519588953115
0 0.04655704941860465 0.7963232127476313 0.02679869186046512 0.05087209302325583
0 0.07070615310077519 0.7874407838070628 0.019379844961240306 0.06648363479758833
0 0.9109375 0.65 0.0381249999999999 0.1007407407407407
