0 0.4083333333333333 0.9296296296296296 0.07708333333333334 0.08518518518518518
0 0.9528645833333333 0.6819444444444445 0.0515625 0.09537037037037037
0 0.44583333333333336 0.8819444444444444 0.0625 0.06018518518518518
0 0.978125 0.7189814814814814 0.0375 0.08796296296296297
0 0.44140625 0.8050925925925926 0.0515625 0.0824074074074074
0 0.34713541666666664 0.8569444444444444 0.06822916666666666 0.08425925925925926
0 0.025 0.6421296296296296 0.04583333333333333 0.08425925925925926
0 0.20546875 0.8125 0.0515625 0.075
0 0.2552083333333333 0.5819444444444445 0.058333333333333334 0.10092592592592593
0 0.06692708333333333 0.8337962962962963 0.050520833333333334 0.06944444444444445
0 0.5895833333333333 0.5592592592592592 0.034375 0.13148148148148148
0 0.7393229166666667 0.6023148148148149 0.06614583333333333 0.09537037037037037
0 0.08723958333333333 0.7166666666666667 0.028645833333333332 0.08888888888888889
0 0.04921875 0.7930555555555555 0.05364583333333333 0.05462962962962963
0 0.88515625 0.8333333333333334 0.027604166666666666 0.053703703703703705
0 0.8076255341880342 0.6663995726495725 0.032051282051282 0.11722459639126305
0 0.9135450053418803 0.6254451566951567 0.04757612179487178 0.05490265906932576
