0 0.58359375 0.5537037037037037 0.06822916666666666 0.1
0 0.9518229166666666 0.5662037037037037 0.049479166666666664 0.12314814814814815
0 0.10026041666666667 0.5472222222222223 0.05572916666666667 0.09814814814814815
0 0.78515625 0.8379629629629629 0.044270833333333336 0.06666666666666667
0 0.06796875 0.725 0.044270833333333336 0.08148148148148149
0 0.8606770833333334 0.6023148148148149 0.0578125 0.09722222222222222
0 0.64296875 0.8416666666666667 0.06510416666666667 0.07407407407407407
0 0.02578125 0.625 0.0484375 0.06666666666666667
0 0.271875 0.8675925925925926 0.05 0.08518518518518518
0 0.0984375 0.649074074074074 0.03958333333333333 0.10185185185185185
0 0.0859375 0.8148148148148148 0.03958333333333333 0.07222222222222222
0 0.9614583333333333 0.725462962962963 0.03333333333333333 0.11944444444444445
0 0.7372395833333333 0.8578703703703704 0.030729166666666665 0.030555555555555555
0 0.2674479166666667 0.8041666666666667 0.0234375 0.05648148148148148
0 0.143843356918239 0.809748427672956 0.026287342767295593 0.06464011180992307
0 0.11629718660968663 0.7437084520417855 0.03806089743589746 0.09694523583412476
0 0.19717261904761904 0.7551930237115423 0.021770282186948837 0.08083480305702533
0 0.039380081300813004 0.5640243902439024 0.04763719512195121 0.05307136404697375
0 0.04858993902439024 0.5208333333333334 0.036839430894308946 0.12251580849141824
0 0.038903709349593495 0.793529810298103 0.044778963414634144 0.04911924119241199
0 0.21786077235772355 0.8124435411020776 0.02286585365853657 0.11743450767841004
0 0.6747855392156862 0.24192084241103848 0.04442401960784312 0.10439360929557005
0 0.8962673611111112 0.6754298941798942 0.05084325396825389 0.0865299823633157
0 0.9206039186507937 0.48418209876543206 0.061693948412698416 0.06227954144620811
0 0.954861111111111 0.827659767610748 0.025020424836601288 0.04675018155410313
0 0.9829695767195766 0.8105526161081715 0.027281746031745987 0.06907701352145794
