0 0.2755438112745098 0.4796432461873638 0.06242340686274508 0.147739651416122
0 0.27918198529411764 0.7080610021786492 0.049785539215686264 0.11846405228758175
0 0.1933889678030303 0.7094381313131313 0.04764441287878789 0.1173190235690235
0 0.01405658143939394 0.6486742424242423 0.02692945075757576 0.12521043771043763
0 0.06392045454545454 0.7728324915824916 0.04379734848484849 0.08838383838383843
0 0.5498342803030304 0.6081649831649831 0.0745738636363636 0.11679292929292928
0 0.8170572916666666 0.7709911616161615 0.056818181818181775 0.10574494949494943
0 0.902728456439394 0.6718223905723905 0.05770596590909101 0.07680976430976424
0 0.9363162878787878 0.7068076599326599 0.052083333333333336 0.11837121212121215
0 0.9663529829545454 0.5079440235690236 0.04290956439393933 0.12994528619528617
