0 0.32699011024643326 0.4213503386655138 0.07721303501945526 0.10916558581928229
0 0.31199335278858625 0.6841763942931258 0.0687013618677043 0.07854157659605136
0 0.11764348249027237 0.24138924917135035 0.0310068093385214 0.13258394581351782
0 0.17388132295719844 0.662919729067589 0.04782749675745786 0.11312869289522991
0 0.07062662127107652 0.7101167315175098 0.02371108949416343 0.10808473843493298
0 0.11723816472114137 0.8126170917999713 0.05289396887159533 0.08610750828649671
0 0.09170314526588846 0.7866767545755874 0.05613651102464333 0.06376999567661046
0 0.9666828793774319 0.5022337512609887 0.04499027237354092 0.11889321227842625
0 0.9334468223086901 0.7120982850554836 0.0522859922178989 0.10844502089638276
0 0.8300907911802855 0.7450641302781381 0.05796044098573283 0.0835855310563482
0 0.773954280155642 0.8201830234904165 0.0806582360570688 0.07385790459720422
0 0.550697629969419 0.5956223807905765 0.06100280326197763 0.12430626344999432
0 0.565828873598369 0.8231396534148827 0.039978338430173226 0.05719787065352814
