0 0.09661458333333334 0.5069444444444444 0.05260416666666667 0.09537037037037037
0 0.41484375 0.6662037037037037 0.05364583333333333 0.10277777777777777
0 0.07109375 0.5671296296296297 0.05260416666666667 0.075
0 0.14166666666666666 0.45787037037037037 0.03958333333333333 0.11203703703703703
0 0.7455729166666667 0.5097222222222222 0.0734375 0.11574074074074074
0 0.26901041666666664 0.8629629629629629 0.050520833333333334 0.08888888888888889
0 0.34661458333333334 0.9032407407407408 0.06614583333333333 0.10092592592592593
0 0.47630208333333335 0.7138888888888889 0.05260416666666667 0.1037037037037037
0 0.21770833333333334 0.6916666666666667 0.059375 0.07222222222222222
0 0.98203125 0.6180555555555556 0.025520833333333333 0.10648148148148148
0 0.18854166666666666 0.7425925925925926 0.029166666666666667 0.09814814814814815
0 0.08854166666666667 0.6976851851851852 0.06041666666666667 0.06944444444444445
0 0.965625 0.7421296296296296 0.029166666666666667 0.09166666666666666
0 0.23020833333333332 0.7949074074074074 0.03229166666666667 0.062037037037037036
0 0.9390625 0.6759259259259259 0.035416666666666666 0.10185185185185185
0 0.3640625 0.7421296296296296 0.06875 0.05648148148148148
0 0.30572916666666666 0.7773148148148148 0.027083333333333334 0.08425925925925926
0 0.87578125 0.8143518518518519 0.06302083333333333 0.04537037037037037
0 0.014583333333333334 0.7791666666666667 0.027083333333333334 0.1175925925925926
0 0.8682291666666667 0.7736111111111111 0.03125 0.062037037037037036
0 0.33447265625 0.8193479938271605 0.04286024305555554 0.058834876543209944
0 0.2191840277777778 0.6018518518518519 0.05859375 0.0675154320987654
