0 0.14479166666666668 0.4773148148148148 0.05 0.11574074074074074
0 0.03802083333333333 0.37824074074074077 0.053125 0.08981481481481482
0 0.22421875 0.562037037037037 0.06302083333333333 0.10740740740740741
0 0.17994791666666668 0.812962962962963 0.06510416666666667 0.07777777777777778
0 0.7830729166666667 0.5314814814814814 0.0484375 0.10925925925925926
0 0.3098958333333333 0.8175925925925925 0.06666666666666667 0.07037037037037037
0 0.3484375 0.9018518518518519 0.06666666666666667 0.1037037037037037
0 0.11822916666666666 0.7620370370370371 0.036458333333333336 0.0962962962962963
0 0.4627604166666667 0.5842592592592593 0.06302083333333333 0.10925925925925926
0 0.01875 0.5824074074074074 0.036458333333333336 0.06666666666666667
0 0.3611979166666667 0.8027777777777778 0.0421875 0.07407407407407407
0 0.24609375 0.6671296296296296 0.06197916666666667 0.062037037037037036
0 0.06354166666666666 0.513425925925926 0.04375 0.11574074074074074
0 0.35963541666666665 0.6796296296296296 0.030729166666666665 0.12777777777777777
0 0.24635416666666668 0.7935185185185185 0.04375 0.06666666666666667
0 0.5158854166666667 0.6782407407407407 0.06822916666666666 0.0824074074074074
0 0.9072916666666667 0.8097222222222222 0.046875 0.049074074074074076
0 0.8315104166666667 0.812962962962963 0.022395833333333334 0.04814814814814815
0 0.08828125 0.6476851851851851 0.0296875 0.09907407407407408
0 0.9890625 0.4300925925925926 0.020833333333333332 0.058333333333333334
0 0.7127604166666667 0.562037037037037 0.07239583333333334 0.0962962962962963
0 0.046875 0.6837962962962963 0.04583333333333333 0.0824074074074074
0 0.02109375 0.7574074074074074 0.04114583333333333 0.05925925925925926
0 0.9041666666666667 0.7481481481481481 0.03229166666666667 0.06666666666666667
0 0.8713541666666667 0.7722222222222223 0.027083333333333334 0.06851851851851852
0 0.01328125 0.8310185185185185 0.0026041666666666665 0.000925925925925926
0 0.4400373931623932 0.8123615068059513 0.04139957264957263 0.07201646090534973
0 0.962428774928775 0.7925767647989871 0.022257834757834754 0.0656853434631212
