0 0.21692708333333333 0.7787037037037037 0.04114583333333333 0.08518518518518518
0 0.5197916666666667 0.8180555555555555 0.06145833333333333 0.06388888888888888
0 0.07552083333333333 0.3435185185185185 0.05520833333333333 0.11481481481481481
0 0.2125 0.5986111111111111 0.06145833333333333 0.10648148148148148
0 0.2015625 0.6824074074074075 0.05625 0.06481481481481481
0 0.14817708333333332 0.4587962962962963 0.0484375 0.08981481481481482
0 0.42239583333333336 0.8375 0.06770833333333333 0.0824074074074074
0 0.13932291666666666 0.8162037037037037 0.05572916666666667 0.09166666666666666
0 0.3484375 0.9078703703703703 0.06770833333333333 0.09166666666666666
0 0.5927083333333333 0.5953703703703703 0.06354166666666666 0.12222222222222222
0 0.34453125 0.8069444444444445 0.0359375 0.0712962962962963
0 0.0890625 0.5342592592592592 0.03125 0.10740740740740741
0 0.94609375 0.7379629629629629 0.04739583333333333 0.09259259259259259
0 0.4440104166666667 0.7523148148148148 0.06197916666666667 0.06944444444444445
0 0.9486979166666667 0.7921296296296296 0.025520833333333333 0.058333333333333334
0 0.1203125 0.6199074074074075 0.030208333333333334 0.08981481481481482
0 0.08359375 0.7444444444444445 0.025520833333333333 0.10740740740740741
0 0.86640625 0.7814814814814814 0.03177083333333333 0.08703703703703704
0 0.23880208333333333 0.8157407407407408 0.03697916666666667 0.027777777777777776
0 0.015364583333333333 0.7453703703703703 0.025520833333333333 0.09074074074074075
0 0.8966145833333333 0.8101851851851852 0.028645833333333332 0.03888888888888889
0 0.14438086854460094 0.5670709441836203 0.05061619718309859 0.09911319770474702
0 0.8835920912951167 0.7024062278839349 0.05606422505307857 0.04718093890068402
