0 0.26276041666666666 0.5421296296296296 0.04010416666666667 0.10648148148148148
0 0.13020833333333334 0.4601851851851852 0.04791666666666667 0.1111111111111111
0 0.21041666666666667 0.7175925925925926 0.03958333333333333 0.10185185185185185
0 0.71953125 0.6416666666666667 0.04114583333333333 0.11296296296296296
0 0.18515625 0.49166666666666664 0.0609375 0.08148148148148149
0 0.5265625 0.7976851851851852 0.06354166666666666 0.062037037037037036
0 0.35572916666666665 0.9101851851851852 0.071875 0.08888888888888889
0 0.22682291666666668 0.5361111111111111 0.0421875 0.08148148148148149
0 0.19817708333333334 0.8523148148148149 0.06510416666666667 0.09166666666666666
0 0.5606770833333333 0.4615740740740741 0.0796875 0.08981481481481482
0 0.6356770833333333 0.687037037037037 0.044270833333333336 0.1259259259259259
0 0.5276041666666667 0.549537037037037 0.07395833333333333 0.0824074074074074
0 0.6111979166666667 0.5837962962962963 0.0671875 0.08055555555555556
0 0.016145833333333335 0.7856481481481481 0.029166666666666667 0.09166666666666666
0 0.14713541666666666 0.8092592592592592 0.0390625 0.027777777777777776
0 0.38828125 0.8152777777777778 0.0265625 0.05462962962962963
0 0.13473053892215567 0.718562874251497 0.024326347305389216 0.10534486582390774
0 0.04400510204081633 0.6670445956160241 0.03018707482993197 0.09599395313681024
0 0.01371173469387755 0.709750566893424 0.02147108843537415 0.0521541950113379
0 0.015199829931972787 0.6065759637188208 0.028698979591836735 0.07407407407407407
0 0.769624255952381 0.6646825396825398 0.04247271825396825 0.08928571428571419
0 0.2907054721030043 0.955929105070736 0.08203683834048639 0.07431250993482763
