0 0.22916666666666666 0.6300925925925925 0.053125 0.10092592592592593
0 0.21041666666666667 0.6861111111111111 0.05520833333333333 0.07777777777777778
0 0.15703125 0.8541666666666666 0.0671875 0.0824074074074074
0 0.6455729166666667 0.5296296296296297 0.0703125 0.10740740740740741
0 0.21796875 0.774537037037037 0.0359375 0.0824074074074074
0 0.3484375 0.7532407407407408 0.05520833333333333 0.09907407407407408
0 0.15 0.45 0.053125 0.0962962962962963
0 0.353125 0.9083333333333333 0.07604166666666666 0.08888888888888889
0 0.036458333333333336 0.3958333333333333 0.057291666666666664 0.09351851851851851
0 0.25234375 0.8138888888888889 0.0546875 0.040740740740740744
0 0.4200520833333333 0.8393518518518519 0.06927083333333334 0.07685185185185185
0 0.8955729166666667 0.6787037037037037 0.0515625 0.07777777777777778
0 0.4739583333333333 0.7689814814814815 0.04791666666666667 0.10648148148148148
0 0.9546875 0.7837962962962963 0.052083333333333336 0.05092592592592592
0 0.41796875 0.7574074074074074 0.0421875 0.07962962962962963
0 0.08671875 0.7587962962962963 0.03697916666666667 0.09166666666666666
0 0.1609375 0.5708333333333333 0.052083333333333336 0.1361111111111111
0 0.09583333333333334 0.5453703703703704 0.034375 0.1111111111111111
0 0.8690104166666667 0.7796296296296297 0.0265625 0.08703703703703704
0 0.96171875 0.6912037037037037 0.033854166666666664 0.10833333333333334
0 0.90859375 0.8087962962962963 0.0265625 0.03981481481481482
0 0.015625 0.7462962962962963 0.028125 0.09074074074074075
0 0.8533854166666667 0.8217592592592593 0.04635416666666667 0.03611111111111111
0 0.43802083333333336 0.7828703703703703 0.0 0.000925925925925926
