0 0.9375 0.7078703703703704 0.04791666666666667 0.11018518518518519
0 0.82109375 0.6916666666666667 0.0515625 0.10185185185185185
0 0.8286458333333333 0.1388888888888889 0.059375 0.13333333333333333
0 0.6872395833333333 0.6601851851851852 0.06822916666666666 0.07962962962962963
0 0.09140625 0.7828703703703703 0.034895833333333334 0.05092592592592592
0 0.18776041666666668 0.8597222222222223 0.05677083333333333 0.08425925925925926
0 0.16171875 0.7953703703703704 0.04114583333333333 0.044444444444444446
0 0.18645833333333334 0.2462962962962963 0.028125 0.1259259259259259
0 0.01171875 0.44722222222222224 0.021354166666666667 0.09444444444444444
0 0.017447916666666667 0.7893518518518519 0.0328125 0.06018518518518518
0 0.062433226495726496 0.7096786957898069 0.042957621082621085 0.09298828743273191
