0 0.5491928446771379 0.6243940275353889 0.06762652705061077 0.1114989334884623
0 0.8421956806282722 0.7075334496800465 0.0384489528795811 0.10325770796974977
0 0.9285013089005235 0.6566317626527051 0.052901396160558535 0.09162303664921465
0 0.9389997818499126 0.714805119255381 0.04444808027923201 0.0993794841962381
0 0.9659958551483421 0.5078049253441923 0.04553883071553232 0.12458793872406436
0 0.2910940226876091 0.5453752181500873 0.06299083769633504 0.0959860383944153
0 0.24705497382198952 0.766433973240256 0.07144415357766144 0.05720380065929802
0 0.2615074171029668 0.8170932712817529 0.06271815008726005 0.03538879193329457
0 0.18897251308900523 0.7727360868722125 0.03217713787085514 0.10277292999806091
0 0.06026396160558464 0.78558270312197 0.04744764397905759 0.07320147372503401
