0 0.7684895833333333 0.8055555555555556 0.0453125 0.07777777777777778
0 0.8028645833333333 0.7574074074074074 0.0515625 0.09259259259259259
0 0.9458333333333333 0.711574074074074 0.05 0.11018518518518519
0 0.07734375 0.7824074074074074 0.04114583333333333 0.053703703703703705
0 0.8158854166666667 0.5810185185185185 0.0453125 0.1361111111111111
0 0.096875 0.6412037037037037 0.029166666666666667 0.09351851851851851
0 0.12109375 0.6939814814814815 0.0265625 0.10462962962962963
0 0.86328125 0.812962962962963 0.05572916666666667 0.06666666666666667
0 0.1734375 0.8097222222222222 0.078125 0.07314814814814814
0 0.8390625 0.40555555555555556 0.057291666666666664 0.10555555555555556
0 0.1546875 0.6310185185185185 0.04375 0.11018518518518519
0 0.06328125 0.549537037037037 0.0484375 0.10277777777777777
0 0.17135416666666667 0.7166666666666667 0.028125 0.08703703703703704
0 0.7880208333333333 0.11064814814814815 0.03333333333333333 0.1175925925925926
0 0.88125 0.3800925925925926 0.034375 0.125
0 0.03984375 0.75 0.024479166666666666 0.06666666666666667
0 0.19947916666666668 0.8023148148148148 0.04479166666666667 0.049074074074074076
0 0.035099637681159424 0.8442028985507245 0.043629227053140096 0.08776167471819642
0 0.9052801724137931 0.8067688378033206 0.026795977011494186 0.04597701149425291
