0 0.15130208333333334 0.9537037037037037 0.07552083333333333 0.08518518518518518
0 0.030208333333333334 0.6342592592592593 0.041666666666666664 0.09259259259259259
0 0.9856770833333334 0.5796296296296296 0.027604166666666666 0.10925925925925926
0 0.13203125 0.5513888888888889 0.0453125 0.1361111111111111
0 0.9263020833333333 0.7657407407407407 0.0390625 0.09444444444444444
0 0.85625 0.7898148148148149 0.053125 0.11481481481481481
0 0.4044270833333333 0.8245370370370371 0.0484375 0.08981481481481482
0 0.30859375 0.2773148148148148 0.050520833333333334 0.14166666666666666
0 0.11666666666666667 0.7986111111111112 0.023958333333333335 0.0712962962962963
0 0.4825520833333333 0.4023148148148148 0.0609375 0.09166666666666666
0 0.07734375 0.8 0.0296875 0.04814814814814815
0 0.04010416666666667 0.7962962962962963 0.04375 0.05740740740740741
0 0.7760416666666666 0.7759259259259259 0.058333333333333334 0.11481481481481481
0 0.44166666666666665 0.8157407407407408 0.041666666666666664 0.10555555555555556
0 0.0921875 0.7296296296296296 0.022916666666666665 0.1037037037037037
0 0.7578125 0.8541666666666666 0.04895833333333333 0.03796296296296296
0 0.0609129113018598 0.6002622794468289 0.04180078683834048 0.07272293752980448
0 0.04191255364806867 0.7568351613415991 0.02615343347639485 0.04093148942934358
0 0.3687199157641396 0.7785131702099212 0.04211793020457281 0.09961224762668801
0 0.9396623044524669 0.601684717208183 0.02839199759326121 0.10429201764941838
