0 0.5704440235690236 0.5706758947499688 0.066813973063973 0.09882778401296917
0 0.6316550925925927 0.47548010973936894 0.05613425925925917 0.13271604938271597
0 0.5732060185185185 0.7932098765432098 0.07040895061728397 0.10973936899862823
0 0.7472029320987654 0.6472908093278464 0.06963734567901234 0.10939643347050755
0 0.7066936728395061 0.7582304526748971 0.039158950617283965 0.10288065843621397
0 0.31685623468137253 0.8281420206971677 0.07209329044117645 0.08323120915032678
0 0.2480181525735294 0.836907679738562 0.07036994485294118 0.0847630718954248
0 0.08157086044830078 0.628765967703061 0.030052422270426607 0.10223346991242863
0 0.10902476500361533 0.5951233228890496 0.035475415762834424 0.1048445408532177
0 0.03499348958333333 0.47267691798941797 0.04115513392857142 0.10292658730158735
0 0.8078202575485184 0.6955994455994455 0.05817272121619924 0.08643258643258639
0 0.7967032967032968 0.4146316646316646 0.07326007326007324 0.15873015873015875
0 0.8861882716049382 0.8165294924554183 0.041666666666666664 0.06104252400548702
0 0.8680555555555555 0.727880658436214 0.06404320987654326 0.110082304526749
0 0.9358603395061728 0.7134773662551439 0.057291666666666664 0.12174211248285316
0 0.9626736111111109 0.8100137174211248 0.04340277777777774 0.0713305898491084
0 0.9835069444444443 0.4962277091906721 0.03067129629629631 0.1255144032921811
0 0.9771412037037036 0.24845679012345678 0.04340277777777774 0.13683127572016457
