0 0.42161458333333335 0.8375 0.0703125 0.0787037037037037
0 0.21614583333333334 0.7777777777777778 0.03854166666666667 0.08333333333333333
0 0.20729166666666668 0.6902777777777778 0.059375 0.05462962962962963
0 0.6065104166666667 0.562962962962963 0.06614583333333333 0.11666666666666667
0 0.15104166666666666 0.46111111111111114 0.053125 0.08333333333333333
0 0.06796875 0.3458333333333333 0.06197916666666667 0.11203703703703703
0 0.21510416666666668 0.6023148148148149 0.05520833333333333 0.10462962962962963
0 0.14296875 0.8282407407407407 0.05572916666666667 0.0824074074074074
0 0.24375 0.812037037037037 0.046875 0.03888888888888889
0 0.12447916666666667 0.6837962962962963 0.028125 0.11018518518518519
0 0.35546875 0.9069444444444444 0.0734375 0.09351851851851851
0 0.3411458333333333 0.7935185185185185 0.027083333333333334 0.09074074074074075
0 0.43333333333333335 0.7597222222222222 0.06145833333333333 0.058333333333333334
0 0.08385416666666666 0.7476851851851852 0.027083333333333334 0.11018518518518519
0 0.8901041666666667 0.6949074074074074 0.051041666666666666 0.058333333333333334
0 0.5072916666666667 0.8018518518518518 0.053125 0.09259259259259259
0 0.14713541666666666 0.5587962962962963 0.059895833333333336 0.09722222222222222
0 0.09348958333333333 0.5412037037037037 0.033854166666666664 0.10092592592592593
0 0.9484375 0.7143518518518519 0.041666666666666664 0.09351851851851851
0 0.946875 0.7916666666666666 0.03333333333333333 0.06296296296296296
0 0.8666666666666667 0.7777777777777778 0.028125 0.07222222222222222
0 0.90625 0.8050925925925926 0.01875 0.04537037037037037
0 0.01484375 0.7527777777777778 0.027604166666666666 0.10555555555555556
