0 0.015885416666666666 0.5564814814814815 0.03177083333333333 0.06851851851851852
0 0.8325520833333333 0.3902777777777778 0.07239583333333334 0.10277777777777777
0 0.9322916666666666 0.4925925925925926 0.06458333333333334 0.10925925925925926
0 0.409375 0.6333333333333333 0.06875 0.0962962962962963
0 0.6739583333333333 0.40324074074074073 0.04479166666666667 0.1287037037037037
0 0.0390625 0.8541666666666666 0.04479166666666667 0.08425925925925926
0 0.3299479166666667 0.3824074074074074 0.0640625 0.1037037037037037
0 0.1484375 0.5662037037037037 0.029166666666666667 0.10462962962962963
0 0.1296875 0.6847222222222222 0.030208333333333334 0.08981481481481482
0 0.9041666666666667 0.6828703703703703 0.05416666666666667 0.06018518518518518
0 0.10833333333333334 0.6365740740740741 0.041666666666666664 0.06388888888888888
0 0.23489583333333333 0.8439814814814814 0.04583333333333333 0.0712962962962963
0 0.21770833333333334 0.8481481481481481 0.0010416666666666667 0.0
0 0.041666666666666664 0.7907407407407407 0.040625 0.05185185185185185
0 0.9869791666666666 0.7222222222222222 0.025 0.08703703703703704
0 0.06979166666666667 0.8013888888888889 0.027083333333333334 0.04537037037037037
0 0.50546875 0.8569444444444444 0.0328125 0.03981481481481482
0 0.20885416666666667 0.06944444444444445 0.0 0.003703703703703704
0 0.03616386925795053 0.7130938358853554 0.05134717314487632 0.07492474806962443
0 0.11226442873969375 0.7582449941107186 0.022452885747938762 0.11353226017536976
0 0.20051163133097763 0.8261353226017537 0.02999852767962311 0.06151027352440781
0 0.16747644287396934 0.652892291584871 0.058524734982332155 0.0611830912184269
0 0.6989107883817428 0.8248808974950054 0.04624827109266943 0.09835561702781627
0 0.9291074249605056 0.6042654028436019 0.05825434439178518 0.04476040021063717
0 0.9908175355450237 0.5965859224153064 0.017278830963665115 0.03993329822713705
0 0.8996099921011058 0.835308056872038 0.03529818325434443 0.032912058978409625
0 0.9286137440758294 0.8359662980516062 0.028633491311216376 0.035983851149727866
