0 0.7691256830601092 0.6643897996357012 0.06420765027322399 0.09259259259259259
0 0.7902151639344261 0.8157255616272009 0.05652322404371581 0.0649666059502125
0 0.6718862979031092 0.7815136177392142 0.052196312364425165 0.11810074716799224
0 0.537716615698267 0.6586249858421112 0.07103720693170233 0.07192207498017901
0 0.3918195718654435 0.8555612187110657 0.07294852191641178 0.09882206365386792
0 0.31329638124362896 0.4989240004530524 0.029943934760448522 0.12119152791935667
0 0.45164083113456466 0.7750659630606861 0.053457563764292004 0.1184892016026581
0 0.15756728274967577 0.8090142671854734 0.04681420233463036 0.08826920305519524
0 0.17712386511024644 0.7356967862804439 0.024724383916990906 0.09439400489984143
0 0.042307932932932925 0.8204037370704037 0.06459584584584584 0.07535313090868648
0 0.07468405905905907 0.5705705705705706 0.03612987987987988 0.11066622177733294
0 0.8784653054448871 0.8239265161575917 0.03091799468791502 0.0549653238896267
0 0.9343874501992031 0.7049579459938025 0.05436586985391756 0.11730854360336425
0 0.9707005312084992 0.7894348531798729 0.05561088977423646 0.08263243323004271
0 0.9846032536520585 0.48804780876494014 0.028635458167330676 0.10329054153755353
0 0.8647700863213811 0.030618267670060494 0.04378320053120852 0.06123653534012099
0 0.014006474103585655 0.5048325217647927 0.027182934926958828 0.119153017559392
