0 0.5221354166666666 0.5703703703703704 0.06822916666666666 0.1259259259259259
0 0.14088541666666668 0.4351851851851852 0.05260416666666667 0.08888888888888889
0 0.04114583333333333 0.6347222222222222 0.04479166666666667 0.09166666666666666
0 0.5291666666666667 0.7726851851851851 0.06354166666666666 0.08055555555555556
0 0.11979166666666667 0.6967592592592593 0.05520833333333333 0.09537037037037037
0 0.5333333333333333 0.6611111111111111 0.06354166666666666 0.07777777777777778
0 0.09375 0.5638888888888889 0.0375 0.12777777777777777
0 0.7856770833333333 0.6759259259259259 0.06510416666666667 0.053703703703703705
0 0.28072916666666664 0.8180555555555555 0.04791666666666667 0.049074074074074076
0 0.18645833333333334 0.48148148148148145 0.04479166666666667 0.08888888888888889
0 0.2755208333333333 0.5157407407407407 0.04479166666666667 0.1111111111111111
0 0.70859375 0.6791666666666667 0.043229166666666666 0.10462962962962963
0 0.2046875 0.6949074074074074 0.034375 0.11018518518518519
0 0.5791666666666667 0.4564814814814815 0.06770833333333333 0.13333333333333333
0 0.6520833333333333 0.7185185185185186 0.058333333333333334 0.0962962962962963
0 0.15911458333333334 0.8245370370370371 0.05572916666666667 0.08611111111111111
0 0.22916666666666666 0.5212962962962963 0.03958333333333333 0.08518518518518518
0 0.33515625 0.9083333333333333 0.06510416666666667 0.07777777777777778
0 0.01640625 0.7856481481481481 0.0296875 0.09907407407407408
0 0.015885416666666666 0.7 0.0296875 0.04814814814814815
0 0.2176616915422885 0.7990141883176709 0.037831674958540604 0.058503777409249995
0 0.3602203315881326 0.9394997091332169 0.07144415357766144 0.08241225518712428
