0 0.22604166666666667 0.5717592592592593 0.059375 0.08611111111111111
0 0.7875 0.6907407407407408 0.04583333333333333 0.1037037037037037
0 0.44635416666666666 0.8074074074074075 0.057291666666666664 0.08888888888888889
0 0.24583333333333332 0.8 0.05625 0.09259259259259259
0 0.2604166666666667 0.46944444444444444 0.05416666666666667 0.12777777777777777
0 0.02578125 0.6365740740740741 0.043229166666666666 0.08981481481481482
0 0.9213541666666667 0.7138888888888889 0.059375 0.06851851851851852
0 0.2859375 0.925 0.07708333333333334 0.08148148148148149
0 0.26666666666666666 0.6370370370370371 0.05 0.12037037037037036
0 0.93046875 0.6365740740740741 0.050520833333333334 0.0787037037037037
0 0.9541666666666667 0.7694444444444445 0.05520833333333333 0.05740740740740741
0 0.8515625 0.7097222222222223 0.04791666666666667 0.10092592592592593
0 0.08125 0.787962962962963 0.03854166666666667 0.07592592592592592
0 0.8239583333333333 0.8152777777777778 0.03958333333333333 0.1361111111111111
0 0.9786458333333333 0.8166666666666667 0.036458333333333336 0.05555555555555555
0 0.30173277243589747 0.8726555080721747 0.0722823183760684 0.04243827160493831
0 0.33737313034188027 0.8520299145299145 0.060096153846153834 0.05401234567901238
0 0.030150462962962962 0.8119341563786009 0.03692129629629629 0.05432098765432095
0 0.043923611111111115 0.7959876543209877 0.03368055555555556 0.05699588477366254
0 0.7482638888888888 0.6422558922558922 0.05776515151515156 0.08810325476992141
