0 0.9221354166666667 0.6217592592592592 0.0421875 0.125
0 0.14453125 0.5615740740740741 0.0640625 0.08425925925925926
0 0.20234375 0.8300925925925926 0.0640625 0.07314814814814814
0 0.9802083333333333 0.4597222222222222 0.0375 0.12129629629629629
0 0.4041666666666667 0.7453703703703703 0.041666666666666664 0.10925925925925926
0 0.3703125 0.8291666666666667 0.057291666666666664 0.0712962962962963
0 0.33567708333333335 0.7361111111111112 0.06197916666666667 0.09074074074074075
0 0.8682291666666667 0.6402777777777777 0.06458333333333334 0.09537037037037037
0 0.825 0.7430555555555556 0.052083333333333336 0.075
0 0.7997395833333333 0.5652777777777778 0.030729166666666665 0.12314814814814815
0 0.7604166666666666 0.8532407407407407 0.05520833333333333 0.041666666666666664
0 0.7705729166666667 0.788425925925926 0.06197916666666667 0.05092592592592592
0 0.07526041666666666 0.8050925925925926 0.04010416666666667 0.03611111111111111
0 0.4015625 0.5416666666666666 0.03958333333333333 0.09814814814814815
0 0.42604166666666665 0.06157407407407407 0.06770833333333333 0.06759259259259259
0 0.7619791666666667 0.6986111111111111 0.03958333333333333 0.13425925925925927
0 0.29713541666666665 0.8393518518518519 0.0359375 0.04537037037037037
0 0.034806499460625674 0.8093611410763515 0.049386461704422874 0.04554716528826561
