0 0.5997395833333333 0.6893518518518519 0.05260416666666667 0.10092592592592593
0 0.31015625 0.8208333333333333 0.0609375 0.07314814814814814
0 0.9369791666666667 0.7069444444444445 0.04895833333333333 0.10833333333333334
0 0.9520833333333333 0.8023148148148148 0.04583333333333333 0.058333333333333334
0 0.6729166666666667 0.7824074074074074 0.04791666666666667 0.10740740740740741
0 0.8315104166666667 0.8027777777777778 0.0609375 0.06481481481481481
0 0.63046875 0.7620370370370371 0.034895833333333334 0.11666666666666667
0 0.80234375 0.6833333333333333 0.0484375 0.1
0 0.04140625 0.7615740740740741 0.0390625 0.06944444444444445
0 0.9877604166666667 0.6518518518518519 0.0234375 0.06296296296296296
