0 0.9416666666666667 0.7101851851851851 0.04583333333333333 0.11296296296296296
0 0.8239583333333333 0.4912037037037037 0.05416666666666667 0.1175925925925926
0 0.04609375 0.637962962962963 0.0515625 0.07962962962962963
0 0.9822916666666667 0.4305555555555556 0.034375 0.06111111111111111
0 0.96328125 0.8041666666666667 0.059895833333333336 0.0787037037037037
0 0.23880208333333333 0.8555555555555555 0.0765625 0.08518518518518518
0 0.93828125 0.3574074074074074 0.03802083333333333 0.12407407407407407
0 0.8385416666666666 0.3731481481481482 0.05625 0.1111111111111111
0 0.928125 0.3416666666666667 0.0010416666666666667 0.001851851851851852
0 0.04479166666666667 0.7310185185185185 0.025 0.11388888888888889
0 0.11744791666666667 0.788425925925926 0.04010416666666667 0.04722222222222222
0 0.08723958333333333 0.49398148148148147 0.04010416666666667 0.09907407407407408
0 0.012239583333333333 0.7986111111111112 0.0234375 0.06759259259259259
0 0.21328125 0.7430555555555556 0.043229166666666666 0.13240740740740742
0 0.9008305180180181 0.33045545545545546 0.0671452702702703 0.12137137137137133
