0 0.4794243227326266 0.531180473759979 0.07840106007067137 0.11287789556340792
0 0.8541298586572438 0.33732495746630015 0.0574204946996467 0.10535270252584741
0 0.902440371024735 0.6067595864415651 0.06754269729093045 0.09651878026436334
0 0.8706934628975265 0.7109671508964795 0.06367785630153122 0.07001701347991092
0 0.8610313604240283 0.815992671116346 0.09330830388692585 0.09815469179426772
0 0.9363957597173145 0.7029511843999475 0.05153121319199059 0.12073027090694939
0 0.9821297114252061 0.4816123544038739 0.034047408716136714 0.0778693888234524
0 0.6455204652532391 0.6486389216071194 0.06496613663133104 0.0945556864284779
0 0.7614656949352179 0.7104763774375082 0.06312573616018848 0.10895170789163729
0 0.8034268256772673 0.6754678706975527 0.062389575971731406 0.12269336474283471
0 0.35473719081272087 0.8105941630676613 0.048402532391048324 0.14297866771365003
0 0.39817064193168433 0.7116215155084413 0.058708775029446394 0.09880905640622957
0 0.3537249705535925 0.6452035073943201 0.04306537102473496 0.11974872398900663
0 0.061653415783274435 0.7832744405182567 0.030550647820965844 0.04842298128517202
0 0.4296875 0.46836419753086417 0.036458333333333336 0.12654320987654316
0 0.33716724537037035 0.28125 0.03747106481481482 0.12011316872427981
