0 0.6328125 0.5467592592592593 0.07083333333333333 0.09537037037037037
0 0.20807291666666666 0.6847222222222222 0.05677083333333333 0.08055555555555556
0 0.22604166666666667 0.6171296296296296 0.05416666666666667 0.10833333333333334
0 0.1515625 0.850925925925926 0.065625 0.08518518518518518
0 0.4200520833333333 0.8393518518518519 0.06302083333333333 0.07685185185185185
0 0.21666666666666667 0.775 0.0375 0.08333333333333333
0 0.35442708333333334 0.9064814814814814 0.07760416666666667 0.09259259259259259
0 0.046614583333333334 0.3861111111111111 0.05364583333333333 0.08518518518518518
0 0.15755208333333334 0.45925925925925926 0.0546875 0.1111111111111111
0 0.08463541666666667 0.7550925925925925 0.030729166666666665 0.09722222222222222
0 0.34322916666666664 0.7620370370370371 0.046875 0.10740740740740741
0 0.8932291666666666 0.6814814814814815 0.053125 0.07962962962962963
0 0.15703125 0.5587962962962963 0.0546875 0.10277777777777777
0 0.2518229166666667 0.8148148148148148 0.0546875 0.037037037037037035
0 0.8684895833333334 0.7828703703703703 0.030729166666666665 0.0824074074074074
0 0.4171875 0.7625 0.05625 0.0787037037037037
0 0.9513020833333333 0.788425925925926 0.049479166666666664 0.058333333333333334
0 0.09583333333333334 0.5504629629629629 0.03333333333333333 0.10833333333333334
0 0.9619791666666667 0.6865740740740741 0.035416666666666666 0.10462962962962963
0 0.9091145833333333 0.8083333333333333 0.027604166666666666 0.03888888888888889
0 0.015104166666666667 0.7569444444444444 0.027083333333333334 0.11203703703703703
0 0.853125 0.8273148148148148 0.03958333333333333 0.026851851851851852
0 0.4823133680555556 0.7875192901234568 0.0542534722222222 0.10898919753086413
