0 0.08125 0.7185185185185186 0.04791666666666667 0.08703703703703704
0 0.43411458333333336 0.8291666666666667 0.0453125 0.09166666666666666
0 0.20286458333333332 0.8282407407407407 0.0296875 0.05277777777777778
0 0.9296875 0.6263888888888889 0.053125 0.10462962962962963
0 0.19609375 0.9564814814814815 0.0765625 0.07962962962962963
0 0.029427083333333333 0.6018518518518519 0.0390625 0.10740740740740741
0 0.7325520833333333 0.7796296296296297 0.043229166666666666 0.09074074074074075
0 0.1296875 0.6273148148148148 0.04583333333333333 0.08796296296296297
0 0.6854166666666667 0.8634259259259259 0.053125 0.032407407407407406
0 0.7901041666666667 0.7555555555555555 0.04895833333333333 0.10740740740740741
0 0.08098958333333334 0.6486111111111111 0.024479166666666666 0.09537037037037037
0 0.08567708333333333 0.8189814814814815 0.05677083333333333 0.0712962962962963
0 0.8552083333333333 0.7722222222222223 0.053125 0.10555555555555556
0 0.33489583333333334 0.6018518518518519 0.0375 0.12777777777777777
0 0.04296875 0.7986111111111112 0.0484375 0.06574074074074074
0 0.63515625 0.775 0.04114583333333333 0.11296296296296296
0 0.13125 0.5092592592592593 0.026041666666666668 0.06666666666666667
0 0.82578125 0.6884259259259259 0.033854166666666664 0.10277777777777777
0 0.13151041666666666 0.41898148148148145 0.0453125 0.11944444444444445
0 0.15717020023557124 0.7098220128255464 0.023189045936395775 0.10240806177201939
0 0.22351663722025913 0.656491296950661 0.02999852767962311 0.09390132181651617
0 0.26124484687868077 0.7312524538672949 0.0329431684334511 0.09095668106268809
