0 0.8723958333333334 0.8134259259259259 0.05625 0.06388888888888888
0 0.8786458333333333 0.6810185185185185 0.051041666666666666 0.10462962962962963
0 0.9760416666666667 0.6083333333333333 0.04479166666666667 0.08888888888888889
0 0.07994791666666666 0.7689814814814815 0.028645833333333332 0.06574074074074074
0 0.9416666666666667 0.7046296296296296 0.04375 0.11851851851851852
0 0.7328125 0.7268518518518519 0.057291666666666664 0.12037037037037036
0 0.05078125 0.836574074074074 0.04739583333333333 0.08611111111111111
0 0.8013020833333333 0.5717592592592593 0.0671875 0.13055555555555556
0 0.8763020833333334 0.41805555555555557 0.0328125 0.10648148148148148
0 0.4315104166666667 0.3763888888888889 0.059895833333333336 0.1398148148148148
0 0.05260416666666667 0.725 0.034375 0.06851851851851852
0 0.17317708333333334 0.6939814814814815 0.050520833333333334 0.11203703703703703
0 0.14947916666666666 0.7898148148148149 0.059375 0.05925925925925926
0 0.015364583333333333 0.7717592592592593 0.030729166666666665 0.03981481481481482
0 0.8453141640042598 0.3413797183765235 0.06755857294994669 0.1218790675659685
