0 0.12942708333333333 0.7893518518518519 0.0390625 0.05092592592592592
0 0.8171875 0.6152777777777778 0.059375 0.11203703703703703
0 0.17213541666666668 0.7625 0.0296875 0.07685185185185185
0 0.7997395833333333 0.8162037037037037 0.0640625 0.05277777777777778
0 0.7838541666666666 0.6981481481481482 0.052083333333333336 0.09444444444444444
0 0.93984375 0.7162037037037037 0.0453125 0.09166666666666666
0 0.8296875 0.4412037037037037 0.058333333333333334 0.11944444444444445
0 0.87578125 0.4273148148148148 0.04114583333333333 0.09166666666666666
0 0.8661458333333333 0.8083333333333333 0.03333333333333333 0.08148148148148149
0 0.07161458333333333 0.6981481481481482 0.027604166666666666 0.0962962962962963
0 0.05286458333333333 0.8379629629629629 0.0484375 0.09444444444444444
0 0.19921875 0.8041666666666667 0.050520833333333334 0.04351851851851852
0 0.013020833333333334 0.8444444444444444 0.025 0.06851851851851852
0 0.2328125 0.5745370370370371 0.0375 0.13425925925925927
0 0.0234375 0.7569444444444444 0.034375 0.0824074074074074
0 0.9401041666666666 0.6273148148148148 0.03229166666666667 0.11944444444444445
0 0.024479166666666666 0.7773148148148148 0.03125 0.04351851851851852
0 0.13842281879194632 0.7087372607506837 0.04008202833706188 0.12034965614383955
0 0.8823667417417416 0.6915248581915249 0.03472222222222226 0.11428094761428093
