0 0.25226151315789475 0.7899610136452242 0.06071820175438599 0.10185185185185185
0 0.30263157894736836 0.8161549707602338 0.0663377192982456 0.10745614035087722
0 0.4644097222222222 0.45178799489144317 0.06794779693486591 0.10536398467432946
0 0.11341222879684419 0.4043392504930966 0.0517751479289941 0.11943896559281174
0 0.04190811258278146 0.8922001471670346 0.06967439293598233 0.10056414029923962
0 0.09578386103781883 0.7798299618880093 0.023636763412489006 0.052770448548812646
0 0.06645698051948053 0.6929413179413179 0.025365259740259747 0.11724386724386716
0 0.036272321428571425 0.7756991685563115 0.04012542517006803 0.06519274376417236
0 0.8196215986394557 0.7450869236583522 0.057185374149659886 0.09183673469387751
0 0.8546981292517005 0.8235071806500377 0.06738945578231288 0.08163265306122446
0 0.8527848639455782 0.6386999244142102 0.049957482993197286 0.13303099017384729
0 0.9378188775510203 0.7063492063492064 0.04698129251700678 0.11791383219954651
0 0.9782100340136054 0.5449735449735449 0.04017857142857141 0.08390022675736959
