0 0.2854524320457797 0.5352885073915117 0.06482474964234619 0.12160228898426319
0 0.262428469241774 0.762001271657924 0.06840128755364808 0.05921157208710855
0 0.26600500715307585 0.8122714989667779 0.03487124463519313 0.038149737720553176
0 0.187991773962804 0.7693530440311556 0.028612303290414896 0.09934827531394046
0 0.06191881258941345 0.7761087267525035 0.04649499284692418 0.06994118582101408
0 0.8400393419170242 0.7224606580829755 0.043365522174535084 0.11683357176919405
0 0.9376117668097282 0.7087505960896519 0.04761266094420596 0.10848831664282305
0 0.9233056151645208 0.6507312033063105 0.05118919885550793 0.09338737879510406
0 0.9654417024320457 0.5064775075504688 0.043812589413447726 0.12915275790812267
0 0.5481587441314555 0.614404016692749 0.06748826291079814 0.13073813249869592
