0 0.029427083333333333 0.6356481481481482 0.0515625 0.08796296296296297
0 0.8458333333333333 0.7074074074074074 0.06354166666666666 0.06111111111111111
0 0.8940104166666667 0.37037037037037035 0.04635416666666667 0.14629629629629629
0 0.9177083333333333 0.7185185185185186 0.04791666666666667 0.08333333333333333
0 0.23619791666666667 0.9361111111111111 0.0578125 0.07777777777777778
0 0.24010416666666667 0.6944444444444444 0.051041666666666666 0.08888888888888889
0 0.4359375 0.8185185185185185 0.052083333333333336 0.1037037037037037
0 0.946875 0.8342592592592593 0.03958333333333333 0.037037037037037035
0 0.21927083333333333 0.6162037037037037 0.04791666666666667 0.09166666666666666
0 0.9299479166666667 0.6226851851851852 0.0421875 0.11388888888888889
0 0.6049479166666667 0.7902777777777777 0.0546875 0.09907407407407408
0 0.04010416666666667 0.7972222222222223 0.04479166666666667 0.06666666666666667
0 0.19609375 0.5138888888888888 0.05572916666666667 0.08518518518518518
0 0.23567708333333334 0.8134259259259259 0.030729166666666665 0.062037037037037036
0 0.07864583333333333 0.6736111111111112 0.025 0.10277777777777777
0 0.15885416666666666 0.8300925925925926 0.05520833333333333 0.08611111111111111
0 0.17890625 0.7726851851851851 0.024479166666666666 0.06574074074074074
0 0.20572916666666666 0.8921296296296296 0.05520833333333333 0.08981481481481482
0 0.2265625 0.5416666666666666 0.052083333333333336 0.04259259259259259
0 0.19765625 0.8087962962962963 0.024479166666666666 0.05648148148148148
0 0.671875 0.8101851851851852 0.029166666666666667 0.11666666666666667
0 0.21223958333333334 0.9342592592592592 0.0015625 0.003703703703703704
0 0.11067708333333333 0.44708570750237414 0.023704594017094023 0.10713437796771128
0 0.7833205912334352 0.6924623400158568 0.045553007135575876 0.08523049042926716
