0 0.12786458333333334 0.8046296296296296 0.0546875 0.08888888888888889
0 0.35442708333333334 0.9097222222222222 0.0796875 0.08611111111111111
0 0.21614583333333334 0.7685185185185185 0.03229166666666667 0.08888888888888889
0 0.42239583333333336 0.8356481481481481 0.06875 0.08611111111111111
0 0.4747395833333333 0.7967592592592593 0.04114583333333333 0.075
0 0.08984375 0.37916666666666665 0.059895833333333336 0.09907407407407408
0 0.19166666666666668 0.6828703703703703 0.057291666666666664 0.07314814814814814
0 0.17604166666666668 0.47129629629629627 0.0625 0.08703703703703704
0 0.9276041666666667 0.7476851851851852 0.052083333333333336 0.07685185185185185
0 0.1625 0.5861111111111111 0.042708333333333334 0.08518518518518518
0 0.56640625 0.6898148148148148 0.0484375 0.11666666666666667
0 0.07708333333333334 0.5407407407407407 0.03125 0.0962962962962963
0 0.11744791666666667 0.5439814814814815 0.030729166666666665 0.08981481481481482
0 0.0859375 0.7435185185185185 0.03125 0.11296296296296296
0 0.8731770833333333 0.7143518518518519 0.044270833333333336 0.0712962962962963
0 0.05234375 0.7722222222222223 0.025520833333333333 0.053703703703703705
0 0.9484375 0.8013888888888889 0.023958333333333335 0.041666666666666664
0 0.86796875 0.7837962962962963 0.0265625 0.075
0 0.5359375 0.8342592592592593 0.03229166666666667 0.03518518518518519
0 0.015625 0.7462962962962963 0.025 0.08888888888888889
0 0.20410434472934474 0.6022475466919912 0.05564458689458688 0.11079455523899966
0 0.5041399572649573 0.7019626464070909 0.06543803418803425 0.06805951250395699
0 0.34722222222222227 0.8202754036087371 0.02136752136752135 0.04985754985754993
