0 0.4402541448516579 0.7620709714950552 0.05808246073298425 0.09695559433779324
0 0.5227421465968586 0.6866879968974209 0.08235165794066314 0.11586193523366296
0 0.5592822862129144 0.5987007950358735 0.07035340314136125 0.09986426216792707
0 0.5669175392670157 0.43920884235020363 0.07798865619546251 0.09792515028117124
0 0.6627672338568935 0.6988074461896451 0.04662958115183239 0.12264882683730846
0 0.7642070244328097 0.7482547993019196 0.047174956369982604 0.12458793872406436
0 0.8357875218150087 0.8299398875315105 0.06980802792321121 0.0785340314136125
0 0.8248800174520069 0.7378320729106069 0.05944589877835942 0.07562536358347877
0 0.7777050610820244 0.8267888307155321 0.03544938917975564 0.04508435136707381
0 0.935454842931937 0.7051095598216016 0.052628708551483425 0.1100445995733954
0 0.9578152268760908 0.4855051386464999 0.05590095986038399 0.1342834981578437
0 0.06408158813263524 0.5293775450843513 0.03326788830715532 0.11634671320535198
0 0.09994000872600348 0.8243649408570874 0.06080933682373472 0.09840992825286027
0 0.1550229057591623 0.793096761683149 0.03953970331588132 0.06592980414969941
0 0.20519742582897033 0.8648439014931161 0.07880671902268759 0.09307737056428156
0 0.047720331588132624 0.706321504750824 0.05671902268760907 0.1027729299980608
