0 0.5251483769379844 0.5517872523686478 0.08402979651162792 0.10066752799310945
0 0.6067556928294574 0.5686100344530577 0.05677688953488366 0.09824504737295432
0 0.6840856481481481 0.6601851851851852 0.06400462962962965 0.08374485596707809
0 0.7521412037037037 0.7007201646090535 0.05335648148148143 0.11543209876543206
0 0.7716435185185185 0.7382716049382716 0.05393518518518512 0.08888888888888889
0 0.8075810185185186 0.748559670781893 0.042476851851851787 0.10617283950617291
0 0.8681712962962963 0.837037037037037 0.053240740740740713 0.07942386831275725
0 0.8914351851851853 0.8055555555555556 0.038425925925925836 0.05761316872427979
0 0.8543402777777778 0.7053497942386832 0.053125 0.10534979423868307
0 0.9296296296296297 0.5373456790123456 0.05717592592592595 0.08827160493827164
0 0.9845196759259259 0.49681069958847734 0.02991898148148143 0.11213991769547323
0 0.9597800925925927 0.3720164609053498 0.06655092592592596 0.11028806584362137
0 0.3547939476885645 0.8176196269261962 0.030603710462287145 0.05102730467693972
0 0.1367662712895377 0.8561435523114355 0.08192670316301703 0.10442011354420115
0 0.07603406326034064 0.787037037037037 0.04752128953771289 0.07772370911057043
0 0.06434382603406325 0.7510475804271424 0.03288473236009732 0.08819951338199511
0 0.3080329987834549 0.6674101108407677 0.052273418491484175 0.11557177615571772
0 0.9359859496124031 0.7039997846683893 0.053294573643410816 0.11439491817398793
