0 0.12057291666666667 0.6407407407407407 0.0515625 0.07407407407407407
0 0.92109375 0.27361111111111114 0.059895833333333336 0.09351851851851851
0 0.128125 0.5226851851851851 0.042708333333333334 0.13055555555555556
0 0.09036458333333333 0.725 0.0296875 0.09074074074074075
0 0.9291666666666667 0.4912037037037037 0.05625 0.10092592592592593
0 0.9348958333333334 0.8069444444444445 0.052083333333333336 0.09351851851851851
0 0.028385416666666666 0.8694444444444445 0.0546875 0.07777777777777778
0 0.22447916666666667 0.8324074074074074 0.059375 0.044444444444444446
0 0.9791666666666666 0.5694444444444444 0.0375 0.06851851851851852
0 0.83671875 0.85 0.05572916666666667 0.037037037037037035
0 0.5002604166666667 0.8597222222222223 0.044270833333333336 0.03425925925925926
0 0.91015625 0.6800925925925926 0.05364583333333333 0.07685185185185185
0 0.07135416666666666 0.7953703703703704 0.026041666666666668 0.08333333333333333
0 0.29296875 0.6925925925925925 0.034895833333333334 0.13148148148148148
0 0.08125 0.6356481481481482 0.03125 0.10277777777777777
0 0.04140625 0.7972222222222223 0.04010416666666667 0.053703703703703705
0 0.15755208333333334 0.8166666666666667 0.0234375 0.046296296296296294
0 0.10026041666666667 0.8106481481481481 0.0265625 0.032407407407407406
0 0.28854166666666664 0.8458333333333333 0.017708333333333333 0.030555555555555555
0 0.9888020833333333 0.7013888888888888 0.021354166666666667 0.12314814814814815
0 0.39716627172195895 0.4691065473055995 0.03702606635071094 0.1272599613831841
0 0.132328003875969 0.8056093884582257 0.030886627906976754 0.06621447028423773
