0 0.35 0.9060185185185186 0.065625 0.09907407407407408
0 0.05416666666666667 0.5125 0.053125 0.09537037037037037
0 0.2747395833333333 0.6759259259259259 0.0609375 0.06666666666666667
0 0.08307291666666666 0.3939814814814815 0.04739583333333333 0.09722222222222222
0 0.14869791666666668 0.8138888888888889 0.059895833333333336 0.09074074074074075
0 0.3502604166666667 0.6087962962962963 0.059895833333333336 0.08611111111111111
0 0.14921875 0.48009259259259257 0.0546875 0.11203703703703703
0 0.04921875 0.6212962962962963 0.05364583333333333 0.08888888888888889
0 0.5552083333333333 0.6824074074074075 0.06041666666666667 0.08518518518518518
0 0.45208333333333334 0.5564814814814815 0.07083333333333333 0.08703703703703704
0 0.49296875 0.7171296296296297 0.059895833333333336 0.09907407407407408
0 0.76171875 0.6078703703703704 0.06614583333333333 0.08981481481481482
0 0.9098958333333333 0.8115740740740741 0.041666666666666664 0.04537037037037037
0 0.8440104166666667 0.8148148148148148 0.034895833333333334 0.037037037037037035
0 0.9895833333333334 0.4305555555555556 0.019791666666666666 0.07222222222222222
0 0.8645833333333334 0.7662037037037037 0.03958333333333333 0.075
0 0.9013020833333333 0.7597222222222222 0.034895833333333334 0.06759259259259259
0 0.9684895833333333 0.7703703703703704 0.05260416666666667 0.09259259259259259
0 0.012760416666666666 0.8041666666666667 0.024479166666666666 0.06574074074074074
0 0.025520833333333333 0.7532407407407408 0.03958333333333333 0.06574074074074074
0 0.28037250905797095 0.8119464573268921 0.05576313405797103 0.06088969404186794
0 0.2602751358695652 0.7840177133655395 0.04727128623188405 0.07145732689210949
0 0.2655117753623188 0.6033615136876006 0.052649456521739156 0.09661835748792269
0 0.039280726256983235 0.6996172149803435 0.04189944134078213 0.07086695634181663
0 0.7854690409683426 0.48986136974963784 0.04626396648044692 0.1065590730395199
