0 0.13984375 0.8481481481481481 0.06614583333333333 0.08888888888888889
0 0.22473958333333333 0.6087962962962963 0.05677083333333333 0.11574074074074074
0 0.21041666666666667 0.6884259259259259 0.059375 0.06759259259259259
0 0.21588541666666666 0.7782407407407408 0.0359375 0.0824074074074074
0 0.16015625 0.4666666666666667 0.05364583333333333 0.09074074074074075
0 0.15026041666666667 0.5564814814814815 0.0515625 0.1
0 0.9489583333333333 0.7907407407407407 0.04583333333333333 0.06111111111111111
0 0.4161458333333333 0.8402777777777778 0.06979166666666667 0.07685185185185185
0 0.055989583333333336 0.3773148148148148 0.06302083333333333 0.10462962962962963
0 0.3580729166666667 0.9074074074074074 0.0796875 0.09259259259259259
0 0.11640625 0.7824074074074074 0.030729166666666665 0.05555555555555555
0 0.6294270833333333 0.5537037037037037 0.0671875 0.1
0 0.3372395833333333 0.7824074074074074 0.0390625 0.11296296296296296
0 0.8958333333333334 0.687037037037037 0.04583333333333333 0.09444444444444444
0 0.0828125 0.7513888888888889 0.029166666666666667 0.09907407407407408
0 0.8697916666666666 0.7870370370370371 0.029166666666666667 0.08518518518518518
0 0.9596354166666666 0.6921296296296297 0.0390625 0.09722222222222222
0 0.25104166666666666 0.8055555555555556 0.058333333333333334 0.05
0 0.42109375 0.7703703703703704 0.05677083333333333 0.06666666666666667
0 0.018229166666666668 0.7439814814814815 0.026041666666666668 0.09166666666666666
0 0.013020833333333334 0.7759259259259259 0.023958333333333335 0.12777777777777777
0 0.09311124213836477 0.546383647798742 0.030955188679245287 0.10394828791055204
0 0.4861930031446541 0.7909678546471 0.051591981132075485 0.09870719776380152
