0 0.946875 0.7097222222222223 0.057291666666666664 0.05092592592592592
0 0.796875 0.6935185185185185 0.03958333333333333 0.11481481481481481
0 0.23619791666666667 0.5518518518518518 0.06510416666666667 0.06851851851851852
0 0.7544270833333333 0.5953703703703703 0.044270833333333336 0.14074074074074075
0 0.96796875 0.7726851851851851 0.05677083333333333 0.09166666666666666
0 0.027083333333333334 0.6435185185185185 0.041666666666666664 0.09259259259259259
0 0.049479166666666664 0.8203703703703704 0.06354166666666666 0.07592592592592592
0 0.228125 0.8166666666666667 0.03958333333333333 0.07407407407407407
0 0.9252604166666667 0.6305555555555555 0.0484375 0.08703703703703704
0 0.43411458333333336 0.8152777777777778 0.0515625 0.08611111111111111
0 0.07239583333333334 0.5990740740740741 0.029166666666666667 0.12222222222222222
0 0.2981770833333333 0.8861111111111111 0.0734375 0.08518518518518518
0 0.28880208333333335 0.5027777777777778 0.0515625 0.12222222222222222
0 0.36041666666666666 0.925 0.08229166666666667 0.08333333333333333
0 0.72734375 0.7226851851851852 0.033854166666666664 0.13240740740740742
0 0.7619791666666667 0.3226851851851852 0.027083333333333334 0.13240740740740742
0 0.07985288309636651 0.7297700544146042 0.02641192733017377 0.07898894154818326
0 0.10030182567726736 0.6721960476377437 0.04343345111896348 0.13054574008637618
0 0.4110517348203222 0.8734338427646978 0.07434944237918219 0.04302629767313777
