0 0.09817708333333333 0.8361111111111111 0.0515625 0.07222222222222222
0 0.9059895833333333 0.6800925925925926 0.05677083333333333 0.075
0 0.9427083333333334 0.7310185185185185 0.041666666666666664 0.09166666666666666
0 0.9736979166666667 0.600925925925926 0.033854166666666664 0.09444444444444444
0 0.23671875 0.7439814814814815 0.05364583333333333 0.08425925925925926
0 0.7684895833333333 0.8416666666666667 0.0609375 0.06296296296296296
0 0.7916666666666666 0.13842592592592592 0.036458333333333336 0.14907407407407408
0 0.06570229681978798 0.3253828032979977 0.02871024734982331 0.10633424944379007
0 0.22521627824858756 0.8313716258631513 0.02317266949152543 0.04315756434400502
0 0.03884180790960453 0.795668549905838 0.029572740112994357 0.046296296296296294
0 0.0742628884180791 0.7958647206528563 0.0470074152542373 0.03884180790960461
0 0.05605756358768407 0.8764688383162278 0.04601740294511379 0.06767811988695527
0 0.4856927710843373 0.8558307303287223 0.025518741633199463 0.04276364718131784
0 0.9875240545515394 0.7122266845158411 0.023910224230254448 0.061490406068719285
