0 0.43385416666666665 0.8300925925925926 0.04375 0.08981481481481482
0 0.029166666666666667 0.6337962962962963 0.052083333333333336 0.08425925925925926
0 0.18854166666666666 0.5287037037037037 0.06041666666666667 0.08333333333333333
0 0.7848958333333333 0.674537037037037 0.042708333333333334 0.11574074074074074
0 0.08958333333333333 0.6935185185185185 0.03229166666666667 0.08703703703703704
0 0.6348958333333333 0.8550925925925926 0.059375 0.05092592592592592
0 0.9317708333333333 0.6240740740740741 0.0375 0.11666666666666667
0 0.15104166666666666 0.8314814814814815 0.05416666666666667 0.07037037037037037
0 0.8356770833333333 0.7087962962962963 0.050520833333333334 0.0824074074074074
0 0.225 0.7032407407407407 0.05625 0.06759259259259259
0 0.19661458333333334 0.8194444444444444 0.030729166666666665 0.05555555555555555
0 0.22708333333333333 0.9291666666666667 0.06458333333333334 0.10277777777777777
0 0.07942708333333333 0.8148148148148148 0.04010416666666667 0.07407407407407407
0 0.03854166666666667 0.7972222222222223 0.042708333333333334 0.06296296296296296
0 0.17994791666666668 0.8972222222222223 0.058854166666666666 0.08888888888888889
0 0.90078125 0.13796296296296295 0.033854166666666664 0.1425925925925926
0 0.58203125 0.475 0.034895833333333334 0.15925925925925927
0 0.70078125 0.8675925925925926 0.019270833333333334 0.020370370370370372
0 0.11502764612954187 0.48117430226434965 0.028633491311216435 0.1066350710900474
0 0.20345627208480563 0.6368603585918073 0.02374116607773852 0.10240806177201939
0 0.5822836947278912 0.8386479591836735 0.04690157312925176 0.08007369614512472
0 0.9060370198265181 0.6755128734682637 0.021878872366790484 0.04715682224975903
0 0.8652803593556383 0.6546881453944651 0.044919454770755964 0.11565468814539444
0 0.9436701509872241 0.8362369337979093 0.024680603948896616 0.0341979610272293
