0 0.9682291666666667 0.8064814814814815 0.06041666666666667 0.07407407407407407
0 0.828125 0.48564814814814816 0.04895833333333333 0.11203703703703703
0 0.9411458333333333 0.7074074074074074 0.042708333333333334 0.1111111111111111
0 0.27265625 0.8486111111111111 0.07447916666666667 0.08611111111111111
0 0.09635416666666667 0.6865740740740741 0.03229166666666667 0.08611111111111111
0 0.14479166666666668 0.7912037037037037 0.04479166666666667 0.06574074074074074
0 0.0671875 0.6032407407407407 0.028125 0.12129629629629629
0 0.03567708333333333 0.6337962962962963 0.04010416666666667 0.058333333333333334
0 0.8330729166666667 0.3587962962962963 0.0578125 0.08425925925925926
0 0.037760416666666664 0.7282407407407407 0.0359375 0.08796296296296297
0 0.4125 0.8555555555555555 0.04479166666666667 0.12962962962962962
0 0.39453125 0.9226851851851852 0.0036458333333333334 0.002777777777777778
0 0.017447916666666667 0.21574074074074073 0.0328125 0.06481481481481481
0 0.29765625 0.6050925925925926 0.0578125 0.08796296296296297
0 0.022916666666666665 0.06342592592592593 0.04375 0.11944444444444445
0 0.9880208333333333 0.42083333333333334 0.022916666666666665 0.11018518518518519
0 0.10208333333333333 0.787962962962963 0.034375 0.044444444444444446
0 0.015885416666666666 0.8324074074074074 0.0005208333333333333 0.0
0 0.9104989035087719 0.28374756335282647 0.06551535087719304 0.12548732943469781
0 0.9547012061403508 0.3185916179337232 0.05249451754385959 0.12402534113060426
