0 0.9651041666666667 0.48935185185185187 0.059375 0.09537037037037037
0 0.30234375 0.5791666666666667 0.07135416666666666 0.10648148148148148
0 0.7151041666666667 0.8569444444444444 0.058333333333333334 0.05648148148148148
0 0.19088541666666667 0.6694444444444444 0.05572916666666667 0.09259259259259259
0 0.9776041666666667 0.6050925925925926 0.041666666666666664 0.075
0 0.012239583333333333 0.8814814814814815 0.0234375 0.07407407407407407
0 0.9010416666666666 0.763425925925926 0.051041666666666666 0.06018518518518518
0 0.15963541666666667 0.8689814814814815 0.06614583333333333 0.07314814814814814
0 0.23020833333333332 0.462037037037037 0.03958333333333333 0.12407407407407407
0 0.9067708333333333 0.6791666666666667 0.057291666666666664 0.0787037037037037
0 0.08229166666666667 0.8194444444444444 0.04895833333333333 0.10555555555555556
0 0.9723958333333333 0.6717592592592593 0.046875 0.05648148148148148
0 0.15859375 0.8143518518518519 0.05260416666666667 0.041666666666666664
0 0.45902237354085607 0.8491857616371236 0.04134241245136187 0.05548349906326564
0 0.03818061088977423 0.7955216172347646 0.037350597609561755 0.04906300723033799
0 0.22597111553784857 0.8394200973882248 0.024485391766268242 0.029142688505238244
0 0.07356517509727628 0.32029110822885143 0.05471789883268483 0.09439400489984148
