0 0.15598958333333332 0.4791666666666667 0.050520833333333334 0.09907407407407408
0 0.16901041666666666 0.5939814814814814 0.0640625 0.0824074074074074
0 0.846875 0.8203703703703704 0.05625 0.04259259259259259
0 0.20911458333333333 0.8773148148148148 0.07447916666666667 0.08611111111111111
0 0.6846354166666667 0.512962962962963 0.0703125 0.09074074074074075
0 0.38229166666666664 0.712037037037037 0.06354166666666666 0.09814814814814815
0 0.27890625 0.6972222222222222 0.0609375 0.07962962962962963
0 0.22161458333333334 0.7782407407407408 0.044270833333333336 0.08796296296296297
0 0.45625 0.749537037037037 0.030208333333333334 0.11574074074074074
0 0.8921875 0.6759259259259259 0.057291666666666664 0.07037037037037037
0 0.21953125 0.6949074074074074 0.0578125 0.07685185185185185
0 0.9744791666666667 0.6486111111111111 0.03125 0.11203703703703703
0 0.96640625 0.75 0.0265625 0.08148148148148149
0 0.37604166666666666 0.825462962962963 0.06354166666666666 0.07314814814814814
0 0.09505208333333333 0.5481481481481482 0.0328125 0.10740740740740741
0 0.08958333333333333 0.7388888888888889 0.028125 0.10925925925925926
0 0.8760416666666667 0.8134259259259259 0.0 0.000925925925925926
0 0.4921875 0.8277777777777777 0.035416666666666666 0.04259259259259259
0 0.41744791666666664 0.7939814814814815 0.0328125 0.075
0 0.010416666666666666 0.5143518518518518 0.01875 0.075
0 0.3441061253561254 0.8934789490345046 0.05965099715099716 0.05381449825894277
0 0.265758547008547 0.8171098448876227 0.05787037037037036 0.040360873694206975
0 0.8687232905982907 0.767252295030073 0.022702991452991483 0.08309591642924974
