0 0.17890625 0.4976851851851852 0.050520833333333334 0.09537037037037037
0 0.3770833333333333 0.9101851851851852 0.075 0.08518518518518518
0 0.4596354166666667 0.8388888888888889 0.0859375 0.07777777777777778
0 0.10052083333333334 0.812037037037037 0.06458333333333334 0.07777777777777778
0 0.15390625 0.6898148148148148 0.05677083333333333 0.07962962962962963
0 0.50078125 0.7143518518518519 0.043229166666666666 0.11388888888888889
0 0.21458333333333332 0.762962962962963 0.03125 0.08888888888888889
0 0.19010416666666666 0.5921296296296297 0.0625 0.0787037037037037
0 0.109375 0.34814814814814815 0.042708333333333334 0.0962962962962963
0 0.053385416666666664 0.7449074074074075 0.027604166666666666 0.09166666666666666
0 0.0734375 0.5504629629629629 0.03229166666666667 0.09351851851851851
0 0.61953125 0.7935185185185185 0.03697916666666667 0.1111111111111111
0 0.017708333333333333 0.7666666666666667 0.03229166666666667 0.13148148148148148
0 0.13177083333333334 0.5157407407407407 0.036458333333333336 0.11481481481481481
0 0.5526041666666667 0.7893518518518519 0.058333333333333334 0.0824074074074074
0 0.9067708333333333 0.7856481481481481 0.028125 0.08055555555555556
0 0.19322916666666667 0.8032407407407407 0.04583333333333333 0.04537037037037037
0 0.8763020833333334 0.7837962962962963 0.028645833333333332 0.08611111111111111
0 0.34609375 0.8231481481481482 0.034895833333333334 0.044444444444444446
0 0.8375 0.7731481481481481 0.028125 0.053703703703703705
0 0.08784871244635192 0.7373628993800667 0.030400572246065818 0.08702908917501188
