0 0.17578125 0.49212962962962964 0.058854166666666666 0.08611111111111111
0 0.43645833333333334 0.8398148148148148 0.06979166666666667 0.07777777777777778
0 0.10729166666666666 0.8111111111111111 0.06458333333333334 0.07962962962962963
0 0.19765625 0.5967592592592592 0.05677083333333333 0.08055555555555556
0 0.2171875 0.7611111111111111 0.035416666666666666 0.09444444444444444
0 0.1140625 0.3490740740740741 0.051041666666666666 0.09259259259259259
0 0.146875 0.6861111111111111 0.05520833333333333 0.08148148148148149
0 0.37838541666666664 0.9115740740740741 0.07447916666666667 0.08425925925925926
0 0.54453125 0.7759259259259259 0.06927083333333334 0.05740740740740741
0 0.07395833333333333 0.549537037037037 0.0375 0.09907407407407408
0 0.6057291666666667 0.7643518518518518 0.040625 0.1175925925925926
0 0.13802083333333334 0.5361111111111111 0.041666666666666664 0.08888888888888889
0 0.0546875 0.7523148148148148 0.022916666666666665 0.09166666666666666
0 0.92265625 0.8097222222222222 0.050520833333333334 0.032407407407407406
0 0.9125 0.7731481481481481 0.035416666666666666 0.07592592592592592
0 0.340625 0.8217592592592593 0.04583333333333333 0.04537037037037037
0 0.8684895833333334 0.7893518518518519 0.044270833333333336 0.0787037037037037
0 0.013541666666666667 0.8018518518518518 0.026041666666666668 0.07222222222222222
0 0.08656103286384977 0.7342201356285865 0.03080985915492958 0.10041731872717784
0 0.019072769953051644 0.7466092853416797 0.024207746478873242 0.08085550339071466
0 0.5035944835680752 0.6840114762649975 0.04768192488262913 0.09911319770474702
0 0.8391452074391987 0.7757113336512477 0.029059370529327683 0.09298998569384828
