0 0.4635416666666667 0.5833333333333334 0.06041666666666667 0.10925925925925926
0 0.30885416666666665 0.8185185185185185 0.06979166666666667 0.07037037037037037
0 0.22109375 0.5638888888888889 0.06197916666666667 0.0962962962962963
0 0.5059895833333333 0.6754629629629629 0.06822916666666666 0.08055555555555556
0 0.18385416666666668 0.8162037037037037 0.0625 0.08425925925925926
0 0.3484375 0.9009259259259259 0.06666666666666667 0.10555555555555556
0 0.13880208333333333 0.4898148148148148 0.04010416666666667 0.10555555555555556
0 0.23385416666666667 0.6699074074074074 0.059375 0.05648148148148148
0 0.0921875 0.6069444444444444 0.029166666666666667 0.09907407407407408
0 0.11536458333333334 0.7513888888888889 0.030729166666666665 0.10833333333333334
0 0.24427083333333333 0.7930555555555555 0.04479166666666667 0.06574074074074074
0 0.9888020833333333 0.4398148148148148 0.021354166666666667 0.08703703703703704
0 0.35546875 0.6837962962962963 0.0296875 0.1175925925925926
0 0.048177083333333336 0.6921296296296297 0.05364583333333333 0.05277777777777778
0 0.35520833333333335 0.7814814814814814 0.027083333333333334 0.09814814814814815
0 0.8723958333333334 0.7666666666666667 0.027083333333333334 0.06296296296296296
0 0.9036458333333334 0.750462962962963 0.036458333333333336 0.07314814814814814
0 0.014583333333333334 0.5699074074074074 0.028125 0.08611111111111111
0 0.8317708333333333 0.8148148148148148 0.022916666666666665 0.04259259259259259
0 0.015104166666666667 0.7490740740740741 0.028125 0.07407407407407407
0 0.9606770833333333 0.7976851851851852 0.0203125 0.04722222222222222
0 0.06253317409766454 0.5251828261382402 0.030851910828025467 0.09849020995517817
0 0.024548832271762206 0.3921915546119368 0.047107218683651794 0.06369426751592355
0 0.4383957006369427 0.8200636942675159 0.03815021231422507 0.056027364944562424
0 0.7041202229299363 0.5794409058740269 0.06535297239915075 0.056027364944562424
0 0.7827428343949044 0.5331446095777306 0.05009288747346072 0.10733663599905635
0 0.8995156581740976 0.8079735786742156 0.028197983014861924 0.04010379806558149
