0 0.34479166666666666 0.9004629629629629 0.06770833333333333 0.10648148148148148
0 0.43203125 0.6444444444444445 0.05364583333333333 0.10740740740740741
0 0.38776041666666666 0.749537037037037 0.0671875 0.075
0 0.14166666666666666 0.4648148148148148 0.04479166666666667 0.1
0 0.7580729166666667 0.5268518518518519 0.0734375 0.13703703703703704
0 0.22630208333333332 0.788425925925926 0.03697916666666667 0.07685185185185185
0 0.33489583333333334 0.8185185185185185 0.05520833333333333 0.05925925925925926
0 0.10598958333333333 0.5921296296296297 0.06197916666666667 0.06574074074074074
0 0.9432291666666667 0.6606481481481481 0.04791666666666667 0.10648148148148148
0 0.23151041666666666 0.5652777777777778 0.059895833333333336 0.08796296296296297
0 0.09244791666666667 0.5023148148148148 0.05572916666666667 0.09907407407407408
0 0.9815104166666667 0.5745370370370371 0.03177083333333333 0.10833333333333334
0 0.3109375 0.7245370370370371 0.0375 0.10833333333333334
0 0.09583333333333334 0.7041666666666667 0.04375 0.11203703703703703
0 0.97578125 0.7643518518518518 0.0359375 0.10462962962962963
0 0.28046875 0.8587962962962963 0.05572916666666667 0.08611111111111111
0 0.23125 0.7064814814814815 0.03333333333333333 0.06111111111111111
0 0.5026041666666666 0.6773148148148148 0.065625 0.06759259259259259
0 0.19739583333333333 0.6555555555555556 0.029166666666666667 0.10185185185185185
0 0.017447916666666667 0.7462962962962963 0.021354166666666667 0.09259259259259259
0 0.33645833333333336 0.7712962962962963 0.034375 0.046296296296296294
0 0.00859375 0.5648148148148148 0.016145833333333335 0.06851851851851852
0 0.8647168803418803 0.7826843937955049 0.03872863247863248 0.10762899651788545
