0 0.5050259403372245 0.5386222798674162 0.09606031128404673 0.13906903011961377
0 0.3798840791180286 0.7520896382764087 0.061405642023346314 0.13294422827496755
0 0.324254215304799 0.8079334198011241 0.04012645914396889 0.15095835134745644
0 0.36883916990920884 0.5973483210837297 0.0689040207522698 0.11889321227842631
0 0.06697876134889753 0.7825335062689149 0.043571660181582365 0.040351635682374945
0 0.02827091439688716 0.7675817841187491 0.0314121271076524 0.0565643464476149
0 0.6581347276264592 0.6715665081423836 0.06708009079118031 0.08502666090214735
0 0.8648467898832685 0.7189436518230292 0.06302691309987031 0.0716962098285056
0 0.793814850843061 0.7546116155065571 0.06322957198443575 0.077460729211702
0 0.791788261997406 0.6656218475284624 0.059176394293125746 0.119253494739876
0 0.9245298313878081 0.5858192823173368 0.06160830090791182 0.11529038766392853
0 0.9348654345006485 0.7090358841331604 0.055933852140077886 0.12321660181582356
0 0.8461008430609598 0.8236057068741893 0.04580090791180294 0.09367343997694196
0 0.8891658560311285 0.8203631647211413 0.04397697795071333 0.07637988182735274
0 0.8591723411154345 0.31236489407695633 0.07234922178988322 0.11024643320363164
0 0.9824902723735409 0.4741317192679061 0.03283073929961091 0.07998270644185036
0 0.6086832139733609 0.8482914969394674 0.04043856725020435 0.13131455541164913
0 0.41738209706959706 0.8056064306064304 0.04550137362637366 0.07885632885632884
