0 0.36484375 0.9064814814814814 0.07552083333333333 0.09444444444444444
0 0.35546875 0.6449074074074074 0.059895833333333336 0.0824074074074074
0 0.09583333333333334 0.6777777777777778 0.05416666666666667 0.1037037037037037
0 0.28151041666666665 0.7726851851851851 0.03697916666666667 0.10462962962962963
0 0.14791666666666667 0.42777777777777776 0.06041666666666667 0.10185185185185185
0 0.26640625 0.6356481481481482 0.050520833333333334 0.0824074074074074
0 0.3106770833333333 0.5888888888888889 0.058854166666666666 0.1037037037037037
0 0.140625 0.5703703703703704 0.053125 0.09074074074074075
0 0.7018229166666666 0.6027777777777777 0.0640625 0.08333333333333333
0 0.9666666666666667 0.40925925925925927 0.046875 0.11481481481481481
0 0.8744791666666667 0.7898148148148149 0.05 0.08333333333333333
0 0.93046875 0.8041666666666667 0.03697916666666667 0.04537037037037037
0 0.7828125 0.45185185185185184 0.078125 0.12037037037037036
0 0.03333333333333333 0.6231481481481481 0.04375 0.07592592592592592
0 0.10234375 0.43472222222222223 0.03177083333333333 0.11203703703703703
0 0.7013020833333333 0.46805555555555556 0.05677083333333333 0.11203703703703703
0 0.04348958333333333 0.2712962962962963 0.024479166666666666 0.11296296296296296
0 0.6329257246376812 0.6156904186795491 0.030004528985507286 0.1011473429951691
0 0.10841259057971013 0.8552234299516908 0.049252717391304345 0.04679951690821261
0 0.07373754528985507 0.8267914653784219 0.05406476449275363 0.03723832528180348
0 0.009149774774774775 0.7945445445445446 0.004222972972972972 0.023773773773773724
0 0.0070382882882882875 0.7992367367367367 0.009853603603603604 0.029404404404404418
0 0.023723821989528795 0.7514058561178979 0.0469022687609075 0.044599573395384944
0 0.021951352530541014 0.7121388404110917 0.02481457242582897 0.04266046150862905
