0 0.054427083333333334 0.5092592592592593 0.05572916666666667 0.09259259259259259
0 0.12708333333333333 0.7296296296296296 0.057291666666666664 0.05740740740740741
0 0.09296875 0.7546296296296297 0.033854166666666664 0.10185185185185185
0 0.5265625 0.8407407407407408 0.06770833333333333 0.09074074074074075
0 0.13854166666666667 0.35138888888888886 0.06354166666666666 0.0824074074074074
0 0.05625 0.7407407407407407 0.0375 0.09814814814814815
0 0.8755208333333333 0.7129629629629629 0.027083333333333334 0.0962962962962963
0 0.11067708333333333 0.6532407407407408 0.05364583333333333 0.07314814814814814
0 0.21328125 0.7601851851851852 0.0328125 0.10740740740740741
0 0.1359375 0.5083333333333333 0.040625 0.10185185185185185
0 0.8395833333333333 0.8092592592592592 0.0375 0.05
0 0.13697916666666668 0.5981481481481481 0.059375 0.06851851851851852
0 0.62265625 0.7763888888888889 0.0265625 0.10833333333333334
0 0.5841145833333333 0.8268518518518518 0.050520833333333334 0.046296296296296294
0 0.021614583333333333 0.7611111111111111 0.034895833333333334 0.05555555555555555
0 0.17144941634241248 0.4741317192679061 0.05350194552529185 0.049718979680069185
0 0.22626864461738005 0.5024138924917135 0.03668125810635538 0.132223663352068
0 0.04527965465465465 0.7997580914247581 0.04176051051051051 0.06381381381381386
0 0.3567239114114114 0.9015265265265264 0.023695570570570604 0.07298965632298965
0 0.3482779654654654 0.8379212545879212 0.029795420420420448 0.06089422756089423
