0 0.60703125 0.6152777777777778 0.049479166666666664 0.13055555555555556
0 0.26458333333333334 0.8175925925925925 0.059375 0.05925925925925926
0 0.6390625 0.7939814814814815 0.058333333333333334 0.08425925925925926
0 0.8119791666666667 0.8101851851851852 0.059375 0.05740740740740741
0 0.0359375 0.6541666666666667 0.03958333333333333 0.10648148148148148
0 0.7291666666666666 0.7162037037037037 0.065625 0.10462962962962963
0 0.9372395833333333 0.7069444444444445 0.04739583333333333 0.10833333333333334
0 0.04973958333333333 0.8291666666666667 0.0609375 0.0712962962962963
0 0.7973958333333333 0.6625 0.058333333333333334 0.09166666666666666
0 0.9471354166666667 0.8069444444444445 0.034895833333333334 0.041666666666666664
0 0.96484375 0.5986111111111111 0.044270833333333336 0.06574074074074074
0 0.8611979166666667 0.7231481481481481 0.06197916666666667 0.06666666666666667
0 0.23020833333333332 0.12407407407407407 0.07708333333333334 0.07962962962962963
0 0.09505208333333333 0.7907407407407407 0.0265625 0.03518518518518519
0 0.06067708333333333 0.7791666666666667 0.0296875 0.049074074074074076
0 0.91875 0.8097222222222222 0.025 0.03611111111111111
