0 0.12135416666666667 0.8569444444444444 0.06875 0.09722222222222222
0 0.9622395833333334 0.8092592592592592 0.06302083333333333 0.07407407407407407
0 0.9453125 0.5712962962962963 0.03854166666666667 0.11666666666666667
0 0.7947916666666667 0.5689814814814815 0.03854166666666667 0.11203703703703703
0 0.9421875 0.7111111111111111 0.042708333333333334 0.11296296296296296
0 0.05390625 0.5944444444444444 0.03802083333333333 0.11851851851851852
0 0.8614583333333333 0.5018518518518519 0.029166666666666667 0.12222222222222222
0 0.71171875 0.8125 0.04114583333333333 0.0712962962962963
0 0.934375 0.33055555555555555 0.04791666666666667 0.12407407407407407
0 0.2833333333333333 0.2625 0.03854166666666667 0.13425925925925927
0 0.85 0.34305555555555556 0.06458333333333334 0.11203703703703703
0 0.09036458333333333 0.6930555555555555 0.03177083333333333 0.0787037037037037
0 0.8755208333333333 0.4203703703703704 0.025 0.09074074074074075
0 0.10572916666666667 0.7092592592592593 0.057291666666666664 0.10925925925925926
0 0.11510416666666666 0.737037037037037 0.042708333333333334 0.06111111111111111
