0 0.5668273217247097 0.7773631840796019 0.05882048092868987 0.11101897917818317
0 0.5029539800995024 0.6861525704809287 0.06581674958540625 0.12391744978809653
0 0.402285447761194 0.8455408144462869 0.08991500829187397 0.11654689515386038
0 0.06750103648424544 0.8208955223880595 0.06296641791044774 0.08660401695227567
0 0.04767827529021559 0.7441956882255388 0.03731343283582089 0.09351391192187211
0 0.20379871475953562 0.8340243228302929 0.06607587064676614 0.08706467661691548
0 0.25510468490878935 0.6803943246729316 0.03601782752902152 0.12622074811129527
0 0.7806443798449613 0.6723729543496985 0.06863695090439279 0.10228251507321276
0 0.7846818475452195 0.7981625035888602 0.06823320413436693 0.09618145277060008
0 0.8717902131782945 0.8171834625322997 0.01796673126614993 0.0358886017800747
0 0.6886910529715763 0.7995980476600631 0.0599563953488372 0.08254378409417167
0 0.9342700258397933 0.7001866207292563 0.05369832041343668 0.12417456215905825
0 0.9692950581395349 0.7915231122595464 0.03896156330749356 0.08146712604076935
0 0.9824168281653747 0.4922121734137238 0.030886627906976827 0.09654033878840075
0 0.8677527454780362 0.02763422337065748 0.030482881136950843 0.05239735859890898
