0 0.26171875 0.8495370370370371 0.0734375 0.08055555555555556
0 0.3736979166666667 0.8972222222222223 0.0609375 0.10925925925925926
0 0.8265625 0.47638888888888886 0.04375 0.11944444444444445
0 0.019791666666666666 0.6398148148148148 0.036458333333333336 0.08888888888888889
0 0.8125 0.33425925925925926 0.057291666666666664 0.1037037037037037
0 0.9411458333333333 0.7083333333333334 0.042708333333333334 0.11666666666666667
0 0.10182291666666667 0.6773148148148148 0.0390625 0.09537037037037037
0 0.8119791666666667 0.812037037037037 0.029166666666666667 0.06296296296296296
0 0.07682291666666667 0.46064814814814814 0.04114583333333333 0.12314814814814815
0 0.04583333333333333 0.6981481481481482 0.028125 0.09814814814814815
0 0.14661458333333333 0.7939814814814815 0.04010416666666667 0.06759259259259259
0 0.9747395833333333 0.8162037037037037 0.049479166666666664 0.06944444444444445
0 0.9518229166666666 0.2518518518518518 0.043229166666666666 0.12777777777777777
0 0.9880208333333333 0.4300925925925926 0.022916666666666665 0.08055555555555556
0 0.36770833333333336 0.37824074074074077 0.036458333333333336 0.1361111111111111
0 0.3346354166666667 0.6194444444444445 0.04739583333333333 0.09814814814814815
0 0.22421875 0.7643518518518518 0.028645833333333332 0.10648148148148148
0 0.09365772637795275 0.7812044327792359 0.057517224409448814 0.0656167979002625
0 0.9125023199703044 0.2849954631691825 0.06136321455085382 0.10805906128845995
