0 0.240625 0.9490740740740741 0.08020833333333334 0.09074074074074075
0 0.26067708333333334 0.7106481481481481 0.03802083333333333 0.11203703703703703
0 0.20390625 0.8268518518518518 0.0453125 0.06666666666666667
0 0.0265625 0.6199074074074075 0.051041666666666666 0.10092592592592593
0 0.9283854166666666 0.624537037037037 0.04739583333333333 0.10648148148148148
0 0.690625 0.8643518518518518 0.042708333333333334 0.032407407407407406
0 0.8565104166666667 0.711574074074074 0.04010416666666667 0.10648148148148148
0 0.1328125 0.5055555555555555 0.042708333333333334 0.12222222222222222
0 0.16015625 0.711574074074074 0.0421875 0.10277777777777777
0 0.08359375 0.7453703703703703 0.0328125 0.07777777777777778
0 0.4356770833333333 0.8324074074074074 0.03697916666666667 0.08333333333333333
0 0.040625 0.7356481481481482 0.03854166666666667 0.08055555555555556
0 0.013541666666666667 0.8430555555555556 0.026041666666666668 0.075
0 0.21354166666666666 0.6578703703703703 0.03958333333333333 0.10833333333333334
0 0.14557291666666666 0.6018518518518519 0.043229166666666666 0.07037037037037037
0 0.07395833333333333 0.4962962962962963 0.03333333333333333 0.11481481481481481
0 0.7411458333333333 0.7444444444444445 0.04583333333333333 0.1259259259259259
0 0.04140625 0.7972222222222223 0.043229166666666666 0.05555555555555555
0 0.63671875 0.7467592592592592 0.049479166666666664 0.10462962962962963
0 0.16119791666666666 0.8263888888888888 0.025520833333333333 0.030555555555555555
0 0.41953125 0.5666666666666667 0.0609375 0.10740740740740741
0 0.91640625 0.8388888888888889 0.027604166666666666 0.03518518518518519
0 0.88984375 0.8444444444444444 0.0390625 0.03148148148148148
0 0.09099383916990922 0.8111759619541721 0.04093709468223087 0.06521112552240951
0 0.43500988442822386 0.7468234658015679 0.03554592457420925 0.11219248445525817
0 0.8077668795620437 0.738037307380373 0.04124847931873485 0.09597188429305213
