0 0.8815104166666666 0.624537037037037 0.059895833333333336 0.058333333333333334
0 0.8109375 0.44537037037037036 0.06145833333333333 0.12407407407407407
0 0.8229166666666666 0.08611111111111111 0.06979166666666667 0.1
0 0.24635416666666668 0.8652777777777778 0.06145833333333333 0.09166666666666666
0 0.8934895833333333 0.6907407407407408 0.0484375 0.0962962962962963
0 0.9625 0.9101851851851852 0.059375 0.11481481481481481
0 0.15677083333333333 0.5777777777777777 0.03958333333333333 0.12037037037037036
0 0.9408854166666667 0.7189814814814814 0.04114583333333333 0.10833333333333334
0 0.08567708333333333 0.7865740740740741 0.044270833333333336 0.0787037037037037
0 0.7046875 0.8157407407407408 0.03958333333333333 0.06296296296296296
0 0.7380208333333333 0.5087962962962963 0.030208333333333334 0.125
0 0.98046875 0.537962962962963 0.03802083333333333 0.05185185185185185
0 0.19713541666666667 0.8069444444444445 0.0234375 0.05092592592592592
0 0.9809895833333333 0.5111111111111111 0.03697916666666667 0.09444444444444444
0 0.5953970797720797 0.46296296296296297 0.06766381766381772 0.10921177587844255
