0 0.8528645833333334 0.7587962962962963 0.0578125 0.06759259259259259
0 0.9114583333333334 0.6564814814814814 0.04791666666666667 0.1037037037037037
0 0.78828125 0.8134259259259259 0.04739583333333333 0.09907407407407408
0 0.08307291666666666 0.8337962962962963 0.03802083333333333 0.09537037037037037
0 0.44947916666666665 0.7856481481481481 0.06354166666666666 0.08981481481481482
0 0.16875 0.8333333333333334 0.042708333333333334 0.07592592592592592
0 0.1109375 0.7291666666666666 0.03125 0.09907407407407408
0 0.03958333333333333 0.7972222222222223 0.040625 0.06481481481481481
0 0.19661458333333334 0.5351851851851852 0.05260416666666667 0.1111111111111111
0 0.22265625 0.7986111111111112 0.0359375 0.08055555555555556
0 0.12395833333333334 0.8439814814814814 0.058333333333333334 0.06574074074074074
0 0.011197916666666667 0.7310185185185185 0.021354166666666667 0.05092592592592592
0 0.121875 0.5074074074074074 0.028125 0.11481481481481481
0 0.11770833333333333 0.799074074074074 0.030208333333333334 0.03148148148148148
0 0.05722460658082975 0.6976235892544905 0.031294706723891265 0.08861866158003492
0 0.1218258226037196 0.6354315689079638 0.024588698140200267 0.09457955809887142
