0 0.23020833333333332 0.7472222222222222 0.053125 0.09444444444444444
0 0.97265625 0.6064814814814815 0.033854166666666664 0.1
0 0.1 0.8347222222222223 0.052083333333333336 0.075
0 0.9059895833333333 0.6805555555555556 0.05677083333333333 0.07037037037037037
0 0.7645833333333333 0.8388888888888889 0.059375 0.07037037037037037
0 0.4903645833333333 0.8513888888888889 0.04635416666666667 0.05092592592592592
0 0.6950520833333333 0.21574074074074073 0.04739583333333333 0.14814814814814814
0 0.9809895833333333 0.7143518518518519 0.034895833333333334 0.075
0 0.22864583333333333 0.8351851851851851 0.03125 0.03333333333333333
0 0.06331457345971564 0.3295594172371424 0.031348736176935225 0.11146217307354747
0 0.038740429917550064 0.7891637220259129 0.033679328621908124 0.029446407538280275
0 0.06827885747938751 0.7981612354403873 0.05079505300353357 0.042860882083496886
0 0.06358583627797408 0.8711228896741264 0.05024293286219081 0.05202198665096194
0 0.9351804993252361 0.7551731893837156 0.03500337381916327 0.09334233018443538
