0 0.565625 0.5888888888888889 0.0625 0.10740740740740741
0 0.10729166666666666 0.549074074074074 0.05520833333333333 0.09444444444444444
0 0.8973958333333333 0.6726851851851852 0.04583333333333333 0.08796296296296297
0 0.08619791666666667 0.8194444444444444 0.0328125 0.07222222222222222
0 0.271875 0.8555555555555555 0.05 0.08888888888888889
0 0.8630208333333333 0.5962962962962963 0.058333333333333334 0.08518518518518518
0 0.22890625 0.8546296296296296 0.04635416666666667 0.08333333333333333
0 0.95 0.8282407407407407 0.025 0.049074074074074076
0 0.03307291666666667 0.6578703703703703 0.0421875 0.075
0 0.7927083333333333 0.825462962962963 0.052083333333333336 0.08796296296296297
0 0.05807291666666667 0.7263888888888889 0.0515625 0.05092592592592592
0 0.7294270833333333 0.17546296296296296 0.0546875 0.1175925925925926
0 0.6455729166666667 0.8402777777777778 0.06302083333333333 0.075
0 0.033854166666666664 0.575 0.05416666666666667 0.08148148148148149
0 0.10598958333333333 0.7643518518518518 0.0296875 0.06944444444444445
0 0.20364583333333333 0.7490740740740741 0.034375 0.10555555555555556
0 0.975 0.7703703703703704 0.01875 0.09259259259259259
0 0.990625 0.7893518518518519 0.017708333333333333 0.10462962962962963
0 0.040364583333333336 0.7953703703703704 0.0484375 0.05925925925925926
0 0.8950520833333333 0.41944444444444445 0.04114583333333333 0.1037037037037037
0 0.73671875 0.8597222222222223 0.034895833333333334 0.030555555555555555
0 0.10489510489510491 0.6630406630406631 0.022581585081585084 0.09971509971509976
0 0.17591783216783216 0.7455969955969955 0.024766899766899778 0.12237762237762242
0 0.91558908045977 0.49010217113665394 0.06178160919540225 0.05427841634738189
0 0.9527658045977012 0.5779054916985952 0.030531609195402373 0.10217113665389535
