0 0.7705729166666667 0.8037037037037037 0.049479166666666664 0.07962962962962963
0 0.7979166666666667 0.7458333333333333 0.04375 0.10462962962962963
0 0.15703125 0.8078703703703703 0.0453125 0.0787037037037037
0 0.9473958333333333 0.7083333333333334 0.051041666666666666 0.10925925925925926
0 0.171875 0.7185185185185186 0.029166666666666667 0.09814814814814815
0 0.8171875 0.5828703703703704 0.040625 0.13425925925925927
0 0.14869791666666668 0.6439814814814815 0.0328125 0.10277777777777777
0 0.86171875 0.8115740740740741 0.0578125 0.06944444444444445
0 0.8348958333333333 0.4111111111111111 0.06145833333333333 0.10925925925925926
0 0.07526041666666666 0.7842592592592592 0.0421875 0.04814814814814815
0 0.19036458333333334 0.799537037037037 0.033854166666666664 0.05092592592592592
0 0.11770833333333333 0.700925925925926 0.029166666666666667 0.09814814814814815
0 0.034375 0.8402777777777778 0.051041666666666666 0.08796296296296297
0 0.06484375 0.5842592592592593 0.030729166666666665 0.1037037037037037
0 0.87890625 0.37962962962962965 0.03802083333333333 0.13518518518518519
0 0.0828125 0.6777777777777778 0.03333333333333333 0.08333333333333333
0 0.912769355453852 0.7847063310450038 0.030630244088482073 0.0853885922535808
