0 0.08023949430199431 0.88497150997151 0.078125 0.10960747071858182
0 0.14378561253561256 0.7961380183602407 0.03828347578347578 0.06093700538144983
0 0.1970931267806268 0.8398622981956316 0.058983262108262095 0.08428300094966769
0 0.06281176643192489 0.5808229003651539 0.04456426056338029 0.13595461658841942
0 0.4925537109375 0.7465277777777778 0.058186848958333336 0.14467592592592593
0 0.5267333984375 0.6430844907407407 0.07283528645833333 0.08969907407407407
0 0.6766764322916666 0.8246527777777778 0.068359375 0.09693287037037036
0 0.7819234913793104 0.6978368454661559 0.06465517241379312 0.1049648786717753
0 0.8048221982758622 0.520234674329502 0.07498204022988506 0.10257024265644955
0 0.8869881465517242 0.5844907407407407 0.06600215517241376 0.0993773946360154
0 0.9382857399425288 0.7048212005108557 0.05006285919540225 0.12053001277139212
