0 0.26223958333333336 0.8435185185185186 0.05364583333333333 0.07407407407407407
0 0.06875 0.513425925925926 0.04583333333333333 0.09907407407407408
0 0.22578125 0.7870370370370371 0.0484375 0.07777777777777778
0 0.23567708333333334 0.5722222222222222 0.058854166666666666 0.09814814814814815
0 0.08203125 0.6939814814814815 0.05572916666666667 0.0712962962962963
0 0.39296875 0.7476851851851852 0.059895833333333336 0.09537037037037037
0 0.11979166666666667 0.6074074074074074 0.042708333333333334 0.1037037037037037
0 0.21979166666666666 0.6828703703703703 0.057291666666666664 0.08055555555555556
0 0.4544270833333333 0.5856481481481481 0.04739583333333333 0.12314814814814815
0 0.34010416666666665 0.7361111111111112 0.034375 0.0962962962962963
0 0.34609375 0.8976851851851851 0.06822916666666666 0.11388888888888889
0 0.34921875 0.624537037037037 0.0359375 0.11018518518518519
0 0.9770833333333333 0.5717592592592593 0.03958333333333333 0.11018518518518519
0 0.9484375 0.6550925925925926 0.053125 0.10648148148148148
0 0.08697916666666666 0.16018518518518518 0.03333333333333333 0.1425925925925926
0 0.6041666666666666 0.6574074074074074 0.06770833333333333 0.07592592592592592
0 0.9817708333333334 0.7916666666666666 0.027083333333333334 0.04814814814814815
0 0.017447916666666667 0.7453703703703703 0.025520833333333333 0.0962962962962963
0 0.9299479166666667 0.6504629629629629 0.0036458333333333334 0.008333333333333333
0 0.13442316955684008 0.4950760008563476 0.03703034682080926 0.10918432883750798
0 0.3224349710982659 0.8079105116677372 0.059007707129094436 0.06154998929565404
0 0.8632887764932562 0.7846285591950332 0.0454600192678227 0.1006208520659388
0 0.7637885356454721 0.5196959965746093 0.037933526011560775 0.11132519803040035
