0 0.9731770833333333 0.38935185185185184 0.049479166666666664 0.09166666666666666
0 0.153125 0.4537037037037037 0.042708333333333334 0.10185185185185185
0 0.08932291666666667 0.5527777777777778 0.05260416666666667 0.08518518518518518
0 0.9088541666666666 0.8101851851851852 0.05 0.046296296296296294
0 0.3111979166666667 0.6699074074074074 0.05572916666666667 0.0712962962962963
0 0.14661458333333333 0.8194444444444444 0.06510416666666667 0.07962962962962963
0 0.36640625 0.9004629629629629 0.08177083333333333 0.10648148148148148
0 0.77109375 0.43194444444444446 0.07760416666666667 0.09537037037037037
0 0.2752604166666667 0.7527777777777778 0.0453125 0.09444444444444444
0 0.40520833333333334 0.6337962962962963 0.04583333333333333 0.11574074074074074
0 0.6328125 0.687037037037037 0.065625 0.08148148148148149
0 0.8052083333333333 0.5111111111111111 0.051041666666666666 0.11296296296296296
0 0.09244791666666667 0.4263888888888889 0.049479166666666664 0.12129629629629629
0 0.026302083333333334 0.7462962962962963 0.03177083333333333 0.08888888888888889
0 0.034375 0.6481481481481481 0.03229166666666667 0.10555555555555556
0 0.9010416666666666 0.7509259259259259 0.051041666666666666 0.07407407407407407
0 0.984375 0.7620370370370371 0.028125 0.10555555555555556
0 0.011979166666666667 0.8050925925925926 0.022916666666666665 0.06944444444444445
0 0.34319812362030905 0.5954132940887908 0.0634657836644592 0.06622516556291393
0 0.2842163355408388 0.6171817512877116 0.04552980132450329 0.08278145695364245
0 0.0887212643678161 0.6583652618135377 0.040948275862068964 0.08939974457215838
0 0.20779454022988506 0.8004469987228608 0.047054597701149434 0.044061302681992355
0 0.562408625730994 0.6540367121507472 0.06259137426900588 0.04913905133203379
0 0.8606150793650793 0.8201058201058201 0.027281746031746105 0.04115226337448561
