0 0.46422101449275366 0.4866702451243515 0.05787037037037036 0.12077294685990336
0 0.6553819444444444 0.6908436213991769 0.06732253086419746 0.10528120713305898
0 0.6275077160493827 0.5775034293552812 0.06635802469135801 0.1200274348422497
0 0.603298611111111 0.857681755829904 0.08043981481481476 0.0912208504801098
0 0.7870370370370369 0.7962962962962963 0.06404320987654313 0.10288065843621408
0 0.8309220679012345 0.7791495198902606 0.04533179012345675 0.10219478737997263
0 0.8029513888888888 0.6771262002743484 0.056905864197530916 0.13614540466392322
0 0.7140239197530863 0.6433470507544581 0.04610339506172837 0.12208504801097393
0 0.9326774691358024 0.7026748971193415 0.05362654320987659 0.11796982167352536
0 0.8870563271604938 0.8158436213991769 0.044174382716049364 0.0850480109739369
0 0.9691358024691357 0.47548010973936894 0.05787037037037036 0.09842249657064472
0 0.7667824074074073 0.32544581618655694 0.06712962962962964 0.10288065843621397
0 0.3434606481481481 0.4019204389574759 0.03337191358024689 0.14128943758573384
0 0.2397762345679012 0.7398834019204389 0.06095679012345675 0.09773662551440339
0 0.4064429012345679 0.8592249657064471 0.08526234567901234 0.09705075445816183
0 0.44762731481481477 0.7690329218106995 0.05266203703703702 0.11762688614540469
0 0.4045138888888889 0.7513717421124828 0.033950617283950636 0.08299039780521256
0 0.40682870370370366 0.6800411522633744 0.07060185185185185 0.08984910836762691
0 0.0703125 0.6592935528120712 0.03684413580246913 0.10459533607681754
0 0.08979552469135801 0.7844650205761317 0.03993055555555555 0.06207133058984903
