0 0.5283854166666667 0.6916666666666667 0.05260416666666667 0.11296296296296296
0 0.33203125 0.9143518518518519 0.06927083333333334 0.09722222222222222
0 0.12838541666666667 0.5180555555555556 0.058854166666666666 0.08981481481481482
0 0.07786458333333333 0.7907407407407407 0.05364583333333333 0.06666666666666667
0 0.17291666666666666 0.4685185185185185 0.059375 0.08703703703703704
0 0.18958333333333333 0.6541666666666667 0.05625 0.09722222222222222
0 0.41171875 0.6462962962962963 0.0515625 0.10555555555555556
0 0.10729166666666666 0.6166666666666667 0.04791666666666667 0.07777777777777778
0 0.5984375 0.950462962962963 0.0875 0.09351851851851851
0 0.3190104166666667 0.7273148148148149 0.05677083333333333 0.0824074074074074
0 0.17421875 0.5574074074074075 0.0421875 0.07962962962962963
0 0.6114583333333333 0.7055555555555556 0.06354166666666666 0.07962962962962963
0 0.4421875 0.8314814814814815 0.057291666666666664 0.044444444444444446
0 0.3078125 0.799537037037037 0.0375 0.06759259259259259
0 0.6078125 0.6138888888888889 0.03229166666666667 0.11666666666666667
0 0.5028645833333333 0.8296296296296296 0.0640625 0.03888888888888889
0 0.15677083333333333 0.8143518518518519 0.058333333333333334 0.075
0 0.9770833333333333 0.6625 0.03229166666666667 0.10462962962962963
0 0.8625 0.8032407407407407 0.021875 0.06018518518518518
0 0.20286458333333332 0.799537037037037 0.043229166666666666 0.05277777777777778
0 0.14453125 0.7138888888888889 0.027604166666666666 0.1111111111111111
0 0.6513020833333333 0.8291666666666667 0.05677083333333333 0.041666666666666664
0 0.02265625 0.7282407407407407 0.04010416666666667 0.10277777777777777
0 0.012760416666666666 0.7648148148148148 0.024479166666666666 0.03888888888888889
0 0.011979166666666667 0.8087962962962963 0.021875 0.05648148148148148
0 0.24592573924731184 0.546968339307049 0.06258400537634407 0.06496415770609316
0 0.870578972868217 0.6080426356589147 0.04723837209302329 0.047911283376399605
