0 0.12994791666666666 0.34629629629629627 0.059895833333333336 0.08333333333333333
0 0.06067708333333333 0.5092592592592593 0.05677083333333333 0.09259259259259259
0 0.11796875 0.6481481481481481 0.05677083333333333 0.05925925925925926
0 0.09375 0.7555555555555555 0.035416666666666666 0.09814814814814815
0 0.8755208333333333 0.7240740740740741 0.025 0.10740740740740741
0 0.13932291666666666 0.5958333333333333 0.0609375 0.05648148148148148
0 0.53046875 0.8393518518518519 0.0671875 0.08796296296296297
0 0.12526041666666668 0.7273148148148149 0.0515625 0.062037037037037036
0 0.05416666666666667 0.737037037037037 0.03333333333333333 0.09259259259259259
0 0.16796875 0.47685185185185186 0.05260416666666667 0.08888888888888889
0 0.1359375 0.5120370370370371 0.04479166666666667 0.09814814814814815
0 0.21197916666666666 0.7578703703703704 0.030208333333333334 0.10648148148148148
0 0.6231770833333333 0.7787037037037037 0.0265625 0.11296296296296296
0 0.84609375 0.8087962962962963 0.0484375 0.04722222222222222
0 0.3458333333333333 0.8412037037037037 0.052083333333333336 0.06574074074074074
0 0.020572916666666666 0.7550925925925925 0.03802083333333333 0.04722222222222222
0 0.22525212314225052 0.4514626091059212 0.03450106157112529 0.1468506723283793
0 0.0411487108655617 0.7936873337425824 0.04316298342541436 0.054737057499488415
0 0.3562384898710865 0.9041845713116431 0.02762430939226519 0.06189891549007577
0 0.5854339318600368 0.8330775526908124 0.042299723756906125 0.03836709637814619
