0 0.8716145833333333 0.8125 0.0578125 0.06574074074074074
0 0.7299479166666667 0.7240740740740741 0.06302083333333333 0.1259259259259259
0 0.7911458333333333 0.5717592592592593 0.06354166666666666 0.1287037037037037
0 0.051041666666666666 0.8361111111111111 0.053125 0.08333333333333333
0 0.8861979166666667 0.6717592592592593 0.0609375 0.10648148148148148
0 0.14296875 0.7800925925925926 0.05260416666666667 0.075
0 0.08828125 0.7356481481481482 0.030729166666666665 0.09351851851851851
0 0.9416666666666667 0.7074074074074074 0.042708333333333334 0.11481481481481481
0 0.17682291666666666 0.6884259259259259 0.03697916666666667 0.10833333333333334
0 0.9671875 0.5888888888888889 0.052083333333333336 0.08888888888888889
0 0.8760416666666667 0.4212962962962963 0.03229166666666667 0.09814814814814815
0 0.05026041666666667 0.7314814814814815 0.034895833333333334 0.08333333333333333
0 0.22213541666666667 0.6458333333333334 0.05364583333333333 0.10462962962962963
0 0.8462293663471778 0.3379777541119394 0.06472976570820019 0.11921666075020712
0 0.04537732474964235 0.49316483865840094 0.046494992846924176 0.12796057860435542
