0 0.16588541666666667 0.8074074074074075 0.05364583333333333 0.07777777777777778
0 0.9390625 0.7078703703703704 0.046875 0.11018518518518519
0 0.054947916666666666 0.8328703703703704 0.0546875 0.07314814814814814
0 0.8080729166666667 0.8166666666666667 0.04739583333333333 0.05
0 0.86953125 0.8189814814814815 0.05572916666666667 0.05092592592592592
0 0.1671875 0.5967592592592592 0.04895833333333333 0.08425925925925926
0 0.85859375 0.6194444444444445 0.04114583333333333 0.11296296296296296
0 0.7208333333333333 0.6569444444444444 0.06666666666666667 0.075
0 0.88203125 0.5296296296296297 0.0578125 0.07962962962962963
0 0.21666666666666667 0.8064814814814815 0.052083333333333336 0.04814814814814815
0 0.8020833333333334 0.6620370370370371 0.03333333333333333 0.11666666666666667
0 0.9783854166666667 0.6342592592592593 0.0421875 0.05740740740740741
0 0.07798936631944445 0.6741898148148148 0.0583224826388889 0.15625
0 0.01743861607142857 0.7950975529100529 0.03441220238095238 0.08721891534391533
