0 0.2858527131782946 0.5295811800172265 0.06480135658914726 0.1251614987080103
0 0.2719234496124031 0.7344153746770026 0.06207606589147285 0.091785099052541
0 0.1844113372093023 0.7578326873385013 0.029069767441860458 0.10578165374676997
0 0.06412003391472869 0.7774816968130922 0.041030765503875966 0.07186692506459946
0 0.2645046027131783 0.8193367786391043 0.029372577519379828 0.02960809646856159
0 0.8305323401162791 0.7346845391903531 0.0531431686046511 0.11870155038759686
0 0.9379542151162791 0.7150355297157622 0.0445130813953489 0.10524332472006888
0 0.9235707364341086 0.6558193367786391 0.04693556201550386 0.08963178294573637
0 0.9646015019379846 0.5064330318690784 0.04542151162790695 0.13054478897502153
0 0.6564165455426356 0.5971414728682171 0.04254481589147285 0.16338285960378984
0 0.5510386385658915 0.5978143841515934 0.06525557170542633 0.09474590869939711
