0 0.20859375 0.9263888888888889 0.0005208333333333333 0.000925925925925926
0 0.13828125 0.7648148148148148 0.043229166666666666 0.08518518518518518
0 0.7802083333333333 0.7824074074074074 0.052083333333333336 0.08518518518518518
0 0.140625 0.5162037037037037 0.052083333333333336 0.10462962962962963
0 0.93671875 0.6319444444444444 0.03697916666666667 0.1398148148148148
0 0.25078125 0.7939814814814815 0.0421875 0.10462962962962963
0 0.88515625 0.8060185185185185 0.0484375 0.07314814814814814
0 0.06276041666666667 0.6847222222222222 0.03802083333333333 0.0787037037037037
0 0.10703125 0.6486111111111111 0.043229166666666666 0.09166666666666666
0 0.21510416666666668 0.6365740740740741 0.0010416666666666667 0.000925925925925926
0 0.6994791666666667 0.8583333333333333 0.05416666666666667 0.03888888888888889
0 0.20390625 0.6814814814814815 0.04010416666666667 0.08518518518518518
0 0.21796875 0.6518518518518519 0.0005208333333333333 0.001851851851851852
0 0.03850710900473933 0.7973494821836055 0.03900078988941548 0.06582411795681946
0 0.0682513823064771 0.8048095488853784 0.01851303317535545 0.04476040021063717
0 0.09444295422031473 0.7411381338419966 0.029282904148783977 0.11285964075663639
0 0.2297483079526227 0.6935044181237076 0.042301184433164114 0.11421319796954324
0 0.3883800287356322 0.8283844189016604 0.049389367816091934 0.08780332056194122
0 0.43633261494252873 0.8293422733077905 0.03250718390804597 0.09099616858237554
0 0.7510609567901234 0.8479080932784636 0.04610339506172849 0.049039780521261976
