0 0.21692708333333333 0.6759259259259259 0.05364583333333333 0.09074074074074075
0 0.19010416666666666 0.9226851851851852 0.007291666666666667 0.008333333333333333
0 0.7479166666666667 0.8296296296296296 0.046875 0.06296296296296296
0 0.7036458333333333 0.8611111111111112 0.052083333333333336 0.040740740740740744
0 0.87578125 0.8037037037037037 0.0546875 0.06666666666666667
0 0.25104166666666666 0.7754629629629629 0.03125 0.10462962962962963
0 0.13984375 0.49953703703703706 0.0484375 0.13240740740740742
0 0.9302083333333333 0.6291666666666667 0.04895833333333333 0.125
0 0.0484375 0.638425925925926 0.04479166666666667 0.09722222222222222
0 0.15651041666666668 0.7393518518518518 0.0359375 0.09166666666666666
0 0.11041666666666666 0.6430555555555556 0.046875 0.07314814814814814
0 0.43463541666666666 0.8282407407407407 0.0390625 0.09351851851851851
0 0.039322916666666666 0.7981481481481482 0.0421875 0.06666666666666667
0 0.6578125 0.8541666666666666 0.036458333333333336 0.049074074074074076
0 0.8041666666666667 0.49953703703703706 0.026041666666666668 0.14537037037037037
0 0.0734375 0.8064814814814815 0.027083333333333334 0.046296296296296294
0 0.3924479166666667 0.8398148148148148 0.0296875 0.05925925925925926
0 0.20520833333333333 0.8328703703703704 0.0375 0.03425925925925926
0 0.10149808598351001 0.789981677790865 0.02337308598351 0.07492474806962443
0 0.11923146802325582 0.8011681739879414 0.02922117248062016 0.06433031869078382
0 0.7793664832285114 0.77975774516655 0.05290225366876307 0.05706964826461674
