0 0.5518229166666667 0.449537037037037 0.05260416666666667 0.13425925925925927
0 0.11354166666666667 0.7013888888888888 0.04895833333333333 0.10648148148148148
0 0.46770833333333334 0.6296296296296297 0.0625 0.08888888888888889
0 0.5671875 0.712037037037037 0.0625 0.05555555555555555
0 0.7979166666666667 0.6699074074074074 0.057291666666666664 0.10462962962962963
0 0.05078125 0.6180555555555556 0.05260416666666667 0.0712962962962963
0 0.5692708333333333 0.8314814814814815 0.030208333333333334 0.040740740740740744
0 0.6427083333333333 0.7375 0.065625 0.0787037037037037
0 0.5973958333333333 0.5537037037037037 0.0625 0.10740740740740741
0 0.3265625 0.9106481481481481 0.0625 0.10092592592592593
0 0.39114583333333336 0.9189814814814815 0.07604166666666666 0.11203703703703703
0 0.53125 0.7976851851851852 0.036458333333333336 0.08796296296296297
0 0.20234375 0.5601851851851852 0.058854166666666666 0.07592592592592592
0 0.4947916666666667 0.7157407407407408 0.0625 0.06296296296296296
0 0.22734375 0.8305555555555556 0.0453125 0.08518518518518518
0 0.2203125 0.7606481481481482 0.03125 0.0712962962962963
0 0.2515625 0.4930555555555556 0.036458333333333336 0.0787037037037037
0 0.0953125 0.7898148148148149 0.034375 0.04814814814814815
0 0.01640625 0.8009259259259259 0.03177083333333333 0.06666666666666667
0 0.27239583333333334 0.812962962962963 0.052083333333333336 0.040740740740740744
0 0.015364583333333333 0.7087962962962963 0.028645833333333332 0.0712962962962963
0 0.44140625 0.6467592592592593 0.033854166666666664 0.028703703703703703
0 0.6450520833333333 0.5398148148148149 0.0005208333333333333 0.0
0 0.4010982789855072 0.7820048309178743 0.04755434782608698 0.11070853462157812
0 0.17012001811594202 0.4594404186795491 0.054913949275362306 0.07145732689210949
0 0.18370697463768115 0.5140398550724637 0.0560461956521739 0.04277375201288241
