0 0.6335319885900571 0.5948338313863987 0.07258557457212712 0.10527030698179847
0 0.4504762632436838 0.567554106673911 0.08672066014669924 0.1444353889341665
0 0.46633048084759576 0.8132980168432492 0.0629074979625102 0.0781037761477859
0 0.4430266911165444 0.728063026351535 0.04584352078239604 0.12406049080865714
0 0.40444099872773537 0.6854325699745546 0.06699268447837152 0.09860050890585238
0 0.34403727018385294 0.7164268585131894 0.055330735411670655 0.10191846522781765
0 0.03640837330135892 0.6756816768807177 0.020608513189448445 0.10347277733368854
0 0.09461181055155876 0.7824851230127009 0.04958533173461232 0.0532907007727152
0 0.053020083932853714 0.7630562216893153 0.03659572342126298 0.08149036326494362
0 0.7898509174311926 0.6705176124136368 0.058932212028542354 0.10703363914373085
0 0.8549152650356778 0.6434760448521917 0.060047145769622765 0.08806206818439237
0 0.7990889398572885 0.8210159700985389 0.08218654434250776 0.0733378638577415
0 0.8882040010193679 0.8162022879148262 0.04157110091743128 0.07956733491901684
0 0.6934887869520897 0.7437138973836221 0.05702089704383274 0.1146788990825689
0 0.7275739041794087 0.6739155057197871 0.06625891946992865 0.0934420659191302
0 0.8666220693170233 0.7192207498017895 0.048419979612640066 0.10080416808245563
0 0.9355886850152906 0.7047797032506513 0.05096839959225281 0.11439574130705628
0 0.9721425840978593 0.4799524294937139 0.05463175331294596 0.07928417714350439
0 0.8409379878524734 0.31014588595816034 0.05995960988063871 0.12579727742182614
