0 0.49012524084778425 0.4236244915435667 0.07586705202312137 0.12363519588953115
0 0.5063824662813102 0.6535003211303789 0.07526493256262039 0.11881824020552335
0 0.555003612716763 0.5956968529222865 0.06894267822736033 0.10383215585527723
0 0.11470375722543352 0.6548383643759367 0.028901734104046253 0.11400128452151577
0 0.069996387283237 0.6061335902376365 0.058104527938342976 0.1182830229073004
0 0.12990727360308288 0.5365553414686363 0.0460621387283237 0.11186041532862345
0 0.09980130057803469 0.8285163776493256 0.05449181117533719 0.09312780989081565
0 0.16407755298651253 0.8196852922286448 0.06683526011560695 0.12791693427531578
0 0.09498434489402698 0.7509098694069792 0.034621868978805384 0.09205737529436954
0 0.04832008670520231 0.7126418325840291 0.058104527938342976 0.11935345750374651
0 0.3976999036608863 0.8057696424748447 0.05960982658959537 0.07867694283879248
0 0.7607779383429673 0.7715157353885678 0.0523843930635838 0.12149432669663893
0 0.8167750481695568 0.8287839862984372 0.07767341040462424 0.08938128880325406
0 0.8288174373795761 0.7485013915649754 0.06563102119460495 0.08831085420680795
0 0.9358441714836224 0.7072896596017983 0.05388969171483614 0.1182830229073004
0 0.9639932562620424 0.4899914365232284 0.06201830443159923 0.136480411046885
0 0.6423109344894028 0.7072896596017983 0.07496387283236991 0.12363519588953115
