0 0.9088541666666666 0.6282407407407408 0.059375 0.10462962962962963
0 0.8825520833333333 0.812962962962963 0.058854166666666666 0.05925925925925926
0 0.94140625 0.7078703703703704 0.043229166666666666 0.11388888888888889
0 0.13645833333333332 0.7699074074074074 0.051041666666666666 0.08981481481481482
0 0.953125 0.5486111111111112 0.052083333333333336 0.08981481481481482
0 0.04895833333333333 0.8379629629629629 0.059375 0.07962962962962963
0 0.7328125 0.7324074074074074 0.06875 0.09814814814814815
0 0.79453125 0.5726851851851852 0.059895833333333336 0.10833333333333334
0 0.0765625 0.6541666666666667 0.030208333333333334 0.10277777777777777
0 0.8760416666666667 0.41944444444444445 0.03333333333333333 0.10555555555555556
0 0.053385416666666664 0.7263888888888889 0.0296875 0.10277777777777777
0 0.9908854166666666 0.7560185185185185 0.0171875 0.11203703703703703
0 0.23255208333333333 0.6759259259259259 0.043229166666666666 0.05925925925925926
0 0.062239583333333334 0.7828703703703703 0.028645833333333332 0.03611111111111111
0 0.008333333333333333 0.8055555555555556 0.015625 0.09444444444444444
0 0.8439764492753622 0.3395061728395061 0.06657608695652174 0.1256038647342995
