0 0.29270833333333335 0.5472222222222223 0.06979166666666667 0.10925925925925926
0 0.33489583333333334 0.9199074074074074 0.06979166666666667 0.09166666666666666
0 0.89375 0.6194444444444445 0.04479166666666667 0.08703703703703704
0 0.725 0.8814814814814815 0.059375 0.09259259259259259
0 0.28958333333333336 0.8175925925925925 0.06041666666666667 0.06851851851851852
0 0.421875 0.6541666666666667 0.05625 0.1175925925925926
0 0.10182291666666667 0.7712962962962963 0.0296875 0.09814814814814815
0 0.23385416666666667 0.624537037037037 0.06354166666666666 0.08425925925925926
0 0.36614583333333334 0.6805555555555556 0.06041666666666667 0.05740740740740741
0 0.32135416666666666 0.7486111111111111 0.058333333333333334 0.0787037037037037
0 0.8700520833333333 0.7791666666666667 0.0515625 0.09351851851851851
0 0.68828125 0.624537037037037 0.03697916666666667 0.1175925925925926
0 0.11953125 0.8203703703703704 0.05572916666666667 0.07962962962962963
0 0.6221354166666667 0.6476851851851851 0.0703125 0.06574074074074074
0 0.5205729166666667 0.7513888888888889 0.0640625 0.09166666666666666
0 0.0234375 0.7143518518518519 0.042708333333333334 0.06944444444444445
0 0.022135416666666668 0.788425925925926 0.04114583333333333 0.08055555555555556
0 0.062239583333333334 0.775 0.0359375 0.07222222222222222
0 0.22061314363143633 0.8062330623306233 0.04911924119241193 0.03613369467028001
0 0.1720328282828283 0.6060606060606061 0.027356902356902364 0.10849233071455297
0 0.18781565656565657 0.5027123082678638 0.03261784511784513 0.10568649457538347
0 0.09022516835016835 0.5901608679386458 0.03840488215488215 0.08417508417508415
0 0.1226128472222222 0.5885631001371741 0.03062307098765431 0.10459533607681754
0 0.14226466049382716 0.5879200960219478 0.022183641975308623 0.09730795610425241
