0 0.22189367464844648 0.8688630490956072 0.06839426753588666 0.10120585701981044
0 0.10632959579180508 0.8288728928263812 0.061427187153931334 0.10182109019318322
0 0.15400055370985602 0.8016488249046388 0.03945182724252492 0.06767564907099789
0 0.05026647286821705 0.7019810508182601 0.05069905869324474 0.09351544235265166
0 0.44660160575858243 0.7473544973544973 0.0719822812846069 0.11166482096714653
0 0.5502491694352158 0.7167466469792051 0.06160022148394238 0.10151347360649683
0 0.5607177464008859 0.5989294942783315 0.06869462901439641 0.11812476928755997
0 0.6536371816168327 0.6944444444444444 0.046200166112956846 0.11597145318075557
0 0.8443210132890364 0.8268733850129197 0.0835755813953489 0.08059554571182477
0 0.8182793466223698 0.7382798080472498 0.05710132890365441 0.08182601205857012
0 0.7753668327796234 0.826104343546204 0.042220376522702094 0.04398917189614864
0 0.7648117386489479 0.7353574504737295 0.042220376522702094 0.1172019195275009
0 0.9348179678848283 0.7033653254583487 0.05450581395348841 0.11597145318075545
0 0.9587832225913621 0.4826504245108896 0.06160022148394238 0.14581026208933187
0 0.5972279900332225 0.4537344653623723 0.07319352159468444 0.10889627168696935
