0 0.9494791666666667 0.2611111111111111 0.0625 0.1037037037037037
0 0.9278645833333333 0.5106481481481482 0.058854166666666666 0.11388888888888889
0 0.82890625 0.8449074074074074 0.06197916666666667 0.05648148148148148
0 0.22135416666666666 0.8300925925925926 0.06354166666666666 0.04351851851851852
0 0.9830729166666666 0.5791666666666667 0.0296875 0.08981481481481482
0 0.07786458333333333 0.5638888888888889 0.03802083333333333 0.1
0 0.39114583333333336 0.475 0.07395833333333333 0.12037037037037036
0 0.128125 0.6282407407407408 0.05520833333333333 0.06944444444444445
0 0.13958333333333334 0.7 0.052083333333333336 0.06481481481481481
0 0.22447916666666667 0.6462962962962963 0.04479166666666667 0.1037037037037037
0 0.020833333333333332 0.8722222222222222 0.040625 0.07037037037037037
0 0.9096354166666667 0.675 0.05364583333333333 0.07962962962962963
0 0.1171875 0.7722222222222223 0.0375 0.07962962962962963
0 0.9401041666666666 0.788425925925926 0.03854166666666667 0.10462962962962963
0 0.15598958333333332 0.8180555555555555 0.0296875 0.04537037037037037
0 0.07682291666666667 0.8023148148148148 0.0484375 0.08611111111111111
0 0.04296875 0.8009259259259259 0.0453125 0.06851851851851852
0 0.9888020833333333 0.6787037037037037 0.021354166666666667 0.08518518518518518
0 0.49661458333333336 0.07777777777777778 0.05677083333333333 0.12037037037037036
0 0.5059895833333333 0.8578703703703704 0.0515625 0.03796296296296296
0 0.12312279151943463 0.5221829603455045 0.023189045936395775 0.10731579636173273
