0 0.24995548433048437 0.4481244064577398 0.08279914529914531 0.15709085153529595
0 0.27911324786324787 0.8048433048433049 0.05965099715099716 0.07280785058562837
0 0.16804665242165245 0.8450063311174423 0.07122507122507123 0.08665716999050338
0 0.045183404558404555 0.6984013928458374 0.05030270655270655 0.073599240265907
0 0.06365740740740741 0.7787274453941121 0.04006410256410256 0.0656853434631212
0 0.21167200854700857 0.6439933523266858 0.060986467236467265 0.14522000633111753
0 0.8340010683760684 0.6738683127572017 0.05341880341880353 0.10921177587844261
0 0.894542378917379 0.8180990819879709 0.04852207977207972 0.09457106679328896
0 0.9371661324786326 0.7055238999683444 0.04651887464387473 0.1147515036403926
0 0.913127670940171 0.5753402975625198 0.06521545584045577 0.0791389680278569
0 0.7978502656042497 0.1905341596576656 0.0323705179282868 0.11103733215286998
