0 0.14244791666666667 0.4305555555555556 0.03697916666666667 0.10555555555555556
0 0.12239583333333333 0.7560185185185185 0.05 0.09351851851851851
0 0.61953125 0.6828703703703703 0.04739583333333333 0.09907407407407408
0 0.2046875 0.9199074074074074 0.053125 0.10277777777777777
0 0.15677083333333333 0.5453703703703704 0.029166666666666667 0.1
0 0.4440104166666667 0.6351851851851852 0.0640625 0.08333333333333333
0 0.28932291666666665 0.7601851851851852 0.0578125 0.1
0 0.26015625 0.9115740740740741 0.05572916666666667 0.11203703703703703
0 0.10338541666666666 0.625 0.04114583333333333 0.08518518518518518
0 0.72265625 0.6199074074074075 0.059895833333333336 0.14537037037037037
0 0.34479166666666666 0.9060185185185186 0.06875 0.09537037037037037
0 0.10286458333333333 0.4615740740740741 0.04010416666666667 0.10833333333333334
0 0.765625 0.32916666666666666 0.03854166666666667 0.13425925925925927
0 0.035416666666666666 0.6425925925925926 0.041666666666666664 0.09814814814814815
0 0.64609375 0.47638888888888886 0.07552083333333333 0.10648148148148148
0 0.19791666666666666 0.5782407407407407 0.034375 0.11203703703703703
0 0.014322916666666666 0.8050925925925926 0.027604166666666666 0.06759259259259259
0 0.24635416666666668 0.6027777777777777 0.028125 0.09259259259259259
0 0.5661458333333333 0.7699074074074074 0.03229166666666667 0.11388888888888889
0 0.23463541666666668 0.5375 0.0578125 0.05092592592592592
0 0.4075520833333333 0.8152777777777778 0.05260416666666667 0.062037037037037036
0 0.8723958333333334 0.8041666666666667 0.03229166666666667 0.05648148148148148
0 0.015885416666666666 0.7736111111111111 0.0005208333333333333 0.002777777777777778
0 0.6559405940594059 0.6091859185918592 0.05053630363036312 0.10909424275760903
0 0.17316365979381446 0.8123329515082093 0.044566151202749156 0.02672775868652153
0 0.015839776632302408 0.733581519663994 0.02953178694158076 0.10213822069492172
