0 0.8182291666666667 0.5111111111111111 0.059375 0.1537037037037037
0 0.062239583333333334 0.6398148148148148 0.049479166666666664 0.08148148148148149
0 0.9677083333333333 0.8060185185185185 0.06041666666666667 0.07314814814814814
0 0.22864583333333333 0.8740740740740741 0.07604166666666666 0.08518518518518518
0 0.9411458333333333 0.7106481481481481 0.04375 0.11203703703703703
0 0.9778645833333334 0.40046296296296297 0.034895833333333334 0.11018518518518519
0 0.8455729166666667 0.3837962962962963 0.058854166666666666 0.09722222222222222
0 0.10833333333333334 0.6949074074074074 0.027083333333333334 0.09907407407407408
0 0.9346354166666667 0.4083333333333333 0.03802083333333333 0.12407407407407407
0 0.051041666666666666 0.7356481481481482 0.030208333333333334 0.10277777777777777
0 0.8901041666666667 0.325 0.0625 0.06666666666666667
0 0.016145833333333335 0.8050925925925926 0.03229166666666667 0.0787037037037037
0 0.016927083333333332 0.5046296296296297 0.0328125 0.1
0 0.47369791666666666 0.6277777777777778 0.050520833333333334 0.14074074074074075
0 0.8822916666666667 0.36435185185185187 0.03333333333333333 0.030555555555555555
