0 0.10026041666666667 0.8328703703703704 0.05677083333333333 0.08796296296296297
0 0.7596354166666667 0.8356481481481481 0.05572916666666667 0.0787037037037037
0 0.16744791666666667 0.687962962962963 0.0296875 0.10555555555555556
0 0.9385416666666667 0.7875 0.041666666666666664 0.08055555555555556
0 0.22473958333333333 0.787962962962963 0.043229166666666666 0.09814814814814815
0 0.44869791666666664 0.4361111111111111 0.043229166666666666 0.1537037037037037
0 0.019791666666666666 0.8657407407407407 0.03854166666666667 0.07407407407407407
0 0.3533854166666667 0.38333333333333336 0.034895833333333334 0.15555555555555556
0 0.0171875 0.7143518518518519 0.03333333333333333 0.05092592592592592
0 0.08177083333333333 0.7537037037037037 0.04895833333333333 0.05740740740740741
0 0.06985584518167458 0.3111286642092329 0.04295023696682465 0.10444093382482009
0 0.06701718009478673 0.7973494821836055 0.046159162717219586 0.043005090398455396
0 0.03320003949447078 0.7892311743022644 0.030361374407582943 0.03993329822713705
0 0.45971513605442177 0.8053665910808767 0.043154761904761925 0.09221466364323516
0 0.9389880952380951 0.7084278155706727 0.03358843537414972 0.09863945578231292
0 0.9076318027210883 0.673469387755102 0.0457057823129252 0.07860922146636434
