0 0.40234375 0.9333333333333333 0.0796875 0.10555555555555556
0 0.3229166666666667 0.9185185185185185 0.06875 0.09074074074074075
0 0.6234375 0.7578703703703704 0.065625 0.07685185185185185
0 0.05911458333333333 0.6185185185185185 0.0546875 0.06481481481481481
0 0.46875 0.6277777777777778 0.059375 0.09259259259259259
0 0.20598958333333334 0.5699074074074074 0.0515625 0.0787037037037037
0 0.09375 0.7902777777777777 0.03333333333333333 0.058333333333333334
0 0.5377604166666666 0.5319444444444444 0.044270833333333336 0.14351851851851852
0 0.11458333333333333 0.6972222222222222 0.03125 0.11296296296296296
0 0.6080729166666666 0.575462962962963 0.0546875 0.13425925925925927
0 0.25104166666666666 0.4912037037037037 0.04791666666666667 0.10833333333333334
0 0.26588541666666665 0.8083333333333333 0.030729166666666665 0.044444444444444446
0 0.5609375 0.712037037037037 0.06458333333333334 0.07592592592592592
0 0.40208333333333335 0.7537037037037037 0.05416666666666667 0.1259259259259259
0 0.171875 0.525 0.057291666666666664 0.05925925925925926
0 0.8083333333333333 0.6518518518518519 0.0625 0.08888888888888889
0 0.17317708333333334 0.44907407407407407 0.050520833333333334 0.1
0 0.01328125 0.7875 0.0265625 0.08055555555555556
0 0.22864583333333333 0.8231481481481482 0.053125 0.08888888888888889
0 0.4886753941441441 0.7238363363363364 0.0359375 0.049074074074074076
0 0.57109375 0.8342592592592593 0.027604166666666666 0.03333333333333333
0 0.5221002252252251 0.813063063063063 0.03688063063063059 0.07157157157157157
0 0.45185185185185184 0.7345679012345678 0.038425925925925954 0.11440329218106994
0 0.0263843201754386 0.7352582846003899 0.04317434210526316 0.10964912280701755
0 0.21635564770932073 0.7815516938739687 0.02986769352290679 0.06933473758118312
