0 0.2630208333333333 0.8726851851851852 0.058333333333333334 0.08055555555555556
0 0.09609375 0.5268518518518519 0.0453125 0.08888888888888889
0 0.14609375 0.4597222222222222 0.044270833333333336 0.1175925925925926
0 0.4125 0.6731481481481482 0.05 0.10555555555555556
0 0.7369791666666666 0.5222222222222223 0.06666666666666667 0.1
0 0.21223958333333334 0.5958333333333333 0.0578125 0.08611111111111111
0 0.4671875 0.7342592592592593 0.04375 0.1259259259259259
0 0.07395833333333333 0.537962962962963 0.004166666666666667 0.003703703703703704
0 0.34817708333333336 0.9027777777777778 0.0671875 0.10185185185185185
0 0.9645833333333333 0.7435185185185185 0.029166666666666667 0.10185185185185185
0 0.9825520833333333 0.6300925925925925 0.025520833333333333 0.10092592592592593
0 0.09010416666666667 0.7074074074074074 0.04791666666666667 0.08888888888888889
0 0.21822916666666667 0.6916666666666667 0.059375 0.06481481481481481
0 0.22942708333333334 0.7953703703703704 0.044270833333333336 0.06111111111111111
0 0.8716145833333333 0.8180555555555555 0.06614583333333333 0.041666666666666664
0 0.8684895833333334 0.7689814814814815 0.0328125 0.062037037037037036
0 0.9388020833333334 0.663425925925926 0.034895833333333334 0.10462962962962963
0 0.1828125 0.7921296296296296 0.029166666666666667 0.06018518518518518
0 0.31302083333333336 0.7824074074074074 0.029166666666666667 0.05740740740740741
0 0.3346354166666667 0.8226851851851852 0.0609375 0.06388888888888888
0 0.3854166666666667 0.8143518518518519 0.042708333333333334 0.06018518518518518
0 0.049135220125786166 0.544199860237596 0.057979559748427674 0.07337526205450741
0 0.3495970911949685 0.7315688329839273 0.06534984276729562 0.06900768693221529
