0 0.80234375 0.8222222222222222 0.0609375 0.1
0 0.90546875 0.6777777777777778 0.0546875 0.07962962962962963
0 0.9598958333333333 0.6958333333333333 0.041666666666666664 0.09351851851851851
0 0.24713541666666666 0.711574074074074 0.050520833333333334 0.11388888888888889
0 0.06744791666666666 0.8662037037037037 0.058854166666666666 0.0824074074074074
0 0.490625 0.8587962962962963 0.034375 0.03611111111111111
0 0.240625 0.8185185185185185 0.05520833333333333 0.07037037037037037
0 0.07682291666666667 0.8231481481481482 0.0015625 0.0
0 0.03958333333333333 0.7976851851851852 0.03854166666666667 0.058333333333333334
0 0.9872395833333333 0.7013888888888888 0.0234375 0.05462962962962963
0 0.09609375 0.8217592592592593 0.03177083333333333 0.058333333333333334
0 0.9192708333333334 0.05740740740740741 0.04583333333333333 0.09259259259259259
0 0.05998702983138781 0.31452658884565504 0.02107652399481193 0.11024643320363164
0 0.07837540064102563 0.7880757359924025 0.03789396367521368 0.03650284900284899
0 0.9744553941908712 0.5987782388197325 0.042358229598893495 0.07107730136775788
0 0.9947700553250345 0.4362609497464269 0.008644536652835436 0.0326571384662671
