0 0.8528645833333334 0.7981481481481482 0.0546875 0.07592592592592592
0 0.9380208333333333 0.7064814814814815 0.04583333333333333 0.1111111111111111
0 0.06354166666666666 0.6240740740740741 0.035416666666666666 0.10925925925925926
0 0.5963541666666666 0.7087962962962963 0.0625 0.08796296296296297
0 0.62578125 0.7981481481481482 0.04739583333333333 0.09814814814814815
0 0.80234375 0.6819444444444445 0.04739583333333333 0.11203703703703703
0 0.66953125 0.7708333333333334 0.033854166666666664 0.10648148148148148
0 0.9526041666666667 0.8018518518518518 0.028125 0.05555555555555555
0 0.12395833333333334 0.4981481481481482 0.036458333333333336 0.11481481481481481
0 0.05130208333333333 0.7699074074074074 0.028645833333333332 0.05277777777777778
0 0.3515625 0.8272322710307206 0.06076388888888887 0.07464829170255524
