0 0.5223958333333333 0.5583333333333333 0.06875 0.11481481481481481
0 0.04010416666666667 0.6337962962962963 0.04791666666666667 0.08425925925925926
0 0.13701836917562726 0.44437475109518126 0.05000000000000002 0.11296296296296301
0 0.22942708333333334 0.5254629629629629 0.04739583333333333 0.0787037037037037
0 0.15989583333333332 0.8351851851851851 0.05 0.09074074074074075
0 0.28151041666666665 0.8152777777777778 0.04114583333333333 0.049074074074074076
0 0.2760416666666667 0.5287037037037037 0.042708333333333334 0.1111111111111111
0 0.184375 0.47824074074074074 0.05 0.09166666666666666
0 0.784375 0.6759259259259259 0.06666666666666667 0.06666666666666667
0 0.70859375 0.6671296296296296 0.0390625 0.11203703703703703
0 0.35182291666666665 0.9490740740740741 0.07135416666666666 0.09074074074074075
0 0.5736979166666667 0.4689814814814815 0.0703125 0.14537037037037037
0 0.20546875 0.6981481481481482 0.0359375 0.10925925925925926
0 0.6533854166666667 0.7032407407407407 0.05260416666666667 0.11018518518518519
0 0.12760416666666666 0.6962962962962963 0.052083333333333336 0.10555555555555556
0 0.09479166666666666 0.5481481481481482 0.030208333333333334 0.11481481481481481
0 0.5395833333333333 0.6523148148148148 0.06979166666666667 0.08425925925925926
0 0.13411458333333334 0.12361111111111112 0.0328125 0.125
0 0.016666666666666666 0.7851851851851852 0.029166666666666667 0.10185185185185185
0 0.33671875 0.9074074074074074 0.06302083333333333 0.07407407407407407
0 0.016927083333333332 0.7074074074074074 0.030729166666666665 0.05925925925925926
0 0.14166666666666666 0.7097222222222223 0.003125 0.000925925925925926
0 0.21654211956521738 0.7960950080515298 0.0390625 0.05636070853462153
0 0.4666303294573643 0.3832902670111972 0.02967538759689923 0.1248923341946598
0 0.5274863138686131 0.7772370911057042 0.05360401459854014 0.06758583400919159
