0 0.640625 0.7577831454643048 0.06808574879227057 0.09420289855072465
0 0.8311443236714975 0.6843800322061191 0.06416062801932369 0.08803005904455184
0 0.8503170289855073 0.7223564143853999 0.06295289855072461 0.08078368223295763
0 0.9366696859903381 0.6990069779924852 0.04664855072463763 0.12855609232420834
0 0.9698067632850242 0.7430220075147611 0.03109903381642513 0.12855609232420834
0 0.982336956521739 0.6011808910359634 0.03291062801932369 0.11003757380568971
0 0.22028186274509803 0.8442265795206971 0.06372549019607844 0.09694989106753817
0 0.2745201310861423 0.7439658759883478 0.03195224719101126 0.08926342072409496
0 0.3780418417366947 0.7860644257703082 0.04573704481792718 0.1388888888888889
0 0.0933342086834734 0.7736150015561781 0.04880077030812324 0.07197323373793962
0 0.17113095238095238 0.7874260815437287 0.04070378151260507 0.07703081232492998
0 0.08490896358543418 0.5514705882352942 0.045955882352941166 0.1388888888888889
0 0.07765151515151514 0.07744107744107744 0.039772727272727265 0.1425364758698092
