0 0.9109375 0.6560185185185186 0.05 0.09907407407407408
0 0.8604166666666667 0.7606481481481482 0.05520833333333333 0.08055555555555556
0 0.7895833333333333 0.8212962962962963 0.046875 0.08888888888888889
0 0.12265625 0.6324074074074074 0.03177083333333333 0.1037037037037037
0 0.14427083333333332 0.5597222222222222 0.0 0.000925925925925926
0 0.11067708333333333 0.7277777777777777 0.03177083333333333 0.1
0 0.054947916666666666 0.7013888888888888 0.033854166666666664 0.10648148148148148
0 0.19166666666666668 0.5875 0.0375 0.11574074074074074
0 0.040625 0.7976851851851852 0.040625 0.062037037037037036
0 0.15885416666666666 0.8166666666666667 0.0375 0.05
0 0.12369791666666667 0.8379629629629629 0.04010416666666667 0.05555555555555555
0 0.12317708333333334 0.5120370370370371 0.030729166666666665 0.11666666666666667
0 0.08440742542153049 0.8219844357976653 0.03262808041504539 0.06376999567661046
0 0.2092452983138781 0.8036100302637269 0.026953631647211415 0.0897103329009944
0 0.22545800907911803 0.8106355382619974 0.021684500648508433 0.08214440121054915
0 0.4465588521400779 0.7944228274967575 0.053704604409857325 0.07637988182735264
