0 0.04479166666666667 0.8314814814814815 0.06041666666666667 0.07592592592592592
0 0.9296875 0.8074074074074075 0.057291666666666664 0.06666666666666667
0 0.8091145833333333 0.812962962962963 0.059895833333333336 0.053703703703703705
0 0.10364583333333334 0.7907407407407407 0.034375 0.05555555555555555
0 0.5984375 0.6046296296296296 0.0625 0.10740740740740741
0 0.9390625 0.7074074074074074 0.046875 0.10925925925925926
0 0.7973958333333333 0.6699074074074074 0.05416666666666667 0.09722222222222222
0 0.7515625 0.7310185185185185 0.06354166666666666 0.062037037037037036
0 0.0640625 0.775 0.03958333333333333 0.05185185185185185
0 0.9471354166666667 0.5981481481481481 0.0515625 0.07592592592592592
0 0.23671875 0.8115740740740741 0.059895833333333336 0.03425925925925926
0 0.5833333333333334 0.8231481481481482 0.05520833333333333 0.05740740740740741
0 0.12864583333333332 0.6402777777777777 0.06354166666666666 0.09537037037037037
0 0.8937944121447028 0.6632213608957794 0.06076388888888881 0.11197243755383292
