0 0.79765625 0.6810185185185185 0.05364583333333333 0.09907407407407408
0 0.9388020833333334 0.7069444444444445 0.0484375 0.11018518518518519
0 0.8739583333333333 0.7671296296296296 0.06041666666666667 0.08425925925925926
0 0.33359375 0.7162037037037037 0.0640625 0.09722222222222222
0 0.9578125 0.8046296296296296 0.040625 0.07962962962962963
0 0.04140625 0.7768518518518519 0.0421875 0.06296296296296296
0 0.4276041666666667 0.8310185185185185 0.06458333333333334 0.10462962962962963
0 0.03984375 0.43333333333333335 0.0296875 0.10925925925925926
0 0.009895833333333333 0.825 0.01875 0.03888888888888889
0 0.203125 0.8004629629629629 0.04895833333333333 0.05092592592592592
