0 0.39505208333333336 0.9203703703703704 0.07447916666666667 0.08703703703703704
0 0.6567708333333333 0.7263888888888889 0.06145833333333333 0.0824074074074074
0 0.4705729166666667 0.6282407407407408 0.07135416666666666 0.06018518518518518
0 0.0484375 0.6208333333333333 0.05416666666666667 0.06944444444444445
0 0.56796875 0.7199074074074074 0.06302083333333333 0.062037037037037036
0 0.1078125 0.6995370370370371 0.053125 0.09907407407407408
0 0.08958333333333333 0.7800925925925926 0.046875 0.062037037037037036
0 0.3221354166666667 0.9162037037037037 0.06927083333333334 0.09166666666666666
0 0.7963541666666667 0.6625 0.053125 0.10833333333333334
0 0.22135416666666666 0.8199074074074074 0.04479166666666667 0.07685185185185185
0 0.48984375 0.712037037037037 0.0640625 0.07037037037037037
0 0.26875 0.8138888888888889 0.057291666666666664 0.05
0 0.5927083333333333 0.5342592592592592 0.07916666666666666 0.13518518518518519
0 0.21276041666666667 0.737037037037037 0.0390625 0.09444444444444444
0 0.2557291666666667 0.4787037037037037 0.046875 0.09444444444444444
0 0.21276041666666667 0.562037037037037 0.06197916666666667 0.07777777777777778
0 0.19817708333333334 0.4930555555555556 0.0578125 0.08055555555555556
0 0.017708333333333333 0.788425925925926 0.034375 0.08981481481481482
0 0.015364583333333333 0.7 0.028645833333333332 0.07407407407407407
0 0.5755208333333334 0.8384259259259259 0.030208333333333334 0.026851851851851852
0 0.5760354291417166 0.379795963628299 0.05676147704590816 0.09869150587713464
0 0.15640593812375247 0.433577289864715 0.04896457085828342 0.07096917276557999
0 0.5385890151515151 0.805976430976431 0.049715909090909054 0.06313131313131308
0 0.3737207602339181 0.7614522417153995 0.06487573099415206 0.07391163092917473
0 0.4203158174097664 0.7578438310922386 0.03450106157112529 0.06487379098844062
