0 0.9419270833333333 0.7106481481481481 0.044270833333333336 0.10833333333333334
0 0.9106770833333333 0.8092592592592592 0.0609375 0.07037037037037037
0 0.11328125 0.7393518518518518 0.04635416666666667 0.09537037037037037
0 0.9494791666666667 0.6050925925925926 0.05625 0.05092592592592592
0 0.9140625 0.44814814814814813 0.03958333333333333 0.10925925925925926
0 0.8486979166666667 0.3453703703703704 0.06302083333333333 0.10555555555555556
0 0.8739583333333333 0.41805555555555557 0.035416666666666666 0.10648148148148148
0 0.065625 0.7083333333333334 0.03125 0.0962962962962963
0 0.028645833333333332 0.7930555555555555 0.030208333333333334 0.05277777777777778
0 0.06276041666666667 0.8310185185185185 0.06614583333333333 0.08611111111111111
0 0.06328125 0.42453703703703705 0.0453125 0.15092592592592594
0 0.027083333333333334 0.7726851851851851 0.034375 0.09537037037037037
0 0.04921875 0.8611111111111112 0.0328125 0.12962962962962962
0 0.7919492894056847 0.5673987941429802 0.06379198966408275 0.11699684180304339
0 0.6985828488372092 0.7864987080103358 0.04542151162790695 0.1180734998564456
