0 0.6234375 0.6777777777777778 0.042708333333333334 0.10555555555555556
0 0.14270833333333333 0.4310185185185185 0.03958333333333333 0.11203703703703703
0 0.20364583333333333 0.9171296296296296 0.04895833333333333 0.10462962962962963
0 0.11302083333333333 0.7564814814814815 0.05520833333333333 0.09074074074074075
0 0.6471354166666666 0.4671296296296296 0.0796875 0.10648148148148148
0 0.15677083333333333 0.5476851851851852 0.03125 0.10092592592592593
0 0.03697916666666667 0.637962962962963 0.04583333333333333 0.08703703703703704
0 0.8700520833333333 0.8013888888888889 0.0421875 0.06574074074074074
0 0.34453125 0.9069444444444444 0.06614583333333333 0.09351851851851851
0 0.29661458333333335 0.7731481481481481 0.05572916666666667 0.12407407407407407
0 0.2015625 0.5611111111111111 0.034375 0.1037037037037037
0 0.09973958333333334 0.6106481481481482 0.04114583333333333 0.10648148148148148
0 0.6611979166666667 0.6 0.03802083333333333 0.1037037037037037
0 0.5692708333333333 0.799074074074074 0.030208333333333334 0.10555555555555556
0 0.10338541666666666 0.44675925925925924 0.0296875 0.11388888888888889
0 0.7239583333333334 0.6189814814814815 0.058333333333333334 0.13425925925925927
0 0.24765625 0.6046296296296296 0.0296875 0.08703703703703704
0 0.22786458333333334 0.9675925925925926 0.0046875 0.014814814814814815
0 0.01484375 0.7138888888888889 0.027604166666666666 0.1111111111111111
0 0.8018229166666667 0.44351851851851853 0.03177083333333333 0.14074074074074075
0 0.24401041666666667 0.5254629629629629 0.0578125 0.0787037037037037
0 0.014322916666666666 0.8032407407407407 0.027604166666666666 0.06759259259259259
0 0.246875 0.9361111111111111 0.06145833333333333 0.07777777777777778
0 0.40651041666666665 0.8148148148148148 0.0390625 0.06481481481481481
0 0.4247416020671835 0.6481481481481481 0.05733204134366924 0.07895492391616417
