0 0.2171875 0.8203703703703704 0.05416666666666667 0.06296296296296296
0 0.3919270833333333 0.9324074074074075 0.08177083333333333 0.08333333333333333
0 0.9466145833333334 0.6986111111111111 0.05260416666666667 0.08055555555555556
0 0.97578125 0.7384259259259259 0.044270833333333336 0.08425925925925926
0 0.24479166666666666 0.5712962962962963 0.06458333333333334 0.08518518518518518
0 0.025 0.6370370370370371 0.04479166666666667 0.08703703703703704
0 0.7578125 0.5902777777777778 0.06145833333333333 0.09722222222222222
0 0.8067708333333333 0.687962962962963 0.03229166666666667 0.11296296296296296
0 0.31614583333333335 0.8652777777777778 0.0625 0.08796296296296297
0 0.7901041666666667 0.4652777777777778 0.03229166666666667 0.13425925925925927
0 0.0875 0.7282407407407407 0.03229166666666667 0.09166666666666666
0 0.4356770833333333 0.8115740740740741 0.05260416666666667 0.07685185185185185
0 0.9216145833333333 0.6263888888888889 0.050520833333333334 0.09351851851851851
0 0.059895833333333336 0.8337962962962963 0.046875 0.0712962962962963
0 0.22239583333333332 0.3486111111111111 0.03854166666666667 0.11018518518518519
0 0.69375 0.7347222222222223 0.027083333333333334 0.12314814814814815
0 0.04375 0.787962962962963 0.0375 0.040740740740740744
0 0.46015625 0.09490740740740741 0.0265625 0.11203703703703703
0 0.07447916666666667 0.8032407407407407 0.01875 0.03981481481481482
0 0.4204850928641251 0.8695829260345389 0.06781524926686214 0.04534593244270666
