0 0.45483299595141696 0.4935311331510161 0.061572199730094465 0.15785248972383475
0 0.4188673708920188 0.8375717266562337 0.06968896713615026 0.10693792383933227
0 0.46315654342723006 0.7876890975482524 0.05776848591549293 0.07107459572248308
0 0.4190507629107981 0.7410667709963484 0.06235328638497653 0.06390193009911313
0 0.4025266422082459 0.6737712555322618 0.06278389238294899 0.08541035794704549
0 0.0892077218728162 0.7823782902399254 0.037342767295597476 0.055322618215699934
0 0.2949751048218029 0.7319085332712166 0.057979559748427674 0.07395760540414631
0 0.6672016946191474 0.6648419908377979 0.06802498252969945 0.10715117633356636
0 0.6296405485674353 0.5761316872427983 0.06933525506638709 0.08735150244584207
0 0.7299855870020964 0.6512539793462224 0.04684224318658276 0.10404534513549188
0 0.7858905485674353 0.6537774671946579 0.05273846960167709 0.10792763413308493
0 0.8025965234102027 0.7471465175867692 0.05077306079664569 0.09822191163910245
0 0.8409219951083158 0.7636462458265393 0.05295684835779184 0.11491575432875226
0 0.8867815338923829 0.8120778010715117 0.0433481830887492 0.08482801459740659
0 0.9341151292802236 0.7117206304837331 0.0526292802236199 0.11316872427983535
0 0.9717308700209643 0.48936252814659514 0.05404874213836474 0.10559826073452906
0 0.8045097675568743 0.3308055830311023 0.06939292779426308 0.11374876360039568
0 0.6985489882854101 0.845905809963318 0.07654419595314164 0.07720979765708204
0 0.13675869120654394 0.5130936150874801 0.04760991820040899 0.09628493524199039
