0 0.471875 0.9282407407407407 0.0875 0.10462962962962963
0 0.3223958333333333 0.9125 0.07083333333333333 0.09907407407407408
0 0.10416666666666667 0.7925925925925926 0.05520833333333333 0.06666666666666667
0 0.41302083333333334 0.7472222222222222 0.051041666666666666 0.08333333333333333
0 0.6182291666666667 0.5638888888888889 0.059375 0.12777777777777777
0 0.18802083333333333 0.5527777777777778 0.05625 0.08703703703703704
0 0.22838541666666667 0.5050925925925925 0.04114583333333333 0.10833333333333334
0 0.15911458333333334 0.5305555555555556 0.0546875 0.05
0 0.571875 0.7111111111111111 0.05625 0.05925925925925926
0 0.07578125 0.6351851851851852 0.049479166666666664 0.06666666666666667
0 0.13671875 0.6296296296296297 0.059895833333333336 0.08148148148148149
0 0.18072916666666666 0.45740740740740743 0.0625 0.06666666666666667
0 0.5645833333333333 0.7921296296296296 0.06354166666666666 0.062037037037037036
0 0.4075520833333333 0.6689814814814815 0.06614583333333333 0.062037037037037036
0 0.5348958333333333 0.6638888888888889 0.03125 0.1111111111111111
0 0.21744791666666666 0.837037037037037 0.0578125 0.08333333333333333
0 0.51328125 0.8268518518518518 0.034895833333333334 0.04814814814814815
0 0.6552083333333333 0.8333333333333334 0.06041666666666667 0.03518518518518519
0 0.4747395833333333 0.6606481481481481 0.06927083333333334 0.09351851851851851
0 0.8557291666666667 0.5995370370370371 0.057291666666666664 0.07685185185185185
0 0.05807291666666667 0.7277777777777777 0.0296875 0.0962962962962963
0 0.014322916666666666 0.7851851851851852 0.027604166666666666 0.07037037037037037
0 0.65546875 0.812962962962963 0.058854166666666666 0.07407407407407407
0 0.31223958333333335 0.8134259259259259 0.025520833333333333 0.049074074074074076
0 0.015625 0.7097222222222223 0.026041666666666668 0.06759259259259259
0 0.240625 0.8023148148148148 0.041666666666666664 0.04351851851851852
0 0.6630208333333333 0.5625 0.05625 0.05462962962962963
0 0.64609375 0.8009259259259259 0.0296875 0.05185185185185185
0 0.9802691605839416 0.6995133819951337 0.032314476885644795 0.050013517166801885
0 0.5918438573883162 0.44768995799923633 0.04161297250859105 0.11741122565864828
0 0.16294642857142855 0.8065003779289494 0.03890306122448977 0.03174603174603179
