0 0.23645833333333333 0.5361111111111111 0.05416666666666667 0.0962962962962963
0 0.5411458333333333 0.7592592592592593 0.05416666666666667 0.09444444444444444
0 0.27317708333333335 0.4888888888888889 0.0578125 0.1037037037037037
0 0.30052083333333335 0.8078703703703703 0.053125 0.0712962962962963
0 0.178125 0.8203703703703704 0.075 0.07407407407407407
0 0.5872395833333334 0.4625 0.0609375 0.13055555555555556
0 0.15416666666666667 0.41759259259259257 0.05416666666666667 0.1111111111111111
0 0.5036458333333333 0.6796296296296296 0.05520833333333333 0.09074074074074075
0 0.1984375 0.4736111111111111 0.03854166666666667 0.11203703703703703
0 0.20677083333333332 0.7148148148148148 0.026041666666666668 0.1
0 0.048177083333333336 0.6324074074074074 0.034895833333333334 0.10185185185185185
0 0.33046875 0.9092592592592592 0.06302083333333333 0.08333333333333333
0 0.09192708333333334 0.6240740740740741 0.028645833333333332 0.1
0 0.7869791666666667 0.6884259259259259 0.0625 0.08425925925925926
0 0.64375 0.7574074074074074 0.06666666666666667 0.08518518518518518
0 0.7145833333333333 0.6944444444444444 0.06458333333333334 0.06296296296296296
0 0.021614583333333333 0.7699074074074074 0.03802083333333333 0.07685185185185185
0 0.01796875 0.7037037037037037 0.0328125 0.06481481481481481
0 0.11692708333333333 0.6967592592592593 0.05677083333333333 0.04537037037037037
0 0.48410404624277453 0.8092485549132948 0.04997591522158 0.06957824876900026
0 0.49900650289017345 0.6053307642903017 0.052685452793834325 0.08242346392635407
0 0.3858452004219409 0.9171354899203 0.07944356540084385 0.050398499765588384
0 0.2347417840375587 0.7806794470526864 0.04438086854460093 0.08183359415753778
0 0.00738294673539519 0.8044578083237878 0.014228951890034364 0.03961435662466594
