0 0.5356079931972789 0.5466742252456537 0.06696428571428564 0.11375661375661368
0 0.6092303240740741 0.5303497942386832 0.07609953703703702 0.16049382716049387
0 0.6476417824074073 0.8103137860082305 0.06380208333333333 0.08359053497942381
0 0.890697337962963 0.8114711934156379 0.04296875 0.06584362139917703
0 0.824001736111111 0.80054012345679 0.052228009259259287 0.08256172839506169
0 0.8551070601851851 0.7182355967078189 0.05454282407407405 0.08461934156378603
0 0.9519675925925927 0.8158436213991769 0.06076388888888893 0.07561728395061736
0 0.9398148148148148 0.7100051440329218 0.047743055555555594 0.11702674897119344
0 0.921875 0.6676954732510287 0.04108796296296298 0.11213991769547323
0 0.9832465277777778 0.5016718106995884 0.03246527777777786 0.13605967078189296
0 0.9734085648148147 0.2604166666666667 0.05214120370370369 0.11548353909465019
0 0.7349726775956283 0.6505768063145112 0.06796448087431699 0.11414693381906497
0 0.7823599726775955 0.5840922890103217 0.03910519125683057 0.129933211900425
0 0.14189016414056108 0.8106373776880275 0.05901745565239587 0.08182672008314411
0 0.10200253924284394 0.6820047194008413 0.02741228070175438 0.10362162716733352
0 0.062326869806094184 0.6884169488047606 0.028855032317636198 0.09900482199651174
0 0.041479108956602034 0.771647686467631 0.04573522622345337 0.07771622037550012
0 0.3645833333333333 0.8198302469135802 0.04874465811965815 0.06321225071225066
