0 0.8484375 0.6472222222222223 0.058333333333333334 0.11296296296296296
0 0.8046875 0.4462962962962963 0.08229166666666667 0.1259259259259259
0 0.09765625 0.20787037037037037 0.050520833333333334 0.13055555555555556
0 0.17473958333333334 0.8319444444444445 0.04635416666666667 0.08425925925925926
0 0.9815104166666667 0.44537037037037036 0.034895833333333334 0.11666666666666667
0 0.8809895833333333 0.09722222222222222 0.06927083333333334 0.07222222222222222
0 0.24583333333333332 0.85 0.05416666666666667 0.08703703703703704
0 0.88671875 0.7763888888888889 0.0328125 0.10092592592592593
0 0.940625 0.7171296296296297 0.03958333333333333 0.10833333333333334
0 0.14817708333333332 0.6157407407407407 0.05572916666666667 0.07222222222222222
0 0.2721354166666667 0.5800925925925926 0.0359375 0.12685185185185185
0 0.7130208333333333 0.8189814814814815 0.03125 0.058333333333333334
0 0.12578125 0.7731481481481481 0.03802083333333333 0.10185185185185185
0 0.6775418133802817 0.38161841418883674 0.06987235915492959 0.08965832029212313
