0 0.3146632055378062 0.8164714235001775 0.07188498402555907 0.11004614838480654
0 0.26807108626198084 0.7969471068512602 0.05557774227902025 0.0993965211217607
0 0.03111687965921193 0.8919062832800853 0.0615681576144835 0.09111347769494735
0 0.10832667731629393 0.7417761211690925 0.03461128860489883 0.09377588451070877
0 0.01073282747603834 0.7982783102591409 0.021132854100106496 0.11862501479114908
0 0.10287597181729834 0.5103390562574235 0.04752793974732749 0.1303854875283446
0 0.5145941840277778 0.47019675925925924 0.08517795138888892 0.11863425925925926
0 0.8310535914702581 0.8250717047013343 0.0701459034792368 0.07887517146776409
0 0.830844056372549 0.7250816993464052 0.07199754901960785 0.08986928104575158
0 0.8514046717171716 0.632435465768799 0.04845328282828281 0.11447811447811447
0 0.9375 0.7055002763957987 0.04819651741293533 0.11562557582458076
0 0.9724813432835819 0.5424267551133223 0.02591210613598681 0.07877280265339971
