0 0.97109375 0.3384259259259259 0.05677083333333333 0.08055555555555556
0 0.8385416666666666 0.6907407407407408 0.046875 0.1259259259259259
0 0.17161458333333332 0.9212962962962963 0.0578125 0.09444444444444444
0 0.9411458333333333 0.7143518518518519 0.040625 0.11203703703703703
0 0.7130208333333333 0.8162037037037037 0.04583333333333333 0.06388888888888888
0 0.12994791666666666 0.6268518518518519 0.0515625 0.07962962962962963
0 0.24765625 0.8458333333333333 0.049479166666666664 0.10092592592592593
0 0.9140625 0.0837962962962963 0.059375 0.11388888888888889
0 0.04479166666666667 0.750462962962963 0.046875 0.09166666666666666
0 0.28619791666666666 0.5828703703703704 0.06927083333333334 0.10277777777777777
0 0.08697916666666666 0.7902777777777777 0.03333333333333333 0.032407407407407406
0 0.9901041666666667 0.7763888888888889 0.01875 0.15092592592592594
0 0.36164906103286387 0.3977569118414189 0.053550469483568126 0.12193531559728746
0 0.5181741490610329 0.36857720396452787 0.053000293427230005 0.12160928534167971
0 0.8303990610328639 0.45236697965571204 0.06638791079812213 0.1594287949921753
0 0.7852846244131456 0.3164123630672927 0.07739143192488267 0.13465049556598857
