0 0.153125 0.4550925925925926 0.052083333333333336 0.11574074074074074
0 0.35989583333333336 0.9013888888888889 0.06875 0.09537037037037037
0 0.23984375 0.8148148148148148 0.0640625 0.07592592592592592
0 0.28828125 0.6777777777777778 0.0578125 0.05555555555555555
0 0.146875 0.8143518518518519 0.05520833333333333 0.08611111111111111
0 0.7786458333333334 0.4486111111111111 0.06770833333333333 0.10462962962962963
0 0.28151041666666665 0.7476851851851852 0.0515625 0.08611111111111111
0 0.0921875 0.39675925925925926 0.03854166666666667 0.11574074074074074
0 0.7932291666666667 0.549537037037037 0.041666666666666664 0.09907407407407408
0 0.27578125 0.5944444444444444 0.0390625 0.11851851851851852
0 0.58515625 0.700462962962963 0.0671875 0.06388888888888888
0 0.06015625 0.5537037037037037 0.050520833333333334 0.07962962962962963
0 0.9075520833333334 0.8074074074074075 0.050520833333333334 0.04814814814814815
0 0.9697916666666667 0.7796296296296297 0.05416666666666667 0.07222222222222222
0 0.011979166666666667 0.8009259259259259 0.022916666666666665 0.07222222222222222
0 0.9020833333333333 0.7643518518518518 0.03229166666666667 0.049074074074074076
0 0.86484375 0.7787037037037037 0.030729166666666665 0.0962962962962963
0 0.49746558779761896 0.7058118386243385 0.05464099702380955 0.08225859788359784
0 0.42166573660714285 0.5985449735449735 0.04162016369047616 0.10003306878306883
0 0.35191127232142855 0.597718253968254 0.057431175595238075 0.05042989417989424
0 0.05987258184523809 0.6485615079365079 0.0560360863095238 0.09259259259259259
0 0.03464471726190476 0.6516617063492063 0.023716517857142856 0.08556547619047614
0 0.025925409226190473 0.7483878968253967 0.03510974702380952 0.07895171957671965
0 0.9770893545279383 0.4244273174909013 0.04064306358381498 0.05459216441875404
