0 0.9197916666666667 0.7319444444444444 0.04479166666666667 0.08981481481481482
0 0.9072916666666667 0.8175925925925925 0.05 0.08148148148148149
0 0.12265625 0.6726851851851852 0.03802083333333333 0.09907407407407408
0 0.10078125 0.8379629629629629 0.0546875 0.07407407407407407
0 0.45859375 0.7981481481481482 0.06510416666666667 0.0962962962962963
0 0.047135416666666666 0.7078703703703704 0.05572916666666667 0.05462962962962963
0 0.06484375 0.4083333333333333 0.03802083333333333 0.11296296296296296
0 0.034375 0.7921296296296296 0.035416666666666666 0.05277777777777778
0 0.10494791666666667 0.7893518518518519 0.025520833333333333 0.032407407407407406
0 0.07826134380453752 0.303471010277293 0.04908376963350785 0.058173356602676016
0 0.18842713787085513 0.6544502617801047 0.028359511343804537 0.13573783207291062
0 0.17111147469458984 0.6815978281946867 0.020996945898778357 0.09889470622454924
0 0.21978621291448516 0.7962478184991274 0.03272251308900523 0.09840992825286016
0 0.06214234620886982 0.8029327610872675 0.026376967095851214 0.06715943411222387
0 0.13926144492131615 0.81207280241615 0.021906294706723894 0.04887935145445881
0 0.9058891817269076 0.67171463632307 0.04188629518072287 0.09510263275323515
