0 0.3434244791666667 0.7335069444444444 0.07052951388888887 0.11091820987654318
0 0.26367187500000006 0.8453896604938272 0.07432725694444446 0.10802469135802475
0 0.23451063368055555 0.7858314043209877 0.06320529513888887 0.0853587962962963
0 0.16465928819444448 0.8444251543209877 0.06401909722222224 0.11670524691358021
0 0.13142903645833334 0.6927565586419754 0.06483289930555557 0.09114583333333333
0 0.05357530381944445 0.6170428240740741 0.03770616319444444 0.11815200617283947
0 0.7139995421245421 0.8094220594220594 0.06410256410256411 0.08343508343508343
0 0.7632211538461537 0.7725376475376474 0.048076923076922996 0.09615384615384612
0 0.7843978937728938 0.6448412698412699 0.052083333333333336 0.1114163614163614
0 0.875400641025641 0.747100122100122 0.07039835164835158 0.10022385022385023
0 0.9377861721611721 0.7043650793650793 0.05608974358974355 0.1134513634513635
0 0.9844322344322343 0.7598188848188848 0.02918956043956046 0.09818884818884822
0 0.9785657051282051 0.5148555148555148 0.03577152014652019 0.11904761904761903
0 0.4163804945054945 0.8287545787545787 0.04120879120879118 0.0651200651200651
