0 0.36015625 0.9032407407407408 0.06822916666666666 0.10092592592592593
0 0.79375 0.5324074074074074 0.041666666666666664 0.1111111111111111
0 0.29322916666666665 0.6782407407407407 0.06041666666666667 0.05277777777777778
0 0.15546875 0.44166666666666665 0.05572916666666667 0.10925925925925926
0 0.2859375 0.5972222222222222 0.04375 0.10740740740740741
0 0.1484375 0.8143518518518519 0.06041666666666667 0.0824074074074074
0 0.415625 0.6064814814814815 0.0375 0.12777777777777777
0 0.23515625 0.8101851851851852 0.05677083333333333 0.07037037037037037
0 0.06614583333333333 0.5592592592592592 0.05 0.08888888888888889
0 0.09583333333333334 0.39444444444444443 0.052083333333333336 0.11481481481481481
0 0.3546875 0.5851851851851851 0.06666666666666667 0.08703703703703704
0 0.5989583333333334 0.6990740740740741 0.071875 0.07962962962962963
0 0.07239583333333334 0.65 0.05520833333333333 0.05555555555555555
0 0.2747395833333333 0.7564814814814815 0.03697916666666667 0.09444444444444444
0 0.024739583333333332 0.7356481481481482 0.033854166666666664 0.08796296296296297
0 0.03177083333333333 0.6486111111111111 0.030208333333333334 0.10092592592592593
0 0.9760416666666667 0.7856481481481481 0.04375 0.06574074074074074
0 0.8625 0.7870370370370371 0.028125 0.08703703703703704
0 0.9114583333333334 0.8064814814814815 0.04375 0.05185185185185185
0 0.90546875 0.7569444444444444 0.0453125 0.062037037037037036
0 0.011979166666666667 0.8023148148148148 0.022916666666666665 0.07314814814814814
0 0.5130725717439294 0.711000735835173 0.0631208609271523 0.09013980868285501
0 0.7729718543046358 0.4559112092224675 0.06622516556291393 0.05948000981113563
0 0.972682119205298 0.4065489330389993 0.04966887417218544 0.04415011037527589
