0 0.5044036123032904 0.5352885073915117 0.0878487124463519 0.16372595771737408
0 0.3577506188118812 0.6058626696002934 0.05002062706270625 0.12307480748074806
0 0.31572297854785475 0.7469288595526219 0.03326113861386138 0.13476347634763478
0 0.7874381188118812 0.7334066740007333 0.06368605610561057 0.08571690502383568
0 0.7973004331683169 0.6633892555922258 0.052985767326732616 0.08732123212321238
0 0.06536200495049505 0.7798175650898422 0.03506600660066006 0.044691969196919694
0 0.2702789810231023 0.608039970663733 0.05298576732673267 0.1402640264026403
0 0.6618708745874587 0.6742757609094242 0.0629125412541254 0.08067473414008067
0 0.8669763513513513 0.710960960960961 0.06221846846846842 0.06306306306306309
0 0.9130067567567567 0.5973473473473473 0.06418918918918924 0.09959959959959953
0 0.8616272522522521 0.3199449449449449 0.071509009009009 0.11086086086086082
0 0.8468468468468467 0.8303303303303302 0.0585585585585586 0.09259259259259249
0 0.8866835585585585 0.8184434434434434 0.04279279279279275 0.07132132132132127
0 0.9341788967611336 0.7055030739241265 0.05556258434547902 0.10983655720497827
0 0.9817813765182185 0.47627080521817355 0.034159919028340015 0.08134652871494978
0 0.6454613095238095 0.7845568783068784 0.051773313492063384 0.14329805996472658
0 0.3916343669250646 0.7533017513637669 0.05087209302325579 0.10838357737582542
