0 0.028125 0.55 0.05520833333333333 0.06111111111111111
0 0.50078125 0.6481481481481481 0.07135416666666666 0.1425925925925926
0 0.9682291666666667 0.5833333333333334 0.051041666666666666 0.08148148148148149
0 0.23932291666666666 0.8763888888888889 0.0671875 0.09722222222222222
0 0.88359375 0.6134259259259259 0.0578125 0.0787037037037037
0 0.20598958333333334 0.5967592592592592 0.043229166666666666 0.10462962962962963
0 0.90859375 0.6828703703703703 0.05364583333333333 0.06388888888888888
0 0.14375 0.5958333333333333 0.030208333333333334 0.10092592592592593
0 0.04609375 0.7236111111111111 0.043229166666666666 0.07314814814814814
0 0.9122395833333333 0.4962962962962963 0.058854166666666666 0.10740740740740741
0 0.01640625 0.8296296296296296 0.0005208333333333333 0.0
0 0.017447916666666667 0.6199074074074075 0.033854166666666664 0.058333333333333334
0 0.5502604166666667 0.8189814814814815 0.033854166666666664 0.1175925925925926
0 0.11197916666666667 0.6555555555555556 0.053125 0.07777777777777778
0 0.09114583333333333 0.7550925925925925 0.027083333333333334 0.08611111111111111
0 0.12916666666666668 0.7351851851851852 0.03854166666666667 0.07222222222222222
0 0.87109375 0.8351851851851851 0.0546875 0.05555555555555555
0 0.48385416666666664 0.2662037037037037 0.046875 0.12129629629629629
0 0.18854166666666666 0.8087962962962963 0.03958333333333333 0.10092592592592593
0 0.9692708333333333 0.8287037037037037 0.03229166666666667 0.03888888888888889
0 0.03346904342723005 0.8496348461137194 0.0339275234741784 0.05477308294209696
0 0.036586707746478875 0.7924165362545645 0.016688673708920188 0.048578508085550344
0 0.09398840962441316 0.8330073030777256 0.0416299882629108 0.05477308294209706
0 0.0350254730713246 0.8048277535177099 0.06004366812227074 0.036794436357755096
0 0.9234182098765431 0.8326474622770917 0.05092592592592595 0.04458161865569273
0 0.8080640889830509 0.5606559949780289 0.03509004237288131 0.12005649717514125
0 0.8020833333333333 0.24017957351290684 0.02525252525252526 0.13131313131313127
