0 0.20104166666666667 0.8574074074074074 0.06354166666666666 0.07962962962962963
0 0.31796875 0.8532407407407407 0.07447916666666667 0.08425925925925926
0 0.12005208333333334 0.9453703703703704 0.07552083333333333 0.07777777777777778
0 0.76953125 0.788425925925926 0.058854166666666666 0.0824074074074074
0 0.3765625 0.7754629629629629 0.052083333333333336 0.10462962962962963
0 0.03229166666666667 0.6518518518518519 0.03854166666666667 0.09074074074074075
0 0.9247395833333333 0.7694444444444445 0.0484375 0.08703703703703704
0 0.050520833333333334 0.5814814814814815 0.04375 0.0962962962962963
0 0.13151041666666666 0.5472222222222223 0.050520833333333334 0.1111111111111111
0 0.7583333333333333 0.8527777777777777 0.057291666666666664 0.040740740740740744
0 0.9348958333333334 0.5912037037037037 0.058333333333333334 0.12129629629629629
0 0.8075520833333333 0.5847222222222223 0.03697916666666667 0.13240740740740742
0 0.04010416666666667 0.7953703703703704 0.042708333333333334 0.05555555555555555
0 0.07473958333333333 0.8013888888888889 0.021354166666666667 0.041666666666666664
0 0.43802083333333336 0.8407407407407408 0.025 0.05
0 0.15 0.6731481481481482 0.03229166666666667 0.12037037037037036
0 0.66875 0.8666666666666667 0.051041666666666666 0.025925925925925925
0 0.6950520833333333 0.525 0.044270833333333336 0.1
0 0.03951671511627907 0.7502960809646856 0.032400678294573645 0.05894702842377258
0 0.1128118635437882 0.8191898619597193 0.02280634758995248 0.027909783510598262
0 0.4185871435594887 0.8159892931279362 0.03549041297935105 0.11007320004370152
0 0.8511008918617614 0.7556051034311904 0.021251393534002242 0.1096246748420661
0 0.98804012345679 0.5529835390946501 0.020061728395061706 0.110082304526749
