0 0.37161458333333336 0.774537037037037 0.05260416666666667 0.10462962962962963
0 0.98515625 0.5796296296296296 0.028645833333333332 0.10925925925925926
0 0.11848958333333333 0.8087962962962963 0.025520833333333333 0.05277777777777778
0 0.9380208333333333 0.5930555555555556 0.04479166666666667 0.13055555555555556
0 0.9236979166666667 0.7671296296296296 0.044270833333333336 0.08611111111111111
0 0.13671875 0.9439814814814815 0.0796875 0.09722222222222222
0 0.06328125 0.600925925925926 0.04739583333333333 0.07962962962962963
0 0.39791666666666664 0.18888888888888888 0.03958333333333333 0.12777777777777777
0 0.8494791666666667 0.7805555555555556 0.04375 0.1111111111111111
0 0.4088541666666667 0.8175925925925925 0.04791666666666667 0.0962962962962963
0 0.7854166666666667 0.7819444444444444 0.03125 0.06388888888888888
0 0.7575520833333333 0.7888888888888889 0.04010416666666667 0.12222222222222222
0 0.40338541666666666 0.5805555555555556 0.03697916666666667 0.15185185185185185
0 0.039322916666666666 0.7958333333333333 0.043229166666666666 0.058333333333333334
0 0.07213541666666666 0.8013888888888889 0.0234375 0.04537037037037037
0 0.12291666666666666 0.43842592592592594 0.027083333333333334 0.12314814814814815
0 0.44192708333333336 0.8166666666666667 0.0453125 0.1
0 0.7619791666666667 0.8532407407407407 0.04479166666666667 0.03981481481481482
0 0.11276041666666667 0.6953703703703704 0.0421875 0.09814814814814815
0 0.13223492217898833 0.5586179564778787 0.024521725032425414 0.10628332612768414
0 0.028372243839169912 0.6458063121487246 0.038099870298313875 0.09331315751549217
0 0.045489449786324784 0.7640372744539411 0.03188434829059829 0.04184472934472939
