0 0.41419826224328593 0.7914253115674917 0.05233017377567144 0.11716692996313853
0 0.17106042654028436 0.8508864314551519 0.05331753554502369 0.08952080042127435
0 0.10095774091627172 0.8322362647007198 0.05578593996840442 0.09522555731086531
0 0.1545221169036335 0.7914253115674916 0.040975513428120065 0.06801825522204676
0 0.11515106635071092 0.6334474284711252 0.0362855450236967 0.12155520449359314
0 0.0682513823064771 0.6011936106722837 0.04912124802527647 0.1079515534491838
0 0.11848341232227488 0.5129892926101457 0.03850710900473933 0.11672810251009312
0 0.09404620853080568 0.7396436721081271 0.027152448657188 0.10663507109004744
0 0.050478870458135865 0.7157275759171495 0.04813388625592417 0.11321748288572935
0 0.5102191943127963 0.6538529050377391 0.07158372827804112 0.11146217307354747
0 0.5558846761453397 0.5970247498683517 0.0691153238546604 0.10663507109004734
0 0.6468453791469194 0.7073898543092856 0.05800750394944707 0.1184834123222749
0 0.757553317535545 0.770800421274355 0.05776066350710896 0.12418816921186586
0 0.8187697472353871 0.8289450588028787 0.08343206951026864 0.0886431455151834
0 0.8267920616113744 0.7405213270142181 0.05998222748815169 0.07679480428295596
0 0.9365126382306478 0.7043180621379673 0.05282385466034754 0.12111637704054772
0 0.9613201026856241 0.47788309636650866 0.052083333333333336 0.12199403194663855
0 0.5143378146453089 0.436371726417493 0.0763968344774981 0.10742435799644033
0 0.8300925925925926 0.4609053497942387 0.03981481481481476 0.16790123456790126
