0 0.43515625 0.8273148148148148 0.04010416666666667 0.09537037037037037
0 0.19088541666666667 0.524074074074074 0.06302083333333333 0.07962962962962963
0 0.5908854166666667 0.8273148148148148 0.04739583333333333 0.09537037037037037
0 0.028125 0.6342592592592593 0.04895833333333333 0.08333333333333333
0 0.23776041666666667 0.6939814814814815 0.0546875 0.0824074074074074
0 0.8375 0.7060185185185185 0.058333333333333334 0.09166666666666666
0 0.20234375 0.9050925925925926 0.0005208333333333333 0.000925925925925926
0 0.20416666666666666 0.6324074074074074 0.028125 0.10925925925925926
0 0.78203125 0.6856481481481481 0.04739583333333333 0.10462962962962963
0 0.07994791666666666 0.5731481481481482 0.027604166666666666 0.14074074074074075
0 0.6325520833333333 0.8550925925925926 0.0546875 0.049074074074074076
0 0.23177083333333334 0.9324074074074075 0.065625 0.09074074074074075
0 0.08776041666666666 0.6935185185185185 0.0328125 0.09444444444444444
0 0.08385416666666666 0.8180555555555555 0.04895833333333333 0.06759259259259259
0 0.9473958333333333 0.8305555555555556 0.0375 0.044444444444444446
0 0.15130208333333334 0.8300925925925926 0.04739583333333333 0.07685185185185185
0 0.039322916666666666 0.7935185185185185 0.044270833333333336 0.06851851851851852
0 0.19635416666666666 0.8273148148148148 0.027083333333333334 0.06759259259259259
0 0.89140625 0.6810185185185185 0.05260416666666667 0.062037037037037036
0 0.8869791666666667 0.36898148148148147 0.041666666666666664 0.14722222222222223
0 0.7013020833333333 0.8671296296296296 0.019270833333333334 0.021296296296296296
0 0.5653645833333333 0.5953703703703703 0.0515625 0.13148148148148148
0 0.22395833333333334 0.8324074074074074 0.029166666666666667 0.03888888888888889
0 0.9299479166666667 0.6203703703703703 0.04114583333333333 0.11666666666666667
0 0.11465827338129495 0.47595257127631224 0.0266037170263789 0.1079136690647482
0 0.18410409035409037 0.8967575634242301 0.056852869352869345 0.06579839913173247
0 0.6688904494382022 0.5672596754057428 0.026334269662921392 0.13992925509779447
