0 0.21770833333333334 0.5569444444444445 0.0625 0.09907407407407408
0 0.7776041666666667 0.5166666666666667 0.07083333333333333 0.08333333333333333
0 0.24791666666666667 0.7870370370370371 0.03854166666666667 0.07592592592592592
0 0.34791666666666665 0.9032407407407408 0.06770833333333333 0.10092592592592593
0 0.1328125 0.5027777777777778 0.051041666666666666 0.11481481481481481
0 0.20755208333333333 0.8134259259259259 0.059895833333333336 0.08055555555555556
0 0.46171875 0.5819444444444445 0.06197916666666667 0.10462962962962963
0 0.9830729166666666 0.4638888888888889 0.0328125 0.12962962962962962
0 0.47890625 0.6842592592592592 0.0703125 0.07592592592592592
0 0.23020833333333332 0.6652777777777777 0.059375 0.06018518518518518
0 0.7049479166666667 0.5949074074074074 0.07552083333333333 0.13055555555555556
0 0.11380208333333333 0.7152777777777778 0.025520833333333333 0.11388888888888889
0 0.9059895833333333 0.7398148148148148 0.03802083333333333 0.07962962962962963
0 0.35390625 0.6842592592592592 0.030729166666666665 0.11851851851851852
0 0.31223958333333335 0.8185185185185185 0.0671875 0.07222222222222222
0 0.90234375 0.8092592592592592 0.044270833333333336 0.044444444444444446
0 0.062239583333333334 0.5370370370370371 0.03697916666666667 0.11851851851851852
0 0.34921875 0.7800925925925926 0.027604166666666666 0.06574074074074074
0 0.013802083333333333 0.7611111111111111 0.0265625 0.11296296296296296
0 0.8736979166666666 0.7666666666666667 0.024479166666666666 0.053703703703703705
0 0.09635416666666667 0.5662037037037037 0.03333333333333333 0.10648148148148148
0 0.05364583333333333 0.059722222222222225 0.026041666666666668 0.11388888888888889
0 0.04451566951566952 0.6936530547641659 0.05698005698005699 0.07043368154479257
0 0.017583689458689458 0.41745805634694527 0.03338675213675214 0.0830959164292498
