0 0.7895833333333333 0.6907407407407408 0.042708333333333334 0.10555555555555556
0 0.3671875 0.8731481481481481 0.06875 0.07962962962962963
0 0.75 0.6310185185185185 0.04583333333333333 0.12314814814814815
0 0.22604166666666667 0.5652777777777778 0.05520833333333333 0.06944444444444445
0 0.24322916666666666 0.40555555555555556 0.05625 0.13518518518518519
0 0.23958333333333334 0.8013888888888889 0.034375 0.09537037037037037
0 0.44140625 0.8175925925925925 0.0578125 0.09074074074074075
0 0.9270833333333334 0.6314814814814815 0.04895833333333333 0.08518518518518518
0 0.96484375 0.7685185185185185 0.0484375 0.05740740740740741
0 0.30703125 0.9277777777777778 0.0765625 0.08518518518518518
0 0.9481770833333333 0.7101851851851851 0.049479166666666664 0.053703703703703705
0 0.2747395833333333 0.612037037037037 0.0640625 0.11296296296296296
0 0.2877604166666667 0.8722222222222222 0.0703125 0.046296296296296294
0 0.9229166666666667 0.762962962962963 0.03125 0.12037037037037036
0 0.084375 0.7430555555555556 0.030208333333333334 0.08796296296296297
0 0.9885416666666667 0.8032407407407407 0.019791666666666666 0.07685185185185185
0 0.8309895833333333 0.7842592592592592 0.0359375 0.15
0 0.023177083333333334 0.6407407407407407 0.0328125 0.09259259259259259
0 0.03878147482014389 0.8172351008082422 0.04658772981614709 0.05351274535926812
0 0.042403577138289364 0.7847055688782307 0.029351518784972018 0.03597122302158271
0 0.04889838129496403 0.6297184474642509 0.031100119904076736 0.1283417710276223
