0 0.22760416666666666 0.5694444444444444 0.05416666666666667 0.09074074074074075
0 0.26796875 0.512962962962963 0.04635416666666667 0.11666666666666667
0 0.44427083333333334 0.8064814814814815 0.05416666666666667 0.08703703703703704
0 0.7432291666666667 0.6606481481481481 0.065625 0.12129629629629629
0 0.7880208333333333 0.6907407407407408 0.046875 0.09074074074074075
0 0.2596354166666667 0.6435185185185185 0.050520833333333334 0.10185185185185185
0 0.026041666666666668 0.6375 0.042708333333333334 0.08981481481481482
0 0.9145833333333333 0.7152777777777778 0.05625 0.06388888888888888
0 0.9315104166666667 0.637962962962963 0.049479166666666664 0.09074074074074075
0 0.24427083333333333 0.799537037037037 0.05625 0.09537037037037037
0 0.9526041666666667 0.7689814814814815 0.05625 0.05648148148148148
0 0.278125 0.9199074074074074 0.07395833333333333 0.10092592592592593
0 0.7450520833333333 0.8527777777777777 0.04739583333333333 0.12962962962962962
0 0.8903645833333333 0.6819444444444445 0.0005208333333333333 0.000925925925925926
0 0.29800988975356685 0.867920449632512 0.06221627756160828 0.050439544602968706
0 0.3216196498054475 0.8522481625594467 0.04336900129701687 0.04575587260412156
0 0.022981614708233414 0.8086863842259526 0.0432154276578737 0.04307664979127813
0 0.046025679456434855 0.793365307753797 0.03334832134292565 0.04396482813749003
