0 0.4583130674448768 0.5609597924773023 0.06748540856031132 0.12609886150742186
0 0.46044098573281456 0.8311716385646348 0.0607976653696498 0.02954316183888171
0 0.3423921854734112 0.716241533362156 0.053299286640726314 0.08286496613344863
0 0.4057230869001297 0.6848969592160254 0.06647211413748379 0.09007061536244418
0 0.44605220492866415 0.758214440121055 0.04174773022049288 0.11853292981697641
0 0.6987847222222221 0.7716049382716049 0.04888523391812865 0.11777128005198184
0 0.7257401315789472 0.6706871345029239 0.06624634502923972 0.08568875893437301
0 0.6325383771929824 0.6020549057829759 0.06487573099415206 0.10843079922027285
0 0.7910727339181285 0.6650016244314491 0.05619517543859646 0.12548732943469781
0 0.8089066537467701 0.8231648961623121 0.07065568475452201 0.0748875490477558
0 0.889656007751938 0.8175423485501006 0.04239341085271325 0.07608383577375821
0 0.9360868863049095 0.7073643410852714 0.052083333333333336 0.10838357737582542
0 0.9786148794142979 0.48006986314479855 0.040240094745908665 0.07967269595176571
0 0.8678536821705426 0.7216001531247008 0.05665913006029276 0.09809551153220394
0 0.8634124677002585 0.635108622834721 0.06930986218776916 0.08445784285577573
0 0.8436288759689923 0.3128289788496507 0.05235249784668395 0.11603981242224135
0 0.09516289893617019 0.7870370370370371 0.05845523049645389 0.06205673758865257
0 0.03712322695035461 0.7730003940110323 0.02992021276595745 0.04580378250591018
0 0.07978723404255318 0.722517730496454 0.02714982269503546 0.1014578408195429
