0 0.21744791666666666 0.5990740740740741 0.06510416666666667 0.08333333333333333
0 0.18255208333333334 0.49953703703703706 0.04635416666666667 0.09537037037037037
0 0.5190104166666667 0.737037037037037 0.0578125 0.11666666666666667
0 0.290625 0.7476851851851852 0.0625 0.0787037037037037
0 0.28515625 0.5467592592592593 0.0671875 0.11018518518518519
0 0.3338541666666667 0.9203703703703704 0.07291666666666667 0.08703703703703704
0 0.4158854166666667 0.6337962962962963 0.043229166666666666 0.12314814814814815
0 0.38776041666666666 0.7138888888888889 0.06197916666666667 0.09074074074074075
0 0.6791666666666667 0.6333333333333333 0.04791666666666667 0.10185185185185185
0 0.3143229166666667 0.8148148148148148 0.0609375 0.05
0 0.8528645833333334 0.8046296296296296 0.059895833333333336 0.05740740740740741
0 0.61953125 0.6583333333333333 0.06614583333333333 0.06481481481481481
0 0.09479166666666666 0.5856481481481481 0.052083333333333336 0.08796296296296297
0 0.096875 0.6962962962962963 0.041666666666666664 0.09444444444444444
0 0.8903645833333333 0.6226851851851852 0.0359375 0.08425925925925926
0 0.16953125 0.6069444444444444 0.04114583333333333 0.09722222222222222
0 0.023697916666666666 0.7189814814814814 0.044270833333333336 0.07685185185185185
0 0.22213541666666667 0.8027777777777778 0.05364583333333333 0.04814814814814815
0 0.05703125 0.7981481481481482 0.03177083333333333 0.06481481481481481
0 0.659375 0.8324074074074074 0.05 0.03518518518518519
0 0.07239583333333334 0.7666666666666667 0.041666666666666664 0.07407407407407407
0 0.8494791666666667 0.3736111111111111 0.030208333333333334 0.16018518518518518
0 0.13802083333333334 0.5773148148148148 0.025 0.08055555555555556
0 0.7217987804878049 0.8961382113821138 0.02858231707317079 0.0643631436314363
0 0.13820999334244366 0.8072725042923717 0.05760209713024283 0.05212165808192298
0 0.02166825699745547 0.782442748091603 0.03936068702290076 0.053717839977381936
0 0.13020833333333334 0.6591037602487984 0.03299936386768449 0.0897653378569409
