0 0.5434120124113474 0.6242612293144207 0.04958998226950359 0.10392040977147367
0 0.5956627377998345 0.8350565205403915 0.06255169561621171 0.0719143461078945
0 0.3146324441687344 0.565550041356493 0.06345636889991729 0.08707839353000647
0 0.1788083864118896 0.5579146025005897 0.032510615711252674 0.13092710544939842
0 0.1274714702760085 0.5829794762915782 0.027036889596602977 0.11028544468034919
0 0.23719479830148618 0.7556322245812691 0.05274681528662421 0.10232366124085862
0 0.18950703290870488 0.7877742392073602 0.032676486199575375 0.07342533616418968
0 0.08973593418259022 0.7921974522292994 0.0527468152866242 0.07047652748289684
0 0.034003450106157115 0.6922328379334749 0.02786624203821656 0.10881104033970278
0 0.8467688428874734 0.7007843831092239 0.06070859872611471 0.0592710544939844
0 0.9406515392781316 0.7183297947629157 0.04014065817409763 0.09849020995517806
0 0.9353436836518046 0.6515392781316348 0.04644373673036099 0.09524652040575608
0 0.9660297239915074 0.5055732484076433 0.04345806794055195 0.12591413069120072
0 0.27420343137254904 0.8169934640522876 0.04527505446623096 0.03510045993706125
