0 0.05520833333333333 0.8300925925925926 0.06354166666666666 0.07314814814814814
0 0.6028645833333334 0.6046296296296296 0.06302083333333333 0.10555555555555556
0 0.8104166666666667 0.8143518518518519 0.0625 0.05462962962962963
0 0.9395833333333333 0.7069444444444445 0.04895833333333333 0.10833333333333334
0 0.9317708333333333 0.8046296296296296 0.06145833333333333 0.06851851851851852
0 0.73515625 0.7185185185185186 0.06510416666666667 0.05925925925925926
0 0.9453125 0.5967592592592592 0.052083333333333336 0.0824074074074074
0 0.8947916666666667 0.6726851851851852 0.057291666666666664 0.09166666666666666
0 0.7984375 0.6638888888888889 0.058333333333333334 0.08518518518518518
0 0.10625 0.7875 0.036458333333333336 0.05277777777777778
0 0.6028645833333334 0.8203703703703704 0.06302083333333333 0.05925925925925926
0 0.15651041666666668 0.449537037037037 0.04635416666666667 0.125
0 0.24661458333333333 0.8115740740740741 0.05677083333333333 0.03981481481481482
0 0.06197916666666667 0.7703703703703704 0.030208333333333334 0.05
