0 0.5994791666666667 0.700925925925926 0.053125 0.1037037037037037
0 0.9372395833333333 0.7069444444444445 0.04739583333333333 0.10833333333333334
0 0.8466145833333333 0.8032407407407407 0.07239583333333334 0.06574074074074074
0 0.9486979166666667 0.8032407407407407 0.0328125 0.05277777777777778
0 0.803125 0.6814814814814815 0.046875 0.1037037037037037
0 0.34427083333333336 0.8282407407407407 0.05625 0.0712962962962963
0 0.6651041666666667 0.774537037037037 0.036458333333333336 0.10833333333333334
0 0.6276041666666666 0.7912037037037037 0.03125 0.10648148148148148
0 0.046875 0.6046296296296296 0.053125 0.1111111111111111
0 0.09479166666666666 0.6027777777777777 0.030208333333333334 0.12037037037037036
0 0.29791666666666666 0.8101851851851852 0.03854166666666667 0.05185185185185185
0 0.04348958333333333 0.7685185185185185 0.04114583333333333 0.053703703703703705
