0 0.23020833333333332 0.5393518518518519 0.04375 0.09166666666666666
0 0.13411458333333334 0.46064814814814814 0.044270833333333336 0.08611111111111111
0 0.2557291666666667 0.5745370370370371 0.04479166666666667 0.09722222222222222
0 0.54140625 0.4777777777777778 0.07239583333333334 0.09074074074074075
0 0.1796875 0.5393518518518519 0.041666666666666664 0.11574074074074074
0 0.20286458333333332 0.8972222222222223 0.0005208333333333333 0.0
0 0.50234375 0.8060185185185185 0.06927083333333334 0.06388888888888888
0 0.21901041666666668 0.950462962962963 0.0859375 0.08796296296296297
0 0.35130208333333335 0.9078703703703703 0.0640625 0.09166666666666666
0 0.7528645833333333 0.6592592592592592 0.0578125 0.1037037037037037
0 0.634375 0.6921296296296297 0.04375 0.11944444444444445
0 0.70625 0.6726851851851852 0.04479166666666667 0.12314814814814815
0 0.04088541666666667 0.6310185185185185 0.04010416666666667 0.08796296296296297
0 0.045572916666666664 0.5347222222222222 0.05260416666666667 0.08055555555555556
0 0.13932291666666666 0.7314814814814815 0.03802083333333333 0.10740740740740741
0 0.23828125 0.7226851851851852 0.06614583333333333 0.06388888888888888
0 0.0515625 0.7537037037037037 0.034375 0.09074074074074075
0 0.01640625 0.8027777777777778 0.03177083333333333 0.06851851851851852
0 0.01875 0.7050925925925926 0.034375 0.08055555555555556
0 0.564807884231537 0.5383677090263917 0.06674151696606791 0.054335772898647126
0 0.5885104790419162 0.6018518518518519 0.04553393213572861 0.07374140607673538
0 0.22402510683760682 0.7989078822412156 0.02337072649572649 0.045109211775878455
0 0.22602831196581194 0.8710232668566001 0.05341880341880341 0.05163817663817659
0 0.15746690031152646 0.8099688473520248 0.03358644859813085 0.024229837313949443
