0 0.4465348639455782 0.7265684051398337 0.061011904761904746 0.11678004535147389
0 0.588329081632653 0.5891912320483749 0.08864795918367345 0.12925170068027209
0 0.6522108843537414 0.640400604686319 0.06037414965986396 0.14701436130007564
0 0.6059736394557823 0.7981859410430839 0.07674319727891164 0.11564625850340128
0 0.6801658163265306 0.40948601662887374 0.07376700680272101 0.11602418745275887
0 0.8756377551020408 0.8057445200302342 0.07100340136054419 0.10430839002267571
0 0.935374149659864 0.70578231292517 0.05187074829931966 0.1130007558578987
0 0.8112244897959183 0.7052154195011338 0.05272108843537424 0.12320483749055176
0 0.7428784013605442 0.6976568405139832 0.057185374149659886 0.13529856386999253
0 0.33067602040816324 0.8992819349962207 0.09375 0.12207105064247925
0 0.1914328231292517 0.814625850340136 0.07079081632653059 0.11678004535147389
0 0.07727465986394556 0.7040816326530611 0.05165816326530612 0.07785336356764927
0 0.9629039115646257 0.45294784580498865 0.06526360544217684 0.1447467876039304
