0 0.23880208333333333 0.9449074074074074 0.06927083333333334 0.09351851851851851
0 0.09140625 0.8185185185185185 0.0515625 0.07592592592592592
0 0.02265625 0.8467592592592592 0.044270833333333336 0.0787037037037037
0 0.26119791666666664 0.6875 0.0359375 0.125
0 0.8604166666666667 0.7018518518518518 0.03854166666666667 0.1111111111111111
0 0.028125 0.6203703703703703 0.052083333333333336 0.10740740740740741
0 0.20520833333333333 0.825925925925926 0.05 0.06481481481481481
0 0.9286458333333333 0.6370370370370371 0.04479166666666667 0.12222222222222222
0 0.14947916666666666 0.5944444444444444 0.040625 0.07037037037037037
0 0.8138020833333334 0.7268518518518519 0.05364583333333333 0.0962962962962963
0 0.64375 0.7541666666666667 0.053125 0.09722222222222222
0 0.15651041666666668 0.7185185185185186 0.03697916666666667 0.1
0 0.08385416666666666 0.7222222222222222 0.035416666666666666 0.09444444444444444
0 0.21223958333333334 0.6416666666666667 0.0484375 0.11481481481481481
0 0.7458333333333333 0.7337962962962963 0.042708333333333334 0.1175925925925926
0 0.038802083333333334 0.7930555555555555 0.04010416666666667 0.05277777777777778
0 0.15859375 0.8240740740740741 0.025520833333333333 0.037037037037037035
0 0.6911458333333333 0.8680555555555556 0.035416666666666666 0.021296296296296296
0 0.12773992890995262 0.5033350886431456 0.03332345971563981 0.10531858873091103
0 0.5000987361769352 0.5599438300860101 0.040975513428120065 0.14832367912936636
0 0.4346690853122252 0.8012068797029219 0.03408091468777486 0.12190950845304403
0 0.9066800458715595 0.8448012232415901 0.05463175331294596 0.03312945973496434
