0 0.27299234330484334 0.8131528964862299 0.06521545584045588 0.06331117442228552
0 0.17183048433048434 0.8408515352959798 0.061431623931623935 0.08784425451092122
0 0.08558137464387465 0.7929724596391263 0.05008012820512821 0.07597340930674258
0 0.09993767806267807 0.7031497309275088 0.022702991452991452 0.09734093067426397
0 0.03872863247863248 0.693059512503957 0.046296296296296294 0.049461855017410614
0 0.06721866096866097 0.7446976891421337 0.03472222222222223 0.07834757834757837
0 0.28149162371134023 0.42859870179457804 0.08295747422680415 0.10691103474608628
0 0.8405820446735395 0.6615120274914089 0.03919673539518899 0.12886597938144326
0 0.8891752577319587 0.8187762504772814 0.049935567010309254 0.09402443680794192
0 0.9364261168384881 0.7047059946544483 0.04832474226804126 0.11693394425353197
0 0.9258215206185568 0.5653398243604429 0.053962628865979315 0.08543337151584572
