0 0.12864583333333332 0.8027777777777778 0.059375 0.07592592592592592
0 0.034895833333333334 0.8305555555555556 0.06041666666666667 0.07962962962962963
0 0.93828125 0.7078703703703704 0.04635416666666667 0.11018518518518519
0 0.9091145833333333 0.6412037037037037 0.05572916666666667 0.0787037037037037
0 0.90234375 0.8143518518518519 0.05677083333333333 0.06759259259259259
0 0.07942708333333333 0.7782407407407408 0.0453125 0.075
0 0.7932291666666667 0.6722222222222223 0.04895833333333333 0.10740740740740741
0 0.81484375 0.750462962962963 0.06510416666666667 0.05092592592592592
0 0.6184895833333334 0.6365740740740741 0.0703125 0.075
0 0.22916666666666666 0.8125 0.04583333333333333 0.030555555555555555
0 0.8080729166666667 0.8268518518518518 0.058854166666666666 0.02962962962962963
0 0.9343610491071428 0.5551421957671957 0.06301153273809526 0.1066468253968254
