0 0.2525436046511628 0.44806919322423194 0.07348191214470286 0.13027562446167093
0 0.16059027777777776 0.8460274790919952 0.07588485663082438 0.08213859020310636
0 0.27665770609318996 0.8071983273596176 0.05600358422939067 0.06919553962564717
0 0.04942316308243728 0.6954400637196335 0.059643817204301085 0.06869772998805261
0 0.108086917562724 0.7735961768219833 0.04536290322580645 0.07865392273994419
0 0.046191553544494716 0.7595944360650243 0.023567119155354446 0.07625272331154687
0 0.8378092447916666 0.6667148919753086 0.04855685763888893 0.1210455246913581
0 0.8878580729166666 0.8195891203703703 0.06130642361111107 0.09403935185185185
0 0.9380425347222222 0.7052951388888888 0.047743055555555476 0.12104552469135799
0 0.9117296006944445 0.5818383487654322 0.06293402777777773 0.10271990740740741
0 0.741635101010101 0.26038159371492703 0.036300505050505076 0.13804713804713806
