0 0.5234375 0.937037037037037 0.10208333333333333 0.0962962962962963
0 0.17604166666666668 0.8310185185185185 0.06145833333333333 0.075
0 0.32395833333333335 0.9171296296296296 0.06875 0.09166666666666666
0 0.17838541666666666 0.4601851851851852 0.058854166666666666 0.07222222222222222
0 0.14375 0.524074074074074 0.058333333333333334 0.07407407407407407
0 0.3890625 0.7680555555555556 0.03958333333333333 0.11018518518518519
0 0.08619791666666667 0.7921296296296296 0.0484375 0.06574074074074074
0 0.98203125 0.7078703703703704 0.0005208333333333333 0.000925925925925926
0 0.30625 0.799074074074074 0.030208333333333334 0.07407407407407407
0 0.3807291666666667 0.674537037037037 0.06145833333333333 0.09351851851851851
0 0.5794270833333334 0.7138888888888889 0.06197916666666667 0.08333333333333333
0 0.5989583333333334 0.5768518518518518 0.03958333333333333 0.1388888888888889
0 0.4549479166666667 0.6648148148148149 0.0671875 0.10740740740740741
0 0.09817708333333333 0.6217592592592592 0.0453125 0.08611111111111111
0 0.5276041666666667 0.6717592592592593 0.040625 0.11944444444444445
0 0.17552083333333332 0.6449074074074074 0.065625 0.0712962962962963
0 0.12421875 0.7620370370370371 0.04114583333333333 0.07407407407407407
0 0.2359375 0.5166666666666667 0.06875 0.09444444444444444
0 0.21380208333333334 0.8041666666666667 0.0359375 0.05277777777777778
0 0.1890625 0.5504629629629629 0.04583333333333333 0.0824074074074074
0 0.5580729166666667 0.25925925925925924 0.05260416666666667 0.12222222222222222
0 0.6627604166666666 0.8333333333333334 0.0390625 0.03333333333333333
0 0.012239583333333333 0.7930555555555555 0.022395833333333334 0.08796296296296297
0 0.9815104166666667 0.7069444444444445 0.0296875 0.03611111111111111
0 0.011695359281437128 0.703315591040142 0.02027195608782435 0.057108006209802574
0 0.5440681137724551 0.8058882235528942 0.059568363273453134 0.06487025948103788
0 0.852363782051282 0.588497150997151 0.05408653846153844 0.07419278252611593
0 0.7709023178807947 0.3620922246750061 0.04690949227373065 0.11221486387049304
