0 0.171875 0.8425925925925926 0.05416666666666667 0.07962962962962963
0 0.09765625 0.7773148148148148 0.03177083333333333 0.06388888888888888
0 0.9375 0.7083333333333334 0.04895833333333333 0.1111111111111111
0 0.8010416666666667 0.6833333333333333 0.0625 0.08148148148148149
0 0.7291666666666666 0.6768518518518518 0.059375 0.08518518518518518
0 0.140625 0.7837962962962963 0.035416666666666666 0.058333333333333334
0 0.020833333333333332 0.7763888888888889 0.030208333333333334 0.075
0 0.8770833333333333 0.02962962962962963 0.057291666666666664 0.05555555555555555
0 0.23359375 0.8189814814814815 0.0015625 0.000925925925925926
0 0.19479166666666667 0.8 0.05520833333333333 0.05
0 0.3924479166666667 0.47129629629629627 0.03802083333333333 0.1259259259259259
0 0.3377604166666667 0.7138888888888889 0.0484375 0.11296296296296296
0 0.31484375 0.700462962962963 0.034895833333333334 0.09166666666666666
