0 0.12890625 0.7888888888888889 0.03697916666666667 0.053703703703703705
0 0.05130208333333333 0.8393518518518519 0.0453125 0.09166666666666666
0 0.1390625 0.6814814814814815 0.035416666666666666 0.10185185185185185
0 0.78671875 0.7143518518518519 0.0515625 0.09166666666666666
0 0.8171875 0.6157407407407407 0.05416666666666667 0.10925925925925926
0 0.8643229166666667 0.8046296296296296 0.04739583333333333 0.09074074074074075
0 0.7955729166666666 0.8217592592592593 0.0609375 0.04351851851851852
0 0.8765625 0.4263888888888889 0.03854166666666667 0.09351851851851851
0 0.23255208333333333 0.6703703703703704 0.028645833333333332 0.10740740740740741
0 0.07213541666666666 0.6888888888888889 0.0265625 0.09814814814814815
0 0.9408854166666667 0.7087962962962963 0.044270833333333336 0.10648148148148148
0 0.17916666666666667 0.749537037037037 0.03854166666666667 0.09722222222222222
0 0.20130208333333333 0.8037037037037037 0.05260416666666667 0.04259259259259259
0 0.023958333333333335 0.7537037037037037 0.03333333333333333 0.07407407407407407
0 0.012239583333333333 0.8425925925925926 0.0234375 0.07037037037037037
0 0.9071522309711286 0.6712962962962963 0.041215551181102345 0.11446485855934682
0 0.829922124600639 0.4373742752337002 0.06240015974440898 0.1280913501360786
