0 0.23411458333333332 0.8356481481481481 0.0671875 0.07314814814814814
0 0.7625 0.850925925925926 0.053125 0.044444444444444446
0 0.8947916666666667 0.7129629629629629 0.04375 0.1
0 0.34713541666666664 0.7407407407407407 0.0671875 0.08703703703703704
0 0.9419270833333333 0.5898148148148148 0.059895833333333336 0.11851851851851852
0 0.76171875 0.7967592592592593 0.03177083333333333 0.05092592592592592
0 0.4114583333333333 0.7717592592592593 0.035416666666666666 0.10648148148148148
0 0.04453125 0.7930555555555555 0.04739583333333333 0.05462962962962963
0 0.01484375 0.9185185185185185 0.0296875 0.07962962962962963
0 0.7921875 0.7597222222222222 0.029166666666666667 0.10277777777777777
0 0.3763020833333333 0.8384259259259259 0.07239583333333334 0.06018518518518518
0 0.8427083333333333 0.7412037037037037 0.035416666666666666 0.0712962962962963
0 0.13984224470134876 0.5630485977306787 0.039438824662813086 0.10490259045172334
0 0.0928769267822736 0.8014879040890602 0.033417630057803474 0.06583172768143868
0 0.011590799614643545 0.8001498608435025 0.021977360308285163 0.04281738385784634
0 0.4476351351351351 0.8121871871871871 0.03744369369369374 0.1223723723723724
0 0.9789737654320987 0.4894179894179894 0.03058862433862437 0.0979815794630609
