0 0.9109375 0.736574074074074 0.04895833333333333 0.0787037037037037
0 0.9075520833333334 0.6648148148148149 0.043229166666666666 0.1037037037037037
0 0.4609375 0.8032407407407407 0.06041666666666667 0.09537037037037037
0 0.21666666666666667 0.8046296296296296 0.036458333333333336 0.09444444444444444
0 0.09973958333333334 0.32037037037037036 0.05260416666666667 0.11851851851851852
0 0.1 0.8342592592592593 0.058333333333333334 0.08333333333333333
0 0.11588541666666667 0.6703703703703704 0.027604166666666666 0.10925925925925926
0 0.8979166666666667 0.8277777777777777 0.04895833333333333 0.06296296296296296
0 0.07317708333333334 0.6912037037037037 0.04114583333333333 0.09722222222222222
0 0.17630208333333333 0.7129629629629629 0.043229166666666666 0.14629629629629629
0 0.03463541666666667 0.7925925925925926 0.0359375 0.05
0 0.13776041666666666 0.8097222222222222 0.028645833333333332 0.049074074074074076
0 0.12005208333333334 0.5462962962962963 0.03177083333333333 0.14629629629629629
0 0.05751382306477093 0.8109531332280148 0.025177725118483412 0.06670177286291029
