0 0.5492989260143197 0.6487006099177935 0.06985879077167863 0.09480243967117483
0 0.7618585918854415 0.6585344294174842 0.06190334128878282 0.09325554671616729
0 0.13385619325551232 0.7946029687274824 0.05613651102464332 0.08250468367199894
0 0.17063878080415046 0.7737065859633954 0.04458495460440988 0.10340106643608593
0 0.026852302204928666 0.8007277705721286 0.05370460440985733 0.0897103329009944
0 0.038809176394293134 0.44566940481337375 0.04884079118028535 0.11384925781812943
0 0.3969074254215305 0.8583729644040928 0.07275453955901424 0.09691598212998995
0 0.45638780804150453 0.8324326271797089 0.058365758754863786 0.07313733967430465
0 0.45829665492957744 0.6892279603547209 0.0352112676056338 0.1441053729786124
0 0.6578499455337691 0.7821955942870976 0.06229575163398688 0.11679980634229002
0 0.8785347847847848 0.8202647091535981 0.03065565565565566 0.05894783672561451
0 0.9338244494494494 0.7052886219552886 0.05583708708708705 0.11038816594372149
0 0.9706581581581581 0.7937103770437103 0.04942442442442439 0.07813368924480034
0 0.9844219219219219 0.5005005005005004 0.02971721721721714 0.127905683461239
0 0.863597972972973 0.03906684462240018 0.04801676676676673 0.07646535424313201
0 0.3866507697456492 0.6399672765134612 0.05292001338688088 0.12494422132976347
0 0.23929049531459168 0.5570429867618623 0.03346720214190094 0.12568793693291685
