0 0.27369791666666665 0.5370370370370371 0.04635416666666667 0.10740740740740741
0 0.12916666666666668 0.4513888888888889 0.04583333333333333 0.09907407407407408
0 0.5244791666666667 0.5421296296296296 0.06979166666666667 0.10833333333333334
0 0.771875 0.6773148148148148 0.06354166666666666 0.10277777777777777
0 0.18151041666666667 0.8430555555555556 0.07135416666666666 0.09351851851851851
0 0.5716145833333334 0.4601851851851852 0.06927083333333334 0.0962962962962963
0 0.5307291666666667 0.7870370370370371 0.06770833333333333 0.06851851851851852
0 0.03802083333333333 0.6324074074074074 0.046875 0.07592592592592592
0 0.18098958333333334 0.48009259259259257 0.058854166666666666 0.10462962962962963
0 0.5708333333333333 0.6263888888888889 0.06770833333333333 0.075
0 0.22760416666666666 0.5300925925925926 0.04791666666666667 0.07314814814814814
0 0.12994791666666666 0.6976851851851852 0.04739583333333333 0.1175925925925926
0 0.05364583333333333 0.45694444444444443 0.027083333333333334 0.10277777777777777
0 0.65 0.6981481481481482 0.04479166666666667 0.12777777777777777
0 0.28515625 0.8157407407407408 0.0234375 0.05
0 0.015104166666666667 0.7722222222222223 0.029166666666666667 0.11851851851851852
0 0.4005208333333333 0.6796296296296296 0.04479166666666667 0.1111111111111111
0 0.0203125 0.7148148148148148 0.0375 0.06851851851851852
0 0.33302919708029194 0.9489051094890509 0.07527372262773722 0.054068667207353316
0 0.34899635036496346 0.8955123006217897 0.06538929440389296 0.05947553392808863
0 0.2058864653243848 0.7115336813323391 0.027265100671140925 0.0981854337559035
0 0.08251953125 0.4866898148148148 0.0224609375 0.1111111111111111
0 0.7138206845238095 0.6611000881834215 0.029451884920634917 0.089836860670194
