0 0.24036458333333333 0.8407407407407408 0.0640625 0.07777777777777778
0 0.8971354166666666 0.6912037037037037 0.05677083333333333 0.11203703703703703
0 0.8302083333333333 0.7930555555555555 0.04895833333333333 0.10277777777777777
0 0.6411458333333333 0.8356481481481481 0.05625 0.0824074074074074
0 0.8395833333333333 0.6050925925925926 0.057291666666666664 0.09907407407407408
0 0.07578125 0.5842592592592593 0.05677083333333333 0.09444444444444444
0 0.08854166666666667 0.711574074074074 0.04791666666666667 0.062037037037037036
0 0.12291666666666666 0.5055555555555555 0.057291666666666664 0.10185185185185185
0 0.20859375 0.7388888888888889 0.044270833333333336 0.08888888888888889
0 0.14375 0.7671296296296296 0.04583333333333333 0.09166666666666666
0 0.07838541666666667 0.7958333333333333 0.0265625 0.05648148148148148
0 0.95234375 0.5981481481481481 0.049479166666666664 0.1111111111111111
0 0.2453125 0.6768518518518518 0.052083333333333336 0.09074074074074075
0 0.9583333333333334 0.8185185185185185 0.030208333333333334 0.06296296296296296
0 0.040625 0.7962962962962963 0.04479166666666667 0.06296296296296296
0 0.059895833333333336 0.7509259259259259 0.028125 0.05185185185185185
0 0.9635416666666666 0.7689814814814815 0.034375 0.0787037037037037
0 0.5932291666666667 0.6351851851851852 0.0375 0.14629629629629629
0 0.7833333333333333 0.8458333333333333 0.04375 0.049074074074074076
0 0.7385416666666667 0.8574074074074074 0.03125 0.03148148148148148
0 0.1703125 0.28888888888888886 0.04479166666666667 0.08148148148148149
0 0.17248019366197187 0.6706442357850809 0.03466109154929577 0.103677621283255
0 0.6114289906103286 0.5209963484611372 0.06382042253521121 0.09259259259259259
0 0.9232723577235773 0.4957091237579044 0.0625 0.04200542005420055
