0 0.10920698924731183 0.46236559139784944 0.046370967741935484 0.13022700119474312
0 0.490579044117647 0.45377178649237465 0.07735906862745097 0.10757080610021788
0 0.2557160048134777 0.7958951731514908 0.05753610108303248 0.10295494050006684
0 0.30902151022864016 0.8199625618398182 0.06261281588447651 0.10696617194812146
0 0.8467805415617129 0.8223714898777871 0.07228694374475222 0.07836551917156448
0 0.8227067590260285 0.7388748950461796 0.06034844668345928 0.08536244052616848
0 0.8509786943744753 0.6367198432689617 0.04814756507136859 0.1292098143483533
0 0.9367784424853063 0.7082050564418322 0.04526133501259449 0.11778150946916695
0 0.9791535474391267 0.5413284821345274 0.04053841309823672 0.08023136486612564
0 0.03370515440508628 0.8977949338984761 0.06655881017257038 0.09864769401554144
0 0.0908974795640327 0.6965889595317388 0.024267711171662133 0.07770713492784338
0 0.09699988646684833 0.7732869108890909 0.040162352406902815 0.12513876274094254
0 0.014688351498637602 0.7572661217075386 0.028809037238873753 0.14607932182864072
