0 0.26588541666666665 0.5560185185185185 0.06302083333333333 0.09537037037037037
0 0.18880208333333334 0.4930555555555556 0.0546875 0.08981481481481482
0 0.6921875 0.9231481481481482 0.06979166666666667 0.10925925925925926
0 0.26901041666666664 0.7328703703703704 0.049479166666666664 0.09907407407407408
0 0.6130208333333333 0.6546296296296297 0.052083333333333336 0.09444444444444444
0 0.4200520833333333 0.625462962962963 0.04739583333333333 0.14166666666666666
0 0.3065104166666667 0.7976851851851852 0.033854166666666664 0.07685185185185185
0 0.6526041666666667 0.8291666666666667 0.05520833333333333 0.04537037037037037
0 0.8921875 0.6101851851851852 0.03854166666666667 0.07962962962962963
0 0.2296875 0.8041666666666667 0.04895833333333333 0.04537037037037037
0 0.3338541666666667 0.9185185185185185 0.071875 0.09074074074074075
0 0.43984375 0.787962962962963 0.05572916666666667 0.0962962962962963
0 0.19765625 0.6013888888888889 0.06302083333333333 0.08055555555555556
0 0.13020833333333334 0.5875 0.025 0.09907407407407408
0 0.6859375 0.6578703703703703 0.059375 0.06944444444444445
0 0.053125 0.7953703703703704 0.034375 0.07222222222222222
0 0.51875 0.7152777777777778 0.034375 0.12129629629629629
0 0.09114583333333333 0.5796296296296296 0.052083333333333336 0.07962962962962963
0 0.15 0.8157407407407408 0.05416666666666667 0.07777777777777778
0 0.15885416666666666 0.6 0.030208333333333334 0.10740740740740741
0 0.8528645833333334 0.2222222222222222 0.0484375 0.10555555555555556
0 0.022916666666666665 0.717264165875277 0.040625 0.058333333333333334
0 0.019010416666666665 0.7615740740740741 0.034895833333333334 0.030555555555555555
0 0.019791666666666666 0.8029123140234251 0.036458333333333336 0.046296296296296294
0 0.8480301155115513 0.8053722038870553 0.0438325082508251 0.04308764209754309
0 0.12539628623188406 0.7744565217391305 0.035665760869565216 0.06944444444444445
0 0.08575504246284502 0.7867421561689076 0.0348328025477707 0.03892427459306441
0 0.963976903435469 0.7854895285257402 0.040186861652739124 0.07299081811616633
