0 0.1734375 0.8722222222222222 0.08020833333333334 0.08333333333333333
0 0.94140625 0.7087962962962963 0.043229166666666666 0.11203703703703703
0 0.9463541666666667 0.3111111111111111 0.06354166666666666 0.0962962962962963
0 0.9752604166666666 0.8069444444444445 0.0484375 0.0712962962962963
0 0.940625 0.41203703703703703 0.04895833333333333 0.12037037037037036
0 0.8809895833333333 0.325 0.06302083333333333 0.07037037037037037
0 0.038802083333333334 0.7055555555555556 0.025520833333333333 0.1
0 0.8677083333333333 0.41574074074074074 0.04375 0.1
0 0.08151041666666667 0.7342592592592593 0.025520833333333333 0.09259259259259259
0 0.7455729166666667 0.8282407407407407 0.03177083333333333 0.03611111111111111
0 0.014583333333333334 0.3486111111111111 0.028125 0.10277777777777777
0 0.011197916666666667 0.8134259259259259 0.0203125 0.075
0 0.33932291666666664 0.6291666666666667 0.049479166666666664 0.1175925925925926
0 0.8135279605263157 0.5393518518518519 0.0579769736842105 0.14595516569200775
0 0.07795859957401491 0.6485918826174417 0.0457601171458999 0.09318423855165074
