0 0.9807291666666667 0.487962962962963 0.0375 0.12777777777777777
0 0.8044270833333333 0.4444444444444444 0.0765625 0.12222222222222222
0 0.8536458333333333 0.6532407407407408 0.058333333333333334 0.10648148148148148
0 0.15651041666666668 0.6069444444444444 0.049479166666666664 0.08796296296296297
0 0.24427083333333333 0.8527777777777777 0.05520833333333333 0.08518518518518518
0 0.6578125 0.3939814814814815 0.06875 0.10092592592592593
0 0.07890625 0.24861111111111112 0.04010416666666667 0.125
0 0.8861979166666667 0.7532407407407408 0.0421875 0.10092592592592593
0 0.9411458333333333 0.7180555555555556 0.03958333333333333 0.10648148148148148
0 0.17760416666666667 0.825925925925926 0.04375 0.08333333333333333
0 0.13098958333333333 0.8037037037037037 0.0515625 0.07037037037037037
0 0.7119791666666667 0.812962962962963 0.03229166666666667 0.07222222222222222
0 0.13098958333333333 0.5115740740740741 0.028645833333333332 0.11388888888888889
0 0.98515625 0.8759259259259259 0.027604166666666666 0.09259259259259259
0 0.9903645833333333 0.7560185185185185 0.018229166666666668 0.11388888888888889
0 0.8717902131782945 0.09025983347688775 0.08498869509043926 0.13099339649727249
