0 0.2424991096866097 0.5678220955998734 0.06298967236467237 0.16302627413738516
0 0.19887375356125359 0.8547008547008547 0.06699608262108263 0.09180120291231407
0 0.06699608262108263 0.7425213675213675 0.0458511396011396 0.11752136752136762
0 0.09760060541310542 0.767252295030073 0.027377136752136755 0.08309591642924974
0 0.12542289886039887 0.7579534662867997 0.029602920227920215 0.11356441911997477
0 0.022702991452991452 0.554764165875277 0.039173789173789185 0.12108262108262104
0 0.0645477207977208 0.5424976258309592 0.034722222222222224 0.1171256726812283
0 0.8325785024154589 0.6676060118089104 0.060889694041867885 0.12032563964931119
0 0.885794082125604 0.8214796922526392 0.06516706924315621 0.08722490606548576
0 0.9347322866344606 0.7062980855251388 0.051831723027375175 0.12077294685990336
0 0.899255233494364 0.5779209160851673 0.06944444444444452 0.09840758633029159
