0 0.23560338050314467 0.48807651991614254 0.05355738993710692 0.13757861635220117
0 0.1903044871794872 0.8489632795188351 0.05876068376068376 0.08665716999050338
0 0.2886841168091169 0.8026669832225389 0.04718660968660971 0.07399493510604621
0 0.09526353276353276 0.6435976574865465 0.04362535612535613 0.11039886039886035
0 0.06209935897435898 0.4855175688509022 0.0645477207977208 0.13057929724596393
0 0.10750534188034187 0.7642845837290282 0.036948005698005694 0.09061411839189612
0 0.14100338319088318 0.7729898702120924 0.029157763532763527 0.08744855967078191
0 0.04896723646723647 0.7193732193732194 0.05475427350427351 0.11633428300094967
0 0.8858618233618234 0.8222538778094334 0.06499287749287745 0.08784425451092122
0 0.8334446225071226 0.6623931623931625 0.05987357549857559 0.12978790756568537
0 0.899105235042735 0.5749446027223806 0.05586716524216525 0.10288065843621397
0 0.9375 0.7100743906299463 0.04629629629629631 0.11435580880025319
