0 0.061197916666666664 0.8342592592592593 0.06822916666666666 0.08148148148148149
0 0.94296875 0.6217592592592592 0.0578125 0.06018518518518518
0 0.8809895833333333 0.8148148148148148 0.06302083333333333 0.05555555555555555
0 0.9390625 0.7078703703703704 0.04583333333333333 0.10833333333333334
0 0.9098958333333333 0.5333333333333333 0.052083333333333336 0.08148148148148149
0 0.2203125 0.799537037037037 0.059375 0.062037037037037036
0 0.8442708333333333 0.7143518518518519 0.05625 0.11018518518518519
0 0.16901041666666666 0.8046296296296296 0.06197916666666667 0.07407407407407407
0 0.809375 0.8162037037037037 0.053125 0.05092592592592592
0 0.6565104166666667 0.6560185185185186 0.06822916666666666 0.075
0 0.7958333333333333 0.6699074074074074 0.040625 0.11944444444444445
0 0.16822916666666668 0.5773148148148148 0.036458333333333336 0.1175925925925926
0 0.023958333333333335 0.7722222222222223 0.036458333333333336 0.05925925925925926
0 0.19506682389937105 0.6992487770789657 0.053066037735849066 0.13277428371767996
