0 0.12786458333333334 0.8689814814814815 0.07864583333333333 0.09166666666666666
0 0.15572916666666667 0.5555555555555556 0.04895833333333333 0.08333333333333333
0 0.34791666666666665 0.9106481481481481 0.078125 0.08611111111111111
0 0.8700520833333333 0.7875 0.0453125 0.08981481481481482
0 0.10989583333333333 0.7180555555555556 0.05520833333333333 0.09537037037037037
0 0.6307291666666667 0.5898148148148148 0.04479166666666667 0.13148148148148148
0 0.7109375 0.4046296296296296 0.07291666666666667 0.07777777777777778
0 0.7190104166666667 0.6180555555555556 0.07239583333333334 0.13796296296296295
0 0.28177083333333336 0.6615740740740741 0.0625 0.08055555555555556
0 0.3145833333333333 0.5833333333333334 0.06041666666666667 0.1111111111111111
0 0.03125 0.6217592592592592 0.029166666666666667 0.10092592592592593
0 0.36822916666666666 0.6532407407407408 0.059375 0.08611111111111111
0 0.07057291666666667 0.600925925925926 0.030729166666666665 0.09259259259259259
0 0.04453125 0.8375 0.06614583333333333 0.0824074074074074
0 0.024739583333333332 0.7342592592592593 0.04010416666666667 0.1
0 0.0109375 0.7300925925925926 0.019791666666666666 0.07685185185185185
0 0.9346354166666667 0.8092592592592592 0.03802083333333333 0.03148148148148148
0 0.07056451612903226 0.5058990442054958 0.021001344086021508 0.09483273596176824
0 0.10374663978494623 0.43234767025089604 0.022681451612903233 0.09707287933094388
0 0.153309811827957 0.4416816009557945 0.04032258064516128 0.07243130227001192
0 0.287088373655914 0.7747162485065712 0.028141801075268803 0.10229988052568699
0 0.6840861344537816 0.49914410208527854 0.043767507002801055 0.10504201680672265
0 0.9628028959810876 0.4524560021013922 0.03287529550827415 0.08668242710795905
