0 0.25251513532763536 0.5789015511237734 0.0701121794871795 0.15432098765432095
0 0.2042156339031339 0.8537116176005066 0.05764779202279202 0.10644191199746761
0 0.12631321225071226 0.7573599240265908 0.02782229344729344 0.11316872427983535
0 0.07779113247863248 0.7484567901234568 0.03405448717948719 0.10723330167774613
0 0.09760060541310542 0.7743748021525799 0.027377136752136755 0.06647673314339984
0 0.06432514245014245 0.5589189616967396 0.03739316239316239 0.11356441911997465
0 0.02492877492877493 0.5834520417853751 0.027154558404558403 0.11119025007913898
0 0.8336103723404255 0.6619385342789598 0.05429964539007095 0.11623325453112696
0 0.9005489864864864 0.5849599599599599 0.0840371621621621 0.10735735735735735
0 0.8864020270270269 0.823073073073073 0.0695382882882883 0.09109109109109105
0 0.9365699404761904 0.7089120370370371 0.04324776785714282 0.1256613756613756
