0 0.13984375 0.7726851851851851 0.05364583333333333 0.08611111111111111
0 0.9419270833333333 0.7078703703703704 0.043229166666666666 0.11388888888888889
0 0.048177083333333336 0.836574074074074 0.0578125 0.08055555555555556
0 0.8778645833333333 0.8134259259259259 0.059895833333333336 0.062037037037037036
0 0.7947916666666667 0.5689814814814815 0.0625 0.12129629629629629
0 0.9541666666666667 0.5699074074074074 0.05 0.10277777777777777
0 0.903125 0.6361111111111111 0.06041666666666667 0.10185185185185185
0 0.73359375 0.7337962962962963 0.0609375 0.1175925925925926
0 0.14322916666666666 0.21574074074074073 0.042708333333333334 0.13518518518518519
0 0.18125 0.6782407407407407 0.029166666666666667 0.09907407407407408
0 0.8755208333333333 0.41574074074074074 0.03333333333333333 0.10185185185185185
0 0.08255208333333333 0.6865740740740741 0.03177083333333333 0.11388888888888889
0 0.053125 0.7273148148148149 0.030208333333333334 0.09907407407407408
0 0.0171875 0.7537037037037037 0.03229166666666667 0.08148148148148149
0 0.277099609375 0.7132523148148148 0.03662109375 0.12056327160493831
0 0.8464465130023641 0.33868531652219597 0.06648936170212766 0.12509850275807727
