0 0.9723958333333333 0.38287037037037036 0.052083333333333336 0.09166666666666666
0 0.36015625 0.9046296296296297 0.0671875 0.09814814814814815
0 0.75390625 0.4550925925925926 0.06822916666666666 0.10277777777777777
0 0.303125 0.5791666666666667 0.051041666666666666 0.09351851851851851
0 0.11171875 0.8458333333333333 0.05364583333333333 0.08425925925925926
0 0.3265625 0.6648148148148149 0.057291666666666664 0.07962962962962963
0 0.82265625 0.48703703703703705 0.06614583333333333 0.09444444444444444
0 0.09375 0.6763888888888889 0.04895833333333333 0.10833333333333334
0 0.11953125 0.5726851851851852 0.05677083333333333 0.08425925925925926
0 0.2713541666666667 0.6361111111111111 0.04583333333333333 0.08703703703703704
0 0.14765625 0.41064814814814815 0.0546875 0.08981481481481482
0 0.14791666666666667 0.8138888888888889 0.05 0.06296296296296296
0 0.28359375 0.7416666666666667 0.05260416666666667 0.1
0 0.011458333333333333 0.7759259259259259 0.0 0.001851851851851852
0 0.03463541666666667 0.6314814814814815 0.0453125 0.1
0 0.68828125 0.6129629629629629 0.06197916666666667 0.07407407407407407
0 0.6221354166666667 0.6203703703703703 0.0578125 0.1111111111111111
0 0.92265625 0.8078703703703703 0.0359375 0.04537037037037037
0 0.88515625 0.7754629629629629 0.05260416666666667 0.09722222222222222
0 0.440625 0.7875 0.05520833333333333 0.10833333333333334
0 0.012239583333333333 0.8041666666666667 0.022395833333333334 0.06759259259259259
0 0.021701388888888888 0.7412229938271605 0.03797743055555556 0.08391203703703703
0 0.10118272569444445 0.4407793209876543 0.023328993055555566 0.11381172839506169
