0 0.82890625 0.8421296296296297 0.05260416666666667 0.05092592592592592
0 0.12942708333333333 0.5564814814814815 0.058854166666666666 0.09074074074074075
0 0.035416666666666666 0.5712962962962963 0.03854166666666667 0.10185185185185185
0 0.22708333333333333 0.8162037037037037 0.0375 0.07314814814814814
0 0.20338541666666668 0.7291666666666666 0.05572916666666667 0.08055555555555556
0 0.7888020833333333 0.7902777777777777 0.04010416666666667 0.09722222222222222
0 0.3893229166666667 0.7111111111111111 0.0734375 0.10740740740740741
0 0.15442708333333333 0.6726851851851852 0.033854166666666664 0.10092592592592593
0 0.8236979166666667 0.7384259259259259 0.0546875 0.0824074074074074
0 0.25052083333333336 0.35185185185185186 0.053125 0.10185185185185185
0 0.7450520833333333 0.7402777777777778 0.05260416666666667 0.11944444444444445
0 0.14479166666666668 0.850925925925926 0.051041666666666666 0.08148148148148149
0 0.04244791666666667 0.7976851851851852 0.0359375 0.062037037037037036
0 0.10286458333333333 0.8074074074074075 0.0359375 0.06666666666666667
0 0.3736979166666667 0.8458333333333333 0.03802083333333333 0.04722222222222222
0 0.010677083333333334 0.7458333333333333 0.019270833333333334 0.09907407407407408
0 0.07630208333333334 0.7958333333333333 0.022395833333333334 0.05648148148148148
0 0.9908854166666666 0.32592592592592595 0.016145833333333335 0.06111111111111111
0 0.06822916666666666 0.2449074074074074 0.051041666666666666 0.125
0 0.11602857766143107 0.7368625169672289 0.02481457242582897 0.11149893348846221
0 0.04213023560209424 0.6956563893736668 0.03681282722513089 0.11634671320535193
0 0.9090470679012345 0.6538637402834933 0.03825874485596709 0.10173754000914496
