0 0.9455729166666667 0.7087962962962963 0.05677083333333333 0.05648148148148148
0 0.23515625 0.5546296296296296 0.059895833333333336 0.07222222222222222
0 0.7994791666666666 0.6907407407407408 0.03958333333333333 0.11296296296296296
0 0.96796875 0.7643518518518518 0.05260416666666667 0.09537037037037037
0 0.027083333333333334 0.6416666666666667 0.041666666666666664 0.09259259259259259
0 0.36770833333333336 0.925 0.08645833333333333 0.07962962962962963
0 0.30520833333333336 0.8740740740740741 0.06979166666666667 0.07407407407407407
0 0.9252604166666667 0.6287037037037037 0.04739583333333333 0.0962962962962963
0 0.2265625 0.8194444444444444 0.04375 0.06666666666666667
0 0.42109375 0.888425925925926 0.07447916666666667 0.0824074074074074
0 0.753125 0.6046296296296296 0.03958333333333333 0.12222222222222222
0 0.029427083333333333 0.8069444444444445 0.0078125 0.006481481481481481
0 0.4328125 0.8097222222222222 0.05 0.08611111111111111
0 0.77890625 0.38472222222222224 0.033854166666666664 0.13425925925925927
0 0.07395833333333333 0.5708333333333333 0.041666666666666664 0.09537037037037037
0 0.2734375 0.45925925925925926 0.030208333333333334 0.13703703703703704
0 0.7145833333333333 0.7175925925925926 0.03958333333333333 0.1388888888888889
0 0.035416666666666666 0.7888888888888889 0.03125 0.044444444444444446
0 0.059076855123674915 0.8194280853291454 0.03275912838633687 0.06641800811412121
0 0.07803297997644286 0.7346878680800941 0.03643992932862192 0.13316319853422323
