0 0.19036458333333334 0.4976851851851852 0.04114583333333333 0.11388888888888889
0 0.41484375 0.6305555555555555 0.06197916666666667 0.09814814814814815
0 0.33359375 0.9203703703703704 0.07239583333333334 0.08703703703703704
0 0.22578125 0.6106481481481482 0.06510416666666667 0.08611111111111111
0 0.37786458333333334 0.6930555555555555 0.0640625 0.0712962962962963
0 0.5205729166666667 0.7444444444444445 0.06822916666666666 0.11296296296296296
0 0.6880208333333333 0.6342592592592593 0.05416666666666667 0.08148148148148149
0 0.30416666666666664 0.7453703703703703 0.065625 0.07407407407407407
0 0.12682291666666667 0.8152777777777778 0.0578125 0.0824074074074074
0 0.8578125 0.7981481481481482 0.058333333333333334 0.07222222222222222
0 0.61875 0.6587962962962963 0.06458333333333334 0.0787037037037037
0 0.1703125 0.6097222222222223 0.03958333333333333 0.09722222222222222
0 0.21822916666666667 0.8041666666666667 0.05 0.04537037037037037
0 0.8963541666666667 0.6337962962962963 0.0375 0.08796296296296297
0 0.023697916666666666 0.7180555555555556 0.043229166666666666 0.06944444444444445
0 0.7104166666666667 0.1310185185185185 0.0375 0.13240740740740742
0 0.062239583333333334 0.7828703703703703 0.04010416666666667 0.06018518518518518
0 0.025520833333333333 0.7837962962962963 0.04583333333333333 0.06944444444444445
0 0.13723958333333333 0.5666666666666667 0.019270833333333334 0.06111111111111111
0 0.35625 0.7180555555555556 0.03229166666666667 0.03425925925925926
0 0.09123206401766004 0.5877483443708609 0.03552704194260485 0.07664949717929853
0 0.10784413806132223 0.7371896583754636 0.02586920529801325 0.09504537650233018
0 0.2990480132450331 0.8042065244051998 0.051048565121412835 0.042310522442972835
0 0.28120529327610877 0.5477905996267136 0.06258941344778256 0.05600084636835342
0 0.12882864238410596 0.6371106205543292 0.031387969094922745 0.08707382879568315
0 0.054750673854447436 0.7361235898971747 0.02526954177897574 0.04667065987820704
0 0.7242776181353768 0.8915141194834681 0.04849137931034484 0.06882361288491552
