0 0.2930002012882448 0.5707640007156916 0.06868961352657002 0.10735373054213634
0 0.18656904186795492 0.7758543567722312 0.03296095008051528 0.10064412238325278
0 0.23148148148148148 0.7546072642691001 0.058373590982286644 0.0885668276972625
0 0.2662037037037038 0.8181248881731974 0.06491545893719808 0.035784576847378784
0 0.5824778582930757 0.8313204508856683 0.05032206119162635 0.03891572732152442
0 0.8420138888888891 0.7062980855251387 0.043528582930756815 0.09930220075147615
0 0.939009661835749 0.7130076936840223 0.04126409017713364 0.09930220075147615
0 0.9317129629629631 0.6557523707282162 0.05283816425120769 0.09393451422436933
0 0.9663093800322061 0.5043388799427447 0.046044685990338154 0.13016639828234028
0 0.546028880866426 0.6294290680572269 0.059416365824308016 0.10964032624682442
0 0.06566011235955056 0.7824594257178528 0.053136704119850185 0.0730337078651685
0 0.03493679775280899 0.749063670411985 0.024461610486891383 0.08614232209737822
