0 0.1712362421383648 0.8425052410901467 0.06829795597484276 0.11006289308176107
0 0.26704992138364775 0.8106219426974144 0.0712460691823899 0.06289308176100626
0 0.09790192610062892 0.7872554157931516 0.07100039308176101 0.10700559049615661
0 0.06842079402515724 0.7106044723969251 0.022356525157232705 0.08997204751921739
0 0.036851415094339625 0.6793763102725366 0.03734276729559748 0.09128232005590504
0 0.28888081395348836 0.4017728969279357 0.06702196382428942 0.12022681596325005
0 0.2543604651162791 0.49831323571633646 0.04925710594315245 0.07500717772035602
0 0.8423166989664083 0.6603502727533735 0.034520348837209267 0.10910134941142696
0 0.8891513242894057 0.8173629055412002 0.05511143410852715 0.09295147861039336
0 0.9359859496124031 0.7053904679873673 0.04784399224806203 0.10946023542922774
0 0.9391149870801033 0.5659632500717772 0.05692829457364349 0.0832615561297732
