0 0.9075520833333334 0.700462962962963 0.0515625 0.07314814814814814
0 0.21145833333333333 0.6208333333333333 0.0375 0.10648148148148148
0 0.1171875 0.4476851851851852 0.046875 0.14537037037037037
0 0.8424479166666666 0.7050925925925926 0.06302083333333333 0.075
0 0.23723958333333334 0.6986111111111111 0.050520833333333334 0.08611111111111111
0 0.028645833333333332 0.6351851851851852 0.051041666666666666 0.08703703703703704
0 0.93046875 0.6222222222222222 0.0421875 0.10925925925925926
0 0.21223958333333334 0.9393518518518519 0.0005208333333333333 0.000925925925925926
0 0.9463541666666667 0.8305555555555556 0.041666666666666664 0.046296296296296294
0 0.11979166666666667 0.7208333333333333 0.03229166666666667 0.11018518518518519
0 0.039322916666666666 0.7953703703703704 0.04635416666666667 0.06481481481481481
0 0.23671875 0.9333333333333333 0.0578125 0.08518518518518518
0 0.6078125 0.8013888888888889 0.058333333333333334 0.08611111111111111
0 0.08385416666666666 0.687037037037037 0.025 0.0962962962962963
0 0.1703125 0.8314814814814815 0.04791666666666667 0.08148148148148149
0 0.6890625 0.8222222222222222 0.034375 0.10740740740740741
0 0.1953125 0.5203703703703704 0.05520833333333333 0.06666666666666667
0 0.209375 0.8425925925925926 0.028125 0.040740740740740744
0 0.23072916666666668 0.8226851851851852 0.029166666666666667 0.06574074074074074
0 0.5869791666666667 0.711574074074074 0.03854166666666667 0.11388888888888889
0 0.2024091627172196 0.8949885904862208 0.06714060031595578 0.06801825522204664
0 0.4388020833333333 0.825 0.0390625 0.09444444444444444
0 0.7856514084507042 0.6880868544600939 0.04144659624413147 0.09422274387063123
