0 0.68515625 0.937962962962963 0.0765625 0.1111111111111111
0 0.18802083333333333 0.49537037037037035 0.05625 0.09444444444444444
0 0.3059895833333333 0.7986111111111112 0.0359375 0.07685185185185185
0 0.33203125 0.9185185185185185 0.06927083333333334 0.09074074074074075
0 0.12734375 0.5856481481481481 0.0296875 0.09907407407407408
0 0.45416666666666666 0.8055555555555556 0.06041666666666667 0.08888888888888889
0 0.6182291666666667 0.6453703703703704 0.040625 0.10740740740740741
0 0.2640625 0.5537037037037037 0.065625 0.09444444444444444
0 0.65546875 0.8314814814814815 0.058854166666666666 0.040740740740740744
0 0.4171875 0.6300925925925925 0.05625 0.1361111111111111
0 0.9651041666666667 0.7675925925925926 0.040625 0.1037037037037037
0 0.1984375 0.5990740740740741 0.0625 0.06481481481481481
0 0.89375 0.6046296296296296 0.03958333333333333 0.1
0 0.6875 0.6472222222222223 0.06145833333333333 0.10185185185185185
0 0.15703125 0.6027777777777777 0.028645833333333332 0.09814814814814815
0 0.09088541666666666 0.5740740740740741 0.050520833333333334 0.08148148148148149
0 0.51484375 0.7111111111111111 0.04010416666666667 0.13148148148148148
0 0.22604166666666667 0.8041666666666667 0.04791666666666667 0.04351851851851852
0 0.84453125 0.8046296296296296 0.03697916666666667 0.05925925925925926
0 0.2875 0.08842592592592592 0.04375 0.1175925925925926
0 0.27337398373983735 0.7357949412827461 0.03366361788617886 0.09146341463414631
0 0.14901020055325034 0.8043261103427078 0.058566735822959896 0.04725680036883354
0 0.08514868603042876 0.7910711541416935 0.04322268326417703 0.035346549869371476
0 0.021503284923928074 0.7199938527739358 0.03479426002766251 0.05455663132011679
0 0.033929806362378974 0.7830029199323806 0.05748616874135547 0.056861841094206195
0 0.01004927385892116 0.7985630859074841 0.019234094052558784 0.037267558014445964
