0 0.8747395833333333 0.5921296296296297 0.0609375 0.10462962962962963
0 0.14244791666666667 0.7912037037037037 0.0359375 0.05277777777777778
0 0.125 0.8791666666666667 0.07083333333333333 0.075
0 0.26848958333333334 0.861574074074074 0.07760416666666667 0.09537037037037037
0 0.93671875 0.7074074074074074 0.0484375 0.1111111111111111
0 0.721875 0.7962962962962963 0.057291666666666664 0.1
0 0.30807291666666664 0.3578703703703704 0.0453125 0.13055555555555556
0 0.58515625 0.638425925925926 0.07135416666666666 0.06574074074074074
0 0.6471354166666666 0.8337962962962963 0.04635416666666667 0.05092592592592592
0 0.28411458333333334 0.7731481481481481 0.03802083333333333 0.07592592592592592
0 0.8046673126614987 0.49813379270743613 0.06459948320413436 0.11771461383864487
