0 0.209375 0.8314814814814815 0.06666666666666667 0.07407407407407407
0 0.9799479166666667 0.4703703703703704 0.03802083333333333 0.12962962962962962
0 0.14296875 0.5634259259259259 0.0578125 0.08611111111111111
0 0.9203125 0.6236111111111111 0.042708333333333334 0.125
0 0.7606770833333333 0.8518518518518519 0.0546875 0.044444444444444446
0 0.33671875 0.7351851851851852 0.06614583333333333 0.08518518518518518
0 0.8721354166666667 0.6666666666666666 0.05364583333333333 0.07037037037037037
0 0.8309895833333333 0.7444444444444445 0.0390625 0.07407407407407407
0 0.8083333333333333 0.6296296296296297 0.03125 0.11481481481481481
0 0.7606770833333333 0.7902777777777777 0.0390625 0.05277777777777778
0 0.7966145833333333 0.7717592592592593 0.0421875 0.12129629629629629
0 0.025874732905982908 0.8061787749287749 0.04440438034188034 0.051934947768281156
0 0.044821714743589744 0.7954950142450142 0.03155048076923077 0.048373694207027626
0 0.0789596688034188 0.803656220322887 0.03271901709401708 0.03976733143399816
0 0.3697582799145299 0.8363010446343779 0.053418803418803465 0.046296296296296294
0 0.4058994391025641 0.7514245014245015 0.025874732905982908 0.11633428300094967
0 0.3493088942307692 0.6257419278252611 0.03689236111111107 0.15165004748338082
