0 0.13645833333333332 0.5685185185185185 0.04583333333333333 0.08888888888888889
0 0.36770833333333336 0.8282407407407407 0.046875 0.0787037037037037
0 0.3065104166666667 0.8337962962962963 0.05572916666666667 0.058333333333333334
0 0.8184895833333333 0.7393518518518518 0.058854166666666666 0.058333333333333334
0 0.759375 0.7833333333333333 0.05625 0.05185185185185185
0 0.16979166666666667 0.8412037037037037 0.06354166666666666 0.08055555555555556
0 0.9809895833333333 0.5046296296296297 0.03177083333333333 0.11296296296296296
0 0.14947916666666666 0.44305555555555554 0.03854166666666667 0.12129629629629629
0 0.8346354166666666 0.6583333333333333 0.06614583333333333 0.07037037037037037
0 0.17057291666666666 0.763425925925926 0.025520833333333333 0.06944444444444445
0 0.7611979166666667 0.8518518518518519 0.05572916666666667 0.040740740740740744
0 0.9872395833333333 0.4115740740740741 0.024479166666666666 0.08425925925925926
0 0.07552083333333333 0.7935185185185185 0.017708333333333333 0.05555555555555555
0 0.05817641559829059 0.7717533238366572 0.025206997863247857 0.10119895536562205
0 0.033386752136752136 0.7879273504273504 0.025707799145299148 0.046296296296296294
0 0.1417267628205128 0.8023207502374168 0.03973023504273502 0.06499287749287753
0 0.32732928240740744 0.7434735082304527 0.05787037037037036 0.058834876543209944
0 0.39912471064814814 0.7444380144032923 0.042317708333333336 0.09612911522633746
0 0.9175476782752903 0.6278791229039984 0.038868159203980096 0.1077943615257048
0 0.7272273936170213 0.5018715524034673 0.03453752955082739 0.11853165221959551
