0 0.2864583333333333 0.8212962962962963 0.059375 0.06851851851851852
0 0.6408854166666667 0.7300925925925926 0.049479166666666664 0.1175925925925926
0 0.9369791666666667 0.7060185185185185 0.04791666666666667 0.11018518518518519
0 0.6815104166666667 0.7773148148148148 0.05677083333333333 0.10092592592592593
0 0.596875 0.6837962962962963 0.040625 0.1175925925925926
0 0.8322916666666667 0.8027777777777778 0.05625 0.06296296296296296
0 0.7979166666666667 0.6731481481481482 0.05520833333333333 0.08333333333333333
0 0.9463541666666667 0.8074074074074075 0.05520833333333333 0.04259259259259259
0 0.7807291666666667 0.8134259259259259 0.029166666666666667 0.05648148148148148
0 0.011979166666666667 0.8157407407407408 0.022916666666666665 0.06666666666666667
0 0.9859375 0.6435185185185185 0.027083333333333334 0.06481481481481481
0 0.04739583333333333 0.7425925925925926 0.030208333333333334 0.09074074074074075
0 0.3026041666666667 0.5875 0.029166666666666667 0.12314814814814815
0 0.3098958333333333 0.6976851851851852 0.042708333333333334 0.11388888888888889
0 0.2423941798941799 0.51440329218107 0.0806878306878307 0.1657848324514991
