0 0.8736979166666666 0.8148148148148148 0.0578125 0.05925925925925926
0 0.9419270833333333 0.7074074074074074 0.044270833333333336 0.1111111111111111
0 0.86328125 0.6907407407407408 0.06197916666666667 0.1037037037037037
0 0.7997395833333333 0.5777777777777777 0.05364583333333333 0.13333333333333333
0 0.10625 0.7967592592592593 0.03958333333333333 0.07685185185185185
0 0.7447916666666666 0.7421296296296296 0.04791666666666667 0.11944444444444445
0 0.3458333333333333 0.4671296296296296 0.04479166666666667 0.12129629629629629
0 0.8450520833333334 0.3509259259259259 0.06614583333333333 0.09074074074074075
0 0.9817708333333334 0.6337962962962963 0.03333333333333333 0.0787037037037037
0 0.17864583333333334 0.7060185185185185 0.034375 0.09537037037037037
0 0.05364583333333333 0.736574074074074 0.03333333333333333 0.06944444444444445
0 0.15729166666666666 0.7976851851851852 0.057291666666666664 0.04537037037037037
0 0.8768229166666667 0.4152777777777778 0.0328125 0.10833333333333334
0 0.0984375 0.35648148148148145 0.040625 0.14444444444444443
0 0.011197916666666667 0.8055555555555556 0.0203125 0.10185185185185185
0 0.04759052183173589 0.8447225180452017 0.050252928647497336 0.0825346112886049
