0 0.21171875 0.7189814814814814 0.044270833333333336 0.09166666666666666
0 0.2643229166666667 0.5509259259259259 0.04114583333333333 0.10925925925925926
0 0.13046875 0.4666666666666667 0.04635416666666667 0.11666666666666667
0 0.18932291666666667 0.5018518518518519 0.05677083333333333 0.07777777777777778
0 0.5252604166666667 0.7976851851851852 0.06614583333333333 0.06018518518518518
0 0.13489583333333333 0.7203703703703703 0.03125 0.11296296296296296
0 0.6106770833333334 0.5861111111111111 0.0609375 0.1037037037037037
0 0.2734375 0.9546296296296296 0.08645833333333333 0.08888888888888889
0 0.35911458333333335 0.9041666666666667 0.08177083333333333 0.08981481481481482
0 0.22942708333333334 0.5314814814814814 0.04635416666666667 0.06851851851851852
0 0.5619791666666667 0.4597222222222222 0.06979166666666667 0.09351851851851851
0 0.5390625 0.5731481481481482 0.07291666666666667 0.11851851851851852
0 0.03828125 0.6259259259259259 0.0421875 0.07037037037037037
0 0.71796875 0.6416666666666667 0.030729166666666665 0.11666666666666667
0 0.6354166666666666 0.6865740740740741 0.04479166666666667 0.12685185185185185
0 0.05026041666666667 0.7074074074074074 0.043229166666666666 0.09444444444444444
0 0.7625 0.6699074074074074 0.04791666666666667 0.125
0 0.015104166666666667 0.8018518518518518 0.030208333333333334 0.06296296296296296
0 0.01484375 0.7685185185185185 0.028645833333333332 0.12962962962962962
0 0.01328125 0.7421296296296296 0.0234375 0.06574074074074074
0 0.20166256157635465 0.8563674511950373 0.023091133004926098 0.06613756613756605
0 0.15432573891625614 0.8080186097427475 0.044899425287356305 0.020525451559934307
0 0.012882313829787233 0.5947104018912529 0.02188608156028369 0.05171394799054373
