0 0.13333333333333333 0.524537037037037 0.052083333333333336 0.08055555555555556
0 0.528125 0.6921296296296297 0.051041666666666666 0.12129629629629629
0 0.08072916666666667 0.7888888888888889 0.05625 0.07037037037037037
0 0.97890625 0.6722222222222223 0.0390625 0.0962962962962963
0 0.5684895833333333 0.9462962962962963 0.09635416666666667 0.1
0 0.23984375 0.537962962962963 0.059895833333333336 0.11666666666666667
0 0.17057291666666666 0.46944444444444444 0.059895833333333336 0.08703703703703704
0 0.30755208333333334 0.7972222222222223 0.0359375 0.07592592592592592
0 0.42421875 0.6601851851851852 0.06822916666666666 0.11666666666666667
0 0.37109375 0.8083333333333333 0.04010416666666667 0.07037037037037037
0 0.6065104166666667 0.611574074074074 0.0421875 0.11574074074074074
0 0.8640625 0.6111111111111112 0.06354166666666666 0.0962962962962963
0 0.5145833333333333 0.825 0.058333333333333334 0.05
0 0.5877604166666667 0.7138888888888889 0.06510416666666667 0.06296296296296296
0 0.10364583333333334 0.6217592592592592 0.040625 0.09537037037037037
0 0.14765625 0.7268518518518519 0.0359375 0.10555555555555556
0 0.20963541666666666 0.8018518518518518 0.03697916666666667 0.05185185185185185
0 0.86015625 0.8115740740740741 0.027604166666666666 0.04722222222222222
0 0.3416666666666667 0.7134259259259259 0.06145833333333333 0.06759259259259259
0 0.18489583333333334 0.6481481481481481 0.05625 0.09074074074074075
0 0.16927083333333334 0.8245370370370371 0.06770833333333333 0.06944444444444445
0 0.18515625 0.5472222222222223 0.0546875 0.06851851851851852
0 0.017708333333333333 0.7060185185185185 0.03125 0.062037037037037036
0 0.01171875 0.7875 0.022395833333333334 0.0824074074074074
0 0.012239583333333333 0.7615740740740741 0.0234375 0.03611111111111111
0 0.3210765968063872 0.9059658460856065 0.03586576846307388 0.06542470614326903
0 0.6480135658914729 0.8369221935113408 0.053294573643410816 0.025839793281653662
