0 0.39921875 0.9277777777777778 0.07864583333333333 0.09814814814814815
0 0.05286458333333333 0.6287037037037037 0.049479166666666664 0.07962962962962963
0 0.42552083333333335 0.7546296296296297 0.058333333333333334 0.08888888888888889
0 0.5934895833333333 0.48194444444444445 0.05364583333333333 0.16203703703703703
0 0.32473958333333336 0.9185185185185185 0.0671875 0.08703703703703704
0 0.2630208333333333 0.4537037037037037 0.04583333333333333 0.09814814814814815
0 0.21510416666666668 0.8171296296296297 0.057291666666666664 0.0787037037037037
0 0.5583333333333333 0.7342592592592593 0.06354166666666666 0.05925925925925926
0 0.5765625 0.7898148148148149 0.06979166666666667 0.07037037037037037
0 0.27760416666666665 0.8152777777777778 0.057291666666666664 0.04722222222222222
0 0.06302083333333333 0.7129629629629629 0.027083333333333334 0.1037037037037037
0 0.22786458333333334 0.5412037037037037 0.059895833333333336 0.08425925925925926
0 0.7916666666666666 0.6768518518518518 0.05625 0.09074074074074075
0 0.47421875 0.6277777777777778 0.06927083333333334 0.07037037037037037
0 0.1125 0.6921296296296297 0.05416666666666667 0.09351851851851851
0 0.6822916666666666 0.7064814814814815 0.06979166666666667 0.07407407407407407
0 0.49192708333333335 0.7199074074074074 0.0515625 0.05648148148148148
0 0.026041666666666668 0.7615740740740741 0.03125 0.0824074074074074
0 0.4700520833333333 0.675 0.030729166666666665 0.05555555555555555
0 0.015625 0.6976851851851852 0.027083333333333334 0.05277777777777778
0 0.0109375 0.799074074074074 0.019791666666666666 0.053703703703703705
0 0.11119791666666666 0.7962962962962963 0.03802083333333333 0.03333333333333333
0 0.3518455615942029 0.7832628824476651 0.057178442028985484 0.08403784219001609
0 0.21272078804347824 0.7120571658615137 0.032552083333333336 0.09762479871175532
0 0.1624015748031496 0.8078156897054535 0.042650918635170613 0.03791192767570722
0 0.19345238095238096 0.4987373737373737 0.03990800865800865 0.11002886002885999
0 0.22135416666666666 0.45815295815295815 0.026041666666666668 0.06012506012506012
0 0.1540492957746479 0.4248174230568597 0.0359448356807512 0.10628586332811692
