0 0.538116939484127 0.8724647266313933 0.08479042658730164 0.09700176366843039
0 0.627170138888889 0.5796682098765433 0.08618551587301582 0.12814153439153447
0 0.6416635664682541 0.6825947971781305 0.059678819444444406 0.12235449735449733
0 0.7079303075396824 0.6788745590828924 0.05983382936507944 0.14577821869488533
0 0.8091517857142857 0.6521439594356261 0.04867311507936509 0.12373236331569668
0 0.8296906001984128 0.7868992504409171 0.0615389384920635 0.1083002645502646
0 0.8852616567460317 0.8165233686067019 0.0458829365079365 0.0892857142857143
0 0.9340122767857143 0.7058807319223986 0.05626860119047616 0.1105048500881834
0 0.962921626984127 0.4597938712522046 0.05084325396825402 0.11326058201058205
0 0.3479197668650793 0.8716380070546738 0.08944072420634921 0.0892857142857143
0 0.3260633680555556 0.7721560846560847 0.04944816468253972 0.10251322751322757
0 0.40023561507936506 0.6969246031746031 0.08122519841269842 0.09700176366843039
0 0.4605344742063492 0.7955798059964728 0.05921378968253966 0.11353615520282184
0 0.7540457589285715 0.7994378306878307 0.06556919642857141 0.09920634920634928
0 0.7300192212301587 0.30657517636684306 0.07952008928571436 0.12152777777777778
0 0.08813749265138154 0.7871186883532563 0.03720238095238096 0.05486968449931422
0 0.19577991452991453 0.7471509971509971 0.05502136752136752 0.0840455840455841
0 0.25224300486618007 0.4516423357664233 0.04409975669099759 0.14564747228980807
