0 0.596875 0.6907407407407408 0.051041666666666666 0.1
0 0.2942708333333333 0.8217592592592593 0.06770833333333333 0.06944444444444445
0 0.9375 0.7064814814814815 0.04791666666666667 0.1111111111111111
0 0.6356770833333333 0.7439814814814815 0.03802083333333333 0.11203703703703703
0 0.6791666666666667 0.7856481481481481 0.05 0.11574074074074074
0 0.9505208333333334 0.8041666666666667 0.051041666666666666 0.049074074074074076
0 0.8307291666666666 0.8032407407407407 0.059375 0.06574074074074074
0 0.7997395833333333 0.6731481481481482 0.05260416666666667 0.09074074074074075
0 0.04635416666666667 0.7583333333333333 0.028125 0.07407407407407407
0 0.9885416666666667 0.6513888888888889 0.021875 0.06018518518518518
0 0.2749753937007874 0.724336541265675 0.03362860892388448 0.12212015164771062
0 0.26147037572254334 0.44449796617426673 0.055696050096339086 0.22746735174480837
