0 0.2513020833333333 0.8907407407407407 0.0828125 0.08888888888888889
0 0.9223958333333333 0.48148148148148145 0.058333333333333334 0.09814814814814815
0 0.04010416666666667 0.5555555555555556 0.058333333333333334 0.07222222222222222
0 0.7770833333333333 0.13796296296296295 0.06354166666666666 0.12222222222222222
0 0.5236979166666667 0.6212962962962963 0.06927083333333334 0.10925925925925926
0 0.8692708333333333 0.6087962962962963 0.057291666666666664 0.0824074074074074
0 0.9609375 0.5763888888888888 0.053125 0.09351851851851851
0 0.9411458333333333 0.8314814814814815 0.05 0.06296296296296296
0 0.02109375 0.6231481481481481 0.04114583333333333 0.05740740740740741
0 0.2 0.6259259259259259 0.03958333333333333 0.11666666666666667
0 0.8729166666666667 0.8305555555555556 0.051041666666666666 0.06481481481481481
0 0.14479166666666668 0.5972222222222222 0.026041666666666668 0.0962962962962963
0 0.08854166666666667 0.7162037037037037 0.025 0.09351851851851851
0 0.05364583333333333 0.7305555555555555 0.040625 0.08518518518518518
0 0.1140625 0.6541666666666667 0.058333333333333334 0.062037037037037036
0 0.9072916666666667 0.6851851851851852 0.053125 0.05925925925925926
0 0.11380208333333333 0.8634259259259259 0.049479166666666664 0.10648148148148148
0 0.043229166666666666 0.8319444444444445 0.041666666666666664 0.07685185185185185
0 0.09088541666666666 0.8268518518518518 0.03802083333333333 0.06481481481481481
0 0.9830729166666666 0.8268518518518518 0.03177083333333333 0.040740740740740744
0 0.14004224941724944 0.7229344729344729 0.028773310023310027 0.1081326081326081
0 0.15207350628930819 0.8300576519916143 0.021128144654088032 0.02402166317260655
0 0.831516472868217 0.42061441286247486 0.03997093023255817 0.1191501579098478
