0 0.9372395833333333 0.7083333333333334 0.04739583333333333 0.10925925925925926
0 0.03984375 0.47129629629629627 0.0390625 0.10925925925925926
0 0.023958333333333335 0.6833333333333333 0.028125 0.1037037037037037
0 0.18541666666666667 0.8671296296296296 0.06145833333333333 0.08055555555555556
0 0.63515625 0.825462962962963 0.0390625 0.05462962962962963
0 0.846875 0.6259259259259259 0.04583333333333333 0.11666666666666667
0 0.20911458333333333 0.9296296296296296 0.0265625 0.12777777777777777
0 0.3203125 0.6032407407407407 0.04479166666666667 0.08611111111111111
0 0.8602002640845071 0.3315727699530517 0.06400381455399066 0.11085028690662495
0 0.6245415199530517 0.6488002086593636 0.07317341549295774 0.09520083463745434
