0 0.7497395833333333 0.05787037037037037 0.0703125 0.11203703703703703
0 0.959375 0.5833333333333334 0.053125 0.0962962962962963
0 0.9278645833333333 0.4824074074074074 0.0609375 0.09814814814814815
0 0.11197916666666667 0.8726851851851852 0.05625 0.08611111111111111
0 0.5434895833333333 0.6129629629629629 0.06197916666666667 0.1
0 0.26901041666666664 0.8791666666666667 0.0578125 0.07685185185185185
0 0.9604166666666667 0.8273148148148148 0.05416666666666667 0.049074074074074076
0 0.19739583333333333 0.625 0.0375 0.11851851851851852
0 0.9046875 0.6773148148148148 0.053125 0.062037037037037036
0 0.12838541666666667 0.7388888888888889 0.04114583333333333 0.07407407407407407
0 0.05026041666666667 0.5791666666666667 0.05572916666666667 0.058333333333333334
0 0.08098958333333334 0.8245370370370371 0.030729166666666665 0.07314814814814814
0 0.11276041666666667 0.6662037037037037 0.033854166666666664 0.05462962962962963
0 0.019270833333333334 0.6231481481481481 0.0375 0.06111111111111111
0 0.0828125 0.6824074074074075 0.025 0.07592592592592592
0 0.6640625 0.9078703703703703 0.036458333333333336 0.16944444444444445
0 0.058693910256410256 0.7257834757834758 0.023637820512820516 0.10256410256410252
0 0.04360750786163522 0.8031970649895177 0.019899764150943397 0.06027253668763106
0 0.014863404088050314 0.7896575821104123 0.027270047169811316 0.05415793151642203
0 0.147282822327044 0.5948637316561844 0.02825275157232703 0.09171907756813419
0 0.17059051238738737 0.8237925425425425 0.028681024774774765 0.04222972972972975
0 0.8650145966029723 0.6106982778957302 0.05739118895966027 0.04895022410945968
0 0.8558917197452229 0.8318589289926869 0.04976114649681532 0.06310450577966506
0 0.837645966029724 0.31286860108516157 0.03914543524416132 0.13623496107572539
