0 0.16953125 0.8097222222222222 0.058854166666666666 0.0787037037037037
0 0.9380208333333333 0.7083333333333334 0.046875 0.10925925925925926
0 0.8578125 0.6129629629629629 0.04791666666666667 0.10740740740740741
0 0.8046875 0.6546296296296297 0.040625 0.10555555555555556
0 0.18854166666666666 0.600462962962963 0.05416666666666667 0.075
0 0.8716145833333333 0.8194444444444444 0.0546875 0.04814814814814815
0 0.7307291666666667 0.6625 0.06979166666666667 0.0787037037037037
0 0.04895833333333333 0.836574074074074 0.059375 0.08611111111111111
0 0.08645833333333333 0.736574074074074 0.023958333333333335 0.11388888888888889
0 0.8828125 0.5268518518518519 0.059375 0.07407407407407407
0 0.8096354166666667 0.8162037037037037 0.0515625 0.05277777777777778
0 0.9807291666666667 0.6305555555555555 0.0375 0.07037037037037037
0 0.21770833333333334 0.8078703703703703 0.040625 0.03611111111111111
0 0.01875 0.7486111111111111 0.034375 0.08055555555555556
