0 0.8088541666666667 0.6486111111111111 0.046875 0.11018518518518519
0 0.93828125 0.7087962962962963 0.04739583333333333 0.10833333333333334
0 0.86171875 0.5930555555555556 0.03177083333333333 0.11574074074074074
0 0.047135416666666666 0.8379629629629629 0.06197916666666667 0.08333333333333333
0 0.809375 0.8162037037037037 0.04895833333333333 0.05092592592592592
0 0.1796875 0.8106481481481481 0.08020833333333334 0.08055555555555556
0 0.8802083333333334 0.5032407407407408 0.05416666666666667 0.11388888888888889
0 0.74765625 0.6574074074074074 0.06510416666666667 0.06296296296296296
0 0.8721354166666667 0.8189814814814815 0.05260416666666667 0.049074074074074076
0 0.20078125 0.6180555555555556 0.058854166666666666 0.10277777777777777
0 0.98515625 0.6370370370370371 0.028645833333333332 0.05740740740740741
0 0.019270833333333334 0.7467592592592592 0.035416666666666666 0.07685185185185185
0 0.09139989837398374 0.7660343270099368 0.029979674796747968 0.08310749774164408
