0 0.8755208333333333 0.7560185185185185 0.051041666666666666 0.0824074074074074
0 0.5432291666666667 0.8472222222222222 0.078125 0.08518518518518518
0 0.9375 0.7069444444444445 0.046875 0.11018518518518519
0 0.42578125 0.8287037037037037 0.0453125 0.07222222222222222
0 0.7981770833333334 0.6810185185185185 0.05364583333333333 0.09351851851851851
0 0.44296875 0.7287037037037037 0.06822916666666666 0.06296296296296296
0 0.3932291666666667 0.8101851851851852 0.03333333333333333 0.06851851851851852
0 0.95859375 0.8018518518518518 0.0359375 0.03888888888888889
0 0.0959907945736434 0.7346396784381279 0.04663275193798449 0.10623026126902091
0 0.031124874874874874 0.814842620398176 0.03409659659659659 0.12985207429651877
