0 0.16953125 0.8444444444444444 0.06197916666666667 0.08148148148148149
0 0.103125 0.774537037037037 0.030208333333333334 0.0712962962962963
0 0.72578125 0.7037037037037037 0.0546875 0.10740740740740741
0 0.9372395833333333 0.7074074074074074 0.0484375 0.1111111111111111
0 0.8036458333333333 0.687962962962963 0.058333333333333334 0.09074074074074075
0 0.13776041666666666 0.763425925925926 0.033854166666666664 0.09351851851851851
0 0.22005208333333334 0.8046296296296296 0.05260416666666667 0.08148148148148149
0 0.19192708333333333 0.6953703703703704 0.024479166666666666 0.13333333333333333
0 0.909375 0.020833333333333332 0.058333333333333334 0.03796296296296296
0 0.03567708333333333 0.7782407407407408 0.04010416666666667 0.0712962962962963
0 0.39817708333333335 0.7768518518518519 0.05260416666666667 0.13703703703703704
