0 0.190625 0.4888888888888889 0.03958333333333333 0.10740740740740741
0 0.30104166666666665 0.5449074074074074 0.058333333333333334 0.09351851851851851
0 0.6458333333333334 0.8152777777777778 0.040625 0.07685185185185185
0 0.32890625 0.7453703703703703 0.058854166666666666 0.07592592592592592
0 0.33359375 0.9217592592592593 0.07135416666666666 0.08796296296296297
0 0.296875 0.8143518518518519 0.05625 0.07685185185185185
0 0.7244791666666667 0.8634259259259259 0.06145833333333333 0.09166666666666666
0 0.34661458333333334 0.6796296296296296 0.06614583333333333 0.05555555555555555
0 0.44088541666666664 0.674537037037037 0.049479166666666664 0.13055555555555556
0 0.16875 0.5972222222222222 0.035416666666666666 0.10555555555555556
0 0.8869791666666667 0.7615740740740741 0.05 0.08796296296296297
0 0.26328125 0.6189814814814815 0.0671875 0.08055555555555556
0 0.6864583333333333 0.6134259259259259 0.034375 0.13055555555555556
0 0.62421875 0.6444444444444445 0.0609375 0.09259259259259259
0 0.8966145833333333 0.6171296296296296 0.043229166666666666 0.09351851851851851
0 0.10104166666666667 0.6800925925925926 0.025 0.08981481481481482
0 0.10494791666666667 0.8439814814814814 0.0067708333333333336 0.01574074074074074
0 0.0484375 0.7791666666666667 0.05625 0.06944444444444445
0 0.5182291666666666 0.7509259259259259 0.07395833333333333 0.07777777777777778
0 0.11380208333333333 0.8217592592592593 0.05677083333333333 0.07685185185185185
0 0.16041666666666668 0.7958333333333333 0.051041666666666666 0.04722222222222222
0 0.21484375 0.8060185185185185 0.059895833333333336 0.03981481481481482
0 0.12994791666666666 0.5800925925925926 0.027604166666666666 0.10092592592592593
0 0.016342288011695905 0.7922433398310591 0.028645833333333332 0.0824074074074074
0 0.018229166666666668 0.7046296296296296 0.03333333333333333 0.05185185185185185
0 0.10707892201652629 0.5327807646356033 0.03522639242014935 0.09931302270011946
0 0.09416050903119867 0.5881682174785622 0.038485221674876856 0.08073344280240823
0 0.0402046783625731 0.7301819363222871 0.04660087719298245 0.043859649122807
0 0.10256761695906431 0.7785087719298245 0.0333516081871345 0.060916179337231965
