0 0.48020833333333335 0.8402777777777778 0.04583333333333333 0.07314814814814814
0 0.06432291666666666 0.8773148148148148 0.058854166666666666 0.09166666666666666
0 0.7575520833333333 0.8356481481481481 0.058854166666666666 0.06759259259259259
0 0.97109375 0.7407407407407407 0.04114583333333333 0.09259259259259259
0 0.2140625 0.775 0.058333333333333334 0.08703703703703704
0 0.9625 0.6481481481481481 0.026041666666666668 0.10925925925925926
0 0.9080729166666667 0.6930555555555555 0.0578125 0.09351851851851851
0 0.8921875 0.8157407407407408 0.0375 0.08888888888888889
0 0.990625 0.7967592592592593 0.017708333333333333 0.08796296296296297
0 0.06393167456556083 0.3185887309110058 0.03406398104265403 0.09127611023345623
0 0.035723824786324784 0.7910434472934473 0.03338675213675213 0.030567426400759667
0 0.06710737179487179 0.80054012345679 0.046073717948717945 0.05549620132953458
0 0.09531917735042734 0.8317010921177588 0.05074786324786325 0.04540598290598291
0 0.16159188034188035 0.7527599715099714 0.03138354700854699 0.08457977207977205
