0 0.11536458333333334 0.43194444444444446 0.0515625 0.14166666666666666
0 0.0171875 0.8791666666666667 0.034375 0.0787037037037037
0 0.234375 0.6449074074074074 0.03958333333333333 0.12129629629629629
0 0.7658854166666667 0.8541666666666666 0.06614583333333333 0.05648148148148148
0 0.9856770833333334 0.6 0.0265625 0.10185185185185185
0 0.16015625 0.6180555555555556 0.06510416666666667 0.062037037037037036
0 0.26171875 0.8125 0.0421875 0.09166666666666666
0 0.15598958333333332 0.8300925925925926 0.0390625 0.075
0 0.93203125 0.7689814814814815 0.0546875 0.0787037037037037
0 0.2015625 0.5282407407407408 0.027083333333333334 0.11203703703703703
0 0.075 0.6296296296296297 0.026041666666666668 0.10925925925925926
0 0.90546875 0.6777777777777778 0.0546875 0.07962962962962963
0 0.9684895833333333 0.6703703703703704 0.0421875 0.05740740740740741
0 0.07994791666666666 0.8189814814814815 0.04635416666666667 0.10648148148148148
0 0.5221354166666666 0.2861111111111111 0.0578125 0.1537037037037037
0 0.03958333333333333 0.7949074074074074 0.036458333333333336 0.058333333333333334
0 0.11770833333333333 0.09583333333333334 0.028125 0.13055555555555556
0 0.3384053228621291 0.5557979445414 0.06708115183246074 0.07901880938530158
0 0.4858576642335766 0.6711273317112733 0.053223844282238454 0.12570965125709654
0 0.19205729166666666 0.8382936507936507 0.033482142857142856 0.056216931216931276
0 0.9518167456556083 0.5064068808144638 0.05973538704581358 0.04212743549236435
