0 0.8380208333333333 0.6337962962962963 0.04479166666666667 0.11574074074074074
0 0.24817708333333333 0.8523148148148149 0.0515625 0.0824074074074074
0 0.9408854166666667 0.7185185185185186 0.04114583333333333 0.10925925925925926
0 0.9825520833333333 0.3476851851851852 0.0328125 0.10277777777777777
0 0.90234375 0.0787037037037037 0.06614583333333333 0.06481481481481481
0 0.8205729166666667 0.44722222222222224 0.0703125 0.11851851851851852
0 0.1765625 0.8717592592592592 0.05 0.08611111111111111
0 0.7268229166666667 0.3388888888888889 0.0734375 0.1037037037037037
0 0.71328125 0.8236111111111111 0.044270833333333336 0.04537037037037037
0 0.13880208333333333 0.6310185185185185 0.050520833333333334 0.06018518518518518
0 0.22291666666666668 0.7662037037037037 0.035416666666666666 0.0787037037037037
0 0.23463541666666668 0.5652777777777778 0.059895833333333336 0.06018518518518518
0 0.11067708333333333 0.675 0.0328125 0.1037037037037037
0 0.04140625 0.7583333333333333 0.0265625 0.07407407407407407
0 0.8921875 0.8074074074074075 0.04375 0.05
0 0.18145311568276684 0.734943351222421 0.04779740608228981 0.10302789372556816
