0 0.10625 0.7212962962962963 0.04375 0.08703703703703704
0 0.45546875 0.7939814814814815 0.06510416666666667 0.09722222222222222
0 0.08359375 0.8435185185185186 0.044270833333333336 0.09259259259259259
0 0.05807291666666667 0.7203703703703703 0.0421875 0.09814814814814815
0 0.11927083333333334 0.6555555555555556 0.029166666666666667 0.09444444444444444
0 0.7901041666666667 0.8236111111111111 0.053125 0.08796296296296297
0 0.04114583333333333 0.7962962962962963 0.042708333333333334 0.06851851851851852
0 0.18359375 0.6203703703703703 0.0359375 0.11851851851851852
0 0.15260416666666668 0.8240740740740741 0.040625 0.07222222222222222
0 0.12213541666666666 0.5050925925925925 0.027604166666666666 0.1175925925925926
0 0.12311527237354086 0.833873757025508 0.0310068093385214 0.05007926214151892
0 0.21238651102464334 0.7910001441129846 0.039315823605706866 0.1041216313589854
0 0.8668733787289236 0.759655569966854 0.05410992217898827 0.04935869721861945
0 0.9097357328145267 0.6553537973771437 0.046611543450064845 0.08718835567084597
