0 0.2927442528735632 0.4015006385696041 0.07183908045977011 0.13143891017454237
0 0.16090029761904762 0.8478009259259259 0.07595486111111113 0.10444223985890652
0 0.2014353918650794 0.8060515873015873 0.03828745039682539 0.04794973544973539
0 0.2650669642857143 0.8079805996472664 0.06634424603174602 0.05787037037037037
0 0.10939241917502787 0.7944692183822619 0.06654124860646601 0.11860522730087952
0 0.04764144370122631 0.7110120153598414 0.03570930880713489 0.10590858416945378
0 0.07516374024526198 0.6232193732193733 0.030483556298773685 0.11736653041000862
0 0.8420611943687556 0.6555908769805228 0.03562102633969116 0.12387728327782825
0 0.8948541099000908 0.8203400948632557 0.044136012715713 0.09259259259259259
0 0.9385643732970027 0.7079422746997679 0.04896117166212536 0.12059743667373095
0 0.9465116939146231 0.5665304268846504 0.06400431425976384 0.08754667474013521
