0 0.5557193396226414 0.49309923130677846 0.08156446540880502 0.11443046820405314
0 0.28125 0.8048780487804879 0.050813008130081334 0.0840108401084011
0 0.3230436991869919 0.8188798554652215 0.050558943089430916 0.08310749774164408
0 0.10373740842490843 0.5972730972730973 0.04550137362637363 0.12617012617012618
0 0.09457989926739926 0.7806776556776556 0.043211996336996336 0.056471306471306514
0 0.03849015567765568 0.8872608872608871 0.05752060439560439 0.08852258852258849
0 0.028760302197802196 0.7816951566951568 0.04435668498168498 0.07478632478632484
0 0.8090113993710691 0.8226327742837176 0.06928066037735855 0.07992662473794548
0 0.8560583726415094 0.635482180293501 0.04938089622641518 0.13190076869322157
0 0.8597435141509434 0.7151904262753319 0.06215605345911944 0.0842941998602376
0 0.9368858097484275 0.7073287910552061 0.04888954402515715 0.11748777078965765
0 0.9784393768768768 0.5461711711711711 0.03824136636636635 0.09384384384384385
