0 0.9625 0.5745370370370371 0.05 0.08796296296296297
0 0.08984375 0.8319444444444445 0.0421875 0.07685185185185185
0 0.9177083333333333 0.487962962962963 0.059375 0.10740740740740741
0 0.2830729166666667 0.8722222222222222 0.05677083333333333 0.08518518518518518
0 0.83125 0.7976851851851852 0.057291666666666664 0.08611111111111111
0 0.1890625 0.6504629629629629 0.046875 0.11574074074074074
0 0.11041666666666666 0.7523148148148148 0.03333333333333333 0.08055555555555556
0 0.13125 0.6175925925925926 0.04895833333333333 0.07592592592592592
0 0.07994791666666666 0.5638888888888889 0.05364583333333333 0.08518518518518518
0 0.08541666666666667 0.6796296296296296 0.051041666666666666 0.07777777777777778
0 0.05390625 0.7231481481481481 0.0265625 0.06666666666666667
0 0.017447916666666667 0.5958333333333333 0.0005208333333333333 0.000925925925925926
0 0.73359375 0.850462962962963 0.0421875 0.05092592592592592
0 0.06796875 0.538425925925926 0.005729166666666666 0.006481481481481481
0 0.01328125 0.5828703703703704 0.024479166666666666 0.0787037037037037
0 0.03390842013888889 0.6102912808641976 0.03851996527777778 0.07282021604938264
0 0.039605034722222224 0.7785976080246915 0.03038194444444445 0.0602816358024691
0 0.009629991319444446 0.7675057870370371 0.018717447916666668 0.09018132716049386
0 0.056694878472222224 0.8041570216049383 0.03038194444444445 0.03616898148148148
0 0.18269856770833334 0.8429783950617284 0.06591796875 0.04918981481481482
0 0.18531763497652584 0.7911124152321336 0.029159330985915468 0.05640323422013559
0 0.5924089321357286 0.7875914836992681 0.032747005988024 0.14803725881570193
0 0.5682385229540918 0.5913173652694611 0.04678143712574846 0.0981370592149035
0 0.8996070359281437 0.6653359946773121 0.05457834331337329 0.07651363938789084
0 0.8659244011976048 0.6126635617653581 0.0583208582834331 0.049900199600798424
0 0.9640094810379242 0.8130960301618985 0.024950099800399174 0.07706808605012198
0 0.7992167312661498 0.12650732127476313 0.0674257105943152 0.08290267011197243
