0 0.9380208333333333 0.7055555555555556 0.04583333333333333 0.1111111111111111
0 0.8890625 0.8175925925925925 0.0625 0.08333333333333333
0 0.07421875 0.8421296296296297 0.06510416666666667 0.0824074074074074
0 0.17942708333333332 0.7986111111111112 0.034895833333333334 0.05277777777777778
0 0.3234375 0.8356481481481481 0.075 0.08981481481481482
0 0.7455729166666667 0.762962962962963 0.07135416666666666 0.09259259259259259
0 0.10260416666666666 0.6106481481481482 0.04375 0.09722222222222222
0 0.05416666666666667 0.5083333333333333 0.029166666666666667 0.10185185185185185
0 0.8111979166666666 0.6851851851851852 0.059895833333333336 0.08148148148148149
0 0.38359375 0.8208333333333333 0.049479166666666664 0.04537037037037037
0 0.9546875 0.7930555555555555 0.0375 0.05648148148148148
0 0.16614583333333333 0.34074074074074073 0.030208333333333334 0.14814814814814814
0 0.6759230610561057 0.8050284195086175 0.040222772277227745 0.0955720572057205
