0 0.45729166666666665 0.5648148148148148 0.06979166666666667 0.09074074074074075
0 0.15494791666666666 0.8148148148148148 0.0640625 0.08703703703703704
0 0.35520833333333335 0.6106481481481482 0.057291666666666664 0.10277777777777777
0 0.48385416666666664 0.725 0.053125 0.1
0 0.2747395833333333 0.675 0.0671875 0.06851851851851852
0 0.046614583333333334 0.6143518518518518 0.0578125 0.0787037037037037
0 0.05651041666666667 0.5157407407407407 0.04635416666666667 0.10555555555555556
0 0.34921875 0.9046296296296297 0.0640625 0.09814814814814815
0 0.146875 0.4722222222222222 0.053125 0.1111111111111111
0 0.5481770833333334 0.6731481481481482 0.06302083333333333 0.08333333333333333
0 0.7854166666666667 0.49074074074074076 0.04791666666666667 0.1111111111111111
0 0.07760416666666667 0.38287037037037036 0.05 0.09351851851851851
0 0.29322916666666665 0.8185185185185185 0.06354166666666666 0.07037037037037037
0 0.0171875 0.7449074074074075 0.03229166666666667 0.07685185185185185
0 0.8450520833333334 0.8157407407407408 0.033854166666666664 0.040740740740740744
0 0.7596354166666667 0.6231481481481481 0.0640625 0.09074074074074075
0 0.8692708333333333 0.7662037037037037 0.030208333333333334 0.075
0 0.9903645833333333 0.43425925925925923 0.018229166666666668 0.08148148148148149
0 0.9106770833333333 0.7805555555555556 0.0515625 0.10740740740740741
0 0.25364583333333335 0.7796296296296297 0.04479166666666667 0.09074074074074075
0 0.03723958333333333 0.6796296296296296 0.033854166666666664 0.08148148148148149
0 0.9705729166666667 0.763425925925926 0.0515625 0.09722222222222222
0 0.0125 0.8041666666666667 0.023958333333333335 0.062037037037037036
0 0.25936295761079 0.5863305502033825 0.055093930635838124 0.10008563476771576
