0 0.21536458333333333 0.5537037037037037 0.059895833333333336 0.09259259259259259
0 0.46197916666666666 0.5851851851851851 0.06145833333333333 0.10740740740740741
0 0.13333333333333333 0.5171296296296296 0.05 0.08425925925925926
0 0.9755208333333333 0.49212962962962964 0.0 0.000925925925925926
0 0.9059895833333333 0.7305555555555555 0.04114583333333333 0.08333333333333333
0 0.34739583333333335 0.9083333333333333 0.06666666666666667 0.09074074074074075
0 0.7690104166666667 0.5296296296296297 0.06302083333333333 0.11481481481481481
0 0.35703125 0.6865740740740741 0.04635416666666667 0.11018518518518519
0 0.22994791666666667 0.662962962962963 0.0578125 0.07962962962962963
0 0.22526041666666666 0.8189814814814815 0.06927083333333334 0.07314814814814814
0 0.1203125 0.6583333333333333 0.028125 0.11666666666666667
0 0.44296875 0.6981481481481482 0.0703125 0.07592592592592592
0 0.06302083333333333 0.6972222222222222 0.04479166666666667 0.07222222222222222
0 0.6794270833333333 0.600925925925926 0.0703125 0.08518518518518518
0 0.09114583333333333 0.46435185185185185 0.027083333333333334 0.10092592592592593
0 0.8744791666666667 0.7666666666666667 0.029166666666666667 0.05
0 0.24505208333333334 0.7712962962962963 0.03697916666666667 0.05185185185185185
0 0.8916666666666667 0.8115740740740741 0.04375 0.04537037037037037
0 0.14479166666666668 0.42453703703703705 0.029166666666666667 0.1287037037037037
0 0.346875 0.7962962962962963 0.040625 0.08333333333333333
0 0.26015625 0.7972222222222223 0.0005208333333333333 0.0
0 0.007291666666666667 0.45 0.013541666666666667 0.06111111111111111
0 0.055644586894586893 0.5357708135485915 0.03650284900284901 0.08547008547008543
0 0.3120909685863874 0.8057009889470622 0.05535558464223384 0.0523560209424084
