0 0.36787595785440613 0.4919646658152405 0.08441091954022989 0.14953171562366968
0 0.5866027980535279 0.4891524736415247 0.0783150851581509 0.10577183022438498
0 0.32808048433048437 0.822451725229503 0.052528490028490006 0.10248496359607476
0 0.04907407407407407 0.8839506172839506 0.054629629629629625 0.09547325102880656
0 0.10520833333333333 0.6679012345679012 0.04745370370370369 0.13086419753086423
0 0.09328703703703704 0.7788065843621399 0.03472222222222223 0.06049382716049386
0 0.02210648148148148 0.7858024691358024 0.03865740740740741 0.08436213991769545
0 0.7910667539267014 0.8243649408570874 0.06599040139616055 0.07611014155516774
0 0.8569208115183247 0.6256059724646111 0.05862783595113434 0.13040527438433192
0 0.8817353839441535 0.6794163273220865 0.06190008726003491 0.10713593174326155
0 0.9370909685863874 0.70123133604809 0.052628708551483425 0.12846616249757614
0 0.9786758289703315 0.5647663370176459 0.03599476439790585 0.10180337405468286
