0 0.5385416666666667 0.7587962962962963 0.05520833333333333 0.08981481481481482
0 0.4940104166666667 0.5967592592592592 0.0671875 0.11203703703703703
0 0.39114583333333336 0.9263888888888889 0.075 0.09166666666666666
0 0.23489583333333333 0.5375 0.05416666666666667 0.09722222222222222
0 0.20592606707317074 0.46805555555555556 0.03697916666666667 0.10277777777777777
0 0.18880208333333334 0.8194444444444444 0.07135416666666666 0.07592592592592592
0 0.04973958333333333 0.6296296296296297 0.0328125 0.09444444444444444
0 0.07552083333333333 0.65 0.034375 0.10185185185185185
0 0.11510416666666666 0.6851851851851852 0.06041666666666667 0.07777777777777778
0 0.6296875 0.7564814814814815 0.06875 0.09444444444444444
0 0.47890625 0.799074074074074 0.058854166666666666 0.06481481481481481
0 0.26796875 0.48518518518518516 0.05677083333333333 0.09259259259259259
0 0.7830729166666667 0.6921296296296297 0.0578125 0.0824074074074074
0 0.4973958333333333 0.6884259259259259 0.053125 0.06944444444444445
0 0.7963541666666667 0.10925925925925926 0.041666666666666664 0.12777777777777777
0 0.70859375 0.7050925925925926 0.0640625 0.05648148148148148
0 0.24243551587301587 0.7738095238095237 0.04389880952380952 0.09259259259259259
0 0.20982142857142855 0.7235449735449735 0.024801587301587286 0.10052910052910051
0 0.3278769841269841 0.9078483245149911 0.05605158730158729 0.06966490299823638
0 0.5857911985018727 0.46140241364960466 0.026919475655430722 0.10923845193508121
0 0.15987168874172183 0.4157468727005151 0.045184878587196456 0.09197939661515817
0 0.009497549019607842 0.8055555555555556 0.010416666666666666 0.045751633986928074
0 0.018075980392156864 0.7314814814814815 0.03553921568627451 0.11873638344226581
0 0.30264846041055715 0.8175844466167047 0.04750122189638315 0.04018681438036274
