0 0.2525436046511628 0.44268590295722077 0.073078165374677 0.12525122021246046
0 0.20903716216216217 0.6085251918585252 0.06490865865865866 0.06423089756423087
0 0.2821961181055156 0.8027744471089795 0.042809502398081574 0.07011057820410342
0 0.17517236211031176 0.8449074074074073 0.06501049160671461 0.08676392219557683
0 0.10961446360153256 0.559174116645381 0.034363026819923356 0.12515964240102176
0 0.1258979885057471 0.7885270327799062 0.0238266283524904 0.04831843337590461
0 0.05501676245210727 0.7723499361430395 0.028855363984674327 0.06236696466581525
0 0.04968869731800766 0.6935930183056619 0.05387931034482758 0.07258407833120478
0 0.8327831572769954 0.6593961919666145 0.05281690140845067 0.12682576943140325
0 0.8895429870892019 0.8204551382368285 0.06657130281690146 0.08965832029212313
0 0.9386920481220659 0.7092788210745958 0.047865316901408404 0.11574074074074074
0 0.9056814847417841 0.582942097026604 0.06033597417840374 0.08998435054773084
