0 0.14140625 0.8694444444444445 0.0734375 0.08703703703703704
0 0.9666666666666667 0.8092592592592592 0.057291666666666664 0.07962962962962963
0 0.9424479166666667 0.7097222222222223 0.04635416666666667 0.11018518518518519
0 0.94296875 0.48935185185185187 0.04739583333333333 0.13425925925925927
0 0.940625 0.33796296296296297 0.0625 0.0962962962962963
0 0.08932291666666667 0.6884259259259259 0.04635416666666667 0.11388888888888889
0 0.8723958333333334 0.42314814814814816 0.03229166666666667 0.10740740740740741
0 0.03723958333333333 0.5263888888888889 0.033854166666666664 0.1175925925925926
0 0.08151041666666667 0.4675925925925926 0.0390625 0.11666666666666667
0 0.8049479166666667 0.5550925925925926 0.03802083333333333 0.13055555555555556
0 0.31666666666666665 0.4703703703703704 0.05 0.08148148148148149
0 0.7283854166666667 0.8125 0.058854166666666666 0.06944444444444445
0 0.011458333333333333 0.8231481481481482 0.021875 0.06851851851851852
0 0.7174479166666666 0.812962962962963 0.030729166666666665 0.06851851851851852
0 0.8557080350039776 0.3389905418545036 0.06712410501193311 0.11977371165915317
