0 0.31223958333333335 0.825462962962963 0.06927083333333334 0.07314814814814814
0 0.14296875 0.8467592592592592 0.0609375 0.075
0 0.83671875 0.8143518518518519 0.0578125 0.058333333333333334
0 0.9395833333333333 0.7087962962962963 0.04583333333333333 0.10833333333333334
0 0.09765625 0.6995370370370371 0.04635416666666667 0.09537037037037037
0 0.14036458333333332 0.6453703703703704 0.03802083333333333 0.10925925925925926
0 0.9822916666666667 0.7171296296296297 0.030208333333333334 0.10277777777777777
0 0.05859375 0.7097222222222223 0.034895833333333334 0.09722222222222222
0 0.453125 0.38796296296296295 0.0375 0.15185185185185185
0 0.7244791666666667 0.825 0.025 0.04259259259259259
0 0.008333333333333333 0.4486111111111111 0.015625 0.09722222222222222
0 0.8078955314009661 0.7045088566827696 0.07412439613526563 0.14761137949543748
