0 0.37189327485380114 0.3959551656920078 0.0744700292397661 0.11695906432748533
0 0.3781752558479532 0.7143437296946068 0.06830226608187134 0.0869070825211176
0 0.7911869517543858 0.8284600389863548 0.0710434941520468 0.07472384665367113
0 0.8231679459064326 0.760436972059779 0.05642361111111119 0.08325211176088361
0 0.7409311038011696 0.8107943469785575 0.052768640350877166 0.07350552306692654
0 0.5799981725146198 0.7971897335932422 0.04340277777777774 0.10883690708252106
0 0.5523574561403508 0.6134259259259259 0.06990131578947369 0.12629954515919423
0 0.07949561403508772 0.7064246263807668 0.03700657894736841 0.10843079922027285
0 0.1575063961988304 0.6589100064977257 0.055966739766081866 0.10274528914879798
0 0.02901133040935672 0.6749512670565301 0.04979897660818713 0.10152696556205328
0 0.12381213450292396 0.8239928525016244 0.0644188596491228 0.08203378817413902
0 0.15944809941520466 0.7921133853151396 0.026041666666666668 0.059697855750487264
0 0.9343019005847952 0.7076429499675113 0.05482456140350879 0.11980181936322283
0 0.971422697368421 0.491593567251462 0.047743055555555594 0.10193307342430147
0 0.12747243839169908 0.27849834270067736 0.03566796368352788 0.15492145842340393
