0 0.5859375 0.564913317572892 0.07978723404255313 0.10638297872340421
0 0.42546452702702703 0.5630630630630631 0.08305180180180181 0.0844594594594595
0 0.37707629504504503 0.7756193693693694 0.0390625 0.10854604604604601
0 0.2611204954954955 0.8815065065065065 0.08938626126126129 0.10385385385385389
0 0.10926942567567567 0.7371433933933934 0.037654842342342336 0.11480230230230228
0 0.0709107545045045 0.7851601601601601 0.05313907657657658 0.0625625625625626
0 0.6764674831081081 0.6761448948948948 0.06879926801801801 0.07789039039039033
0 0.754856418918919 0.7753065565565566 0.03976632882882877 0.10792042042042042
0 0.7542405686936937 0.6758320820820822 0.06528012387387391 0.08226976976976977
0 0.8133621903153153 0.7393330830830831 0.062112894144144094 0.0816441441441442
0 0.8679969031531533 0.7179054054054055 0.05454673423423427 0.06631631631631625
0 0.8459142736486487 0.8292667667667668 0.061760979729729826 0.08258258258258255
0 0.8880560247747747 0.8162850350350351 0.04398930180180175 0.08477227227227228
0 0.9346846846846847 0.7088338338338338 0.057010135135135205 0.11261261261261266
0 0.9471776463963965 0.5394456956956957 0.06827139639639637 0.11542792792792785
0 0.9860641891891893 0.48439064064064064 0.025337837837837777 0.07663913913913918
0 0.8856241699867198 0.30692046628301606 0.06100597609561748 0.10919285819684224
