0 0.1239691840277778 0.8634741512345679 0.07649739583333334 0.10754243827160487
0 0.186767578125 0.8092206790123457 0.07568359375 0.07908950617283958
0 0.26204427083333337 0.8080150462962963 0.04991319444444446 0.07185570987654318
0 0.10700924295774648 0.6918362023995828 0.03979606807511737 0.10498174230568592
0 0.060152582159624414 0.4976851851851852 0.03594483568075117 0.11965310380803336
0 0.15322403169014087 0.2826682316118936 0.05189994131455401 0.12323943661971834
0 0.8859668427230047 0.818661971830986 0.06235328638497653 0.09259259259259259
0 0.8014231220657277 0.7808424621804905 0.061252934272300524 0.1291079812206573
0 0.8403939260563381 0.6558098591549295 0.037228579812206536 0.11639280125195625
0 0.9365830399061034 0.7025952008346376 0.0473151408450704 0.11932707355242571
0 0.9677669701986755 0.5560154525386314 0.06260347682119208 0.08860681873926902
0 0.3189326029216467 0.4028331119964586 0.07926626826029218 0.10624169986719784
