0 0.8971354166666666 0.6819444444444445 0.05572916666666667 0.08796296296296297
0 0.9411458333333333 0.5125 0.0 0.000925925925925926
0 0.6005208333333333 0.5314814814814814 0.08333333333333333 0.09814814814814815
0 0.2669270833333333 0.8625 0.06197916666666667 0.08055555555555556
0 0.10729166666666666 0.4527777777777778 0.04583333333333333 0.10740740740740741
0 0.8528645833333334 0.6032407407407407 0.05677083333333333 0.09722222222222222
0 0.9752604166666666 0.7782407407407408 0.043229166666666666 0.08055555555555556
0 0.7822916666666667 0.8453703703703703 0.036458333333333336 0.05555555555555555
0 0.6390625 0.8351851851851851 0.06145833333333333 0.08518518518518518
0 0.10859375 0.6680555555555555 0.0421875 0.10277777777777777
0 0.9619791666666667 0.8263888888888888 0.04583333333333333 0.05092592592592592
0 0.9518229166666666 0.5685185185185185 0.05677083333333333 0.1111111111111111
0 0.09557291666666666 0.55 0.05677083333333333 0.07407407407407407
0 0.25546875 0.65 0.030729166666666665 0.13518518518518519
0 0.0421875 0.799074074074074 0.041666666666666664 0.06296296296296296
0 0.08359375 0.8032407407407407 0.025520833333333333 0.06388888888888888
0 0.2604166666666667 0.7782407407407408 0.027083333333333334 0.09537037037037037
0 0.04765625 0.5606481481481481 0.04114583333333333 0.07685185185185185
0 0.020052083333333335 0.6263888888888889 0.034895833333333334 0.06018518518518518
0 0.10338541666666666 0.7638888888888888 0.028645833333333332 0.053703703703703705
0 0.054947916666666666 0.5356481481481481 0.0067708333333333336 0.01574074074074074
0 0.6838541666666667 0.6467592592592593 0.0375 0.15833333333333333
0 0.7380208333333333 0.8587962962962963 0.028125 0.030555555555555555
0 0.08229166666666667 0.7203703703703703 0.028125 0.046296296296296294
0 0.26901041666666664 0.8699074074074075 0.0026041666666666665 0.002777777777777778
0 0.20474137931034483 0.7614942528735633 0.02574233716475094 0.09046402724563642
0 0.16281088501291988 0.7789621016365201 0.03209786821705425 0.10156474303761122
0 0.055023521505376344 0.7370071684587813 0.023521505376344082 0.09035244922341701
0 0.9181391797556718 0.48623230560403335 0.06108202443280983 0.04556912933876284
