0 0.23645833333333333 0.6435185185185185 0.05520833333333333 0.09074074074074075
0 0.21302083333333333 0.6888888888888889 0.05416666666666667 0.07777777777777778
0 0.15520833333333334 0.8606481481481482 0.07395833333333333 0.09907407407407408
0 0.34921875 0.9064814814814814 0.0703125 0.09259259259259259
0 0.08541666666666667 0.7592592592592593 0.040625 0.09074074074074075
0 0.3502604166666667 0.7430555555555556 0.05364583333333333 0.09907407407407408
0 0.0265625 0.39490740740740743 0.051041666666666666 0.09351851851851851
0 0.14765625 0.45092592592592595 0.05572916666666667 0.0962962962962963
0 0.22083333333333333 0.7731481481481481 0.03958333333333333 0.08333333333333333
0 0.4674479166666667 0.7638888888888888 0.03697916666666667 0.11481481481481481
0 0.6546875 0.5435185185185185 0.07291666666666667 0.0962962962962963
0 0.896875 0.6800925925925926 0.05416666666666667 0.07314814814814814
0 0.16145833333333334 0.5745370370370371 0.052083333333333336 0.12685185185185185
0 0.96640625 0.7814814814814814 0.049479166666666664 0.07407407407407407
0 0.09453125 0.5430555555555555 0.034895833333333334 0.10462962962962963
0 0.86875 0.7791666666666667 0.027083333333333334 0.08981481481481482
0 0.25234375 0.812037037037037 0.05260416666666667 0.04259259259259259
0 0.9666666666666667 0.6768518518518518 0.027083333333333334 0.10555555555555556
0 0.4192708333333333 0.7587962962962963 0.04583333333333333 0.07685185185185185
0 0.42161458333333335 0.8375 0.06510416666666667 0.075
0 0.8557291666666667 0.8231481481481482 0.04895833333333333 0.03148148148148148
0 0.015885416666666666 0.7421296296296296 0.0265625 0.09907407407407408
