0 0.23385416666666667 0.8712962962962963 0.07604166666666666 0.09074074074074075
0 0.05546875 0.6393518518518518 0.05260416666666667 0.0824074074074074
0 0.9411458333333333 0.7087962962962963 0.042708333333333334 0.11018518518518519
0 0.9830729166666666 0.42685185185185187 0.0328125 0.06111111111111111
0 0.9651041666666667 0.8055555555555556 0.06145833333333333 0.07592592592592592
0 0.9338541666666667 0.3824074074074074 0.03958333333333333 0.12962962962962962
0 0.11510416666666666 0.6101851851851852 0.026041666666666668 0.1111111111111111
0 0.8421875 0.36898148148148147 0.052083333333333336 0.09907407407407408
0 0.11875 0.7930555555555555 0.028125 0.041666666666666664
0 0.0171875 0.5791666666666667 0.03229166666666667 0.08981481481481482
0 0.21510416666666668 0.7578703703703704 0.041666666666666664 0.125
0 0.6533854166666667 0.25046296296296294 0.03802083333333333 0.15462962962962962
0 0.017447916666666667 0.7754629629629629 0.030729166666666665 0.11388888888888889
0 0.8960586939102565 0.3345352564102564 0.06435296474358966 0.1023860398860399
0 0.8208607456140349 0.49122807017543857 0.06496710526315788 0.15204678362573096
0 0.05923080747812251 0.738972863077875 0.04487370723945903 0.11005038451339168
