0 0.13645833333333332 0.7509259259259259 0.053125 0.08333333333333333
0 0.50546875 0.8393518518518519 0.07135416666666666 0.0824074074074074
0 0.1671875 0.4888888888888889 0.052083333333333336 0.09444444444444444
0 0.36380208333333336 0.9106481481481481 0.06302083333333333 0.08611111111111111
0 0.12395833333333334 0.4773148148148148 0.035416666666666666 0.11388888888888889
0 0.06927083333333334 0.5296296296296297 0.040625 0.10555555555555556
0 0.04973958333333333 0.7148148148148148 0.04114583333333333 0.10185185185185185
0 0.21171875 0.7726851851851851 0.03177083333333333 0.09166666666666666
0 0.16223958333333333 0.5949074074074074 0.058854166666666666 0.09351851851851851
0 0.023958333333333335 0.7509259259259259 0.042708333333333334 0.07037037037037037
0 0.08463541666666667 0.7583333333333333 0.028645833333333332 0.1037037037037037
0 0.5609375 0.812962962962963 0.03333333333333333 0.07777777777777778
0 0.6177083333333333 0.8074074074074075 0.03229166666666667 0.08703703703703704
0 0.34765625 0.8231481481481482 0.043229166666666666 0.05740740740740741
0 0.5020833333333333 0.7722222222222223 0.03229166666666667 0.053703703703703705
0 0.8841145833333334 0.8101851851851852 0.0421875 0.044444444444444446
0 0.8705729166666667 0.7541666666666667 0.024479166666666666 0.09351851851851851
0 0.05026041666666667 0.8152777777777778 0.03802083333333333 0.07685185185185185
0 0.10953147353361944 0.352686377364489 0.026376967095851224 0.10689874423780005
0 0.1515557939914163 0.6864965824193291 0.04381258941344779 0.09179780639008113
