0 0.2375 0.5361111111111111 0.05520833333333333 0.0962962962962963
0 0.05286458333333333 0.625462962962963 0.04114583333333333 0.08425925925925926
0 0.39401041666666664 0.924537037037037 0.0703125 0.09722222222222222
0 0.54375 0.7481481481481481 0.06354166666666666 0.07407407407407407
0 0.07708333333333334 0.6777777777777778 0.035416666666666666 0.09814814814814815
0 0.3260416666666667 0.9175925925925926 0.06041666666666667 0.08703703703703704
0 0.46484375 0.7787037037037037 0.07135416666666666 0.08333333333333333
0 0.48776041666666664 0.7055555555555556 0.0609375 0.06111111111111111
0 0.15651041666666668 0.4115740740740741 0.04739583333333333 0.12314814814814815
0 0.2078125 0.4634259259259259 0.04791666666666667 0.08981481481481482
0 0.5895833333333333 0.4546296296296296 0.051041666666666666 0.14629629629629629
0 0.7856770833333333 0.6893518518518519 0.059895833333333336 0.09537037037037037
0 0.26536458333333335 0.46435185185185185 0.058854166666666666 0.0824074074074074
0 0.11875 0.6949074074074074 0.057291666666666664 0.08611111111111111
0 0.48671875 0.6134259259259259 0.06822916666666666 0.08796296296296297
0 0.73515625 0.030555555555555555 0.0390625 0.05925925925925926
0 0.6122395833333333 0.7615740740740741 0.06927083333333334 0.07685185185185185
0 0.021354166666666667 0.7625 0.03854166666666667 0.09166666666666666
0 0.017447916666666667 0.7023148148148148 0.0328125 0.058333333333333334
0 0.1872677813163482 0.8141660769049304 0.07198779193205945 0.04777070063694271
0 0.30970582975679534 0.8001510093784772 0.04180078683834048 0.07431250993482752
0 0.23795153791130186 0.7480925131139724 0.04493025751072963 0.10054045461770782
0 0.2090039341917024 0.7145127960578604 0.02458869814020028 0.08504212366873316
0 0.69384765625 0.7100694444444444 0.0576171875 0.04976851851851852
