0 0.534375 0.6675925925925926 0.052083333333333336 0.11481481481481481
0 0.3216145833333333 0.9125 0.07239583333333334 0.09722222222222222
0 0.615625 0.5574074074074075 0.04479166666666667 0.13333333333333333
0 0.12135416666666667 0.6305555555555555 0.059375 0.08518518518518518
0 0.4747395833333333 0.6615740740740741 0.06822916666666666 0.11203703703703703
0 0.44375 0.9314814814814815 0.090625 0.10185185185185185
0 0.40703125 0.6662037037037037 0.0640625 0.0712962962962963
0 0.18020833333333333 0.4537037037037037 0.059375 0.06666666666666667
0 0.4109375 0.7481481481481481 0.052083333333333336 0.09074074074074075
0 0.15911458333333334 0.525 0.05260416666666667 0.05555555555555555
0 0.10364583333333334 0.7925925925925926 0.058333333333333334 0.06111111111111111
0 0.047135416666666666 0.6902777777777778 0.0421875 0.09907407407407408
0 0.18463541666666666 0.5606481481481481 0.049479166666666664 0.09166666666666666
0 0.56796875 0.7134259259259259 0.05572916666666667 0.06018518518518518
0 0.23125 0.5092592592592593 0.03958333333333333 0.10185185185185185
0 0.8518229166666667 0.6064814814814815 0.06510416666666667 0.06296296296296296
0 0.5815104166666667 0.7972222222222223 0.06614583333333333 0.05555555555555555
0 0.06927083333333334 0.6259259259259259 0.05 0.05925925925925926
0 0.22916666666666666 0.8277777777777777 0.078125 0.09444444444444444
0 0.50234375 0.8277777777777777 0.033854166666666664 0.044444444444444446
0 0.98125 0.6949074074074074 0.03229166666666667 0.04722222222222222
0 0.016145833333333335 0.7046296296296296 0.029166666666666667 0.07037037037037037
0 0.6611979166666667 0.8125 0.0515625 0.07685185185185185
0 0.01484375 0.7833333333333333 0.027604166666666666 0.07037037037037037
0 0.31536458333333334 0.8092592592592592 0.0296875 0.04814814814814815
0 0.5410113134657837 0.5393058621535443 0.03828642384105958 0.1244787834191807
