0 0.4908854166666667 0.5351851851851852 0.058854166666666666 0.11851851851851852
0 0.2625 0.8819444444444444 0.046875 0.10277777777777777
0 0.24479166666666666 0.6129629629629629 0.035416666666666666 0.09814814814814815
0 0.13854166666666667 0.42592592592592593 0.04375 0.1037037037037037
0 0.2747395833333333 0.7375 0.0609375 0.08611111111111111
0 0.346875 0.9097222222222222 0.06666666666666667 0.08981481481481482
0 0.23619791666666667 0.5361111111111111 0.0515625 0.09074074074074075
0 0.08385416666666666 0.4930555555555556 0.057291666666666664 0.09907407407407408
0 0.0390625 0.6458333333333334 0.03854166666666667 0.09537037037037037
0 0.21848958333333332 0.937037037037037 0.07239583333333334 0.10185185185185185
0 0.7276041666666667 0.6444444444444445 0.059375 0.1
0 0.4518229166666667 0.8078703703703703 0.07239583333333334 0.0824074074074074
0 0.634375 0.711574074074074 0.053125 0.11388888888888889
0 0.6765625 0.6564814814814814 0.05520833333333333 0.09814814814814815
0 0.09375 0.6754629629629629 0.029166666666666667 0.07685185185185185
0 0.6114583333333333 0.5037037037037037 0.078125 0.1
0 0.17265625 0.5555555555555556 0.033854166666666664 0.1
0 0.013541666666666667 0.8032407407407407 0.026041666666666668 0.06388888888888888
0 0.5721354166666667 0.6527777777777778 0.0296875 0.11481481481481481
0 0.026041666666666668 0.7587962962962963 0.04791666666666667 0.062037037037037036
0 0.13776041666666666 0.7472222222222222 0.030729166666666665 0.11851851851851852
0 0.20572916666666666 0.6550925925925926 0.036458333333333336 0.11018518518518519
0 0.016927083333333332 0.6967592592592593 0.03177083333333333 0.06388888888888888
