0 0.15260416666666668 0.44166666666666665 0.05416666666666667 0.09444444444444444
0 0.15390625 0.5564814814814815 0.050520833333333334 0.07962962962962963
0 0.8700520833333333 0.7907407407407407 0.0453125 0.08518518518518518
0 0.31276041666666665 0.587037037037037 0.059895833333333336 0.10185185185185185
0 0.10442708333333334 0.7138888888888889 0.058854166666666666 0.09444444444444444
0 0.7177083333333333 0.6217592592592592 0.07395833333333333 0.12685185185185185
0 0.0609375 0.8402777777777778 0.059375 0.075
0 0.35182291666666665 0.9060185185185186 0.0703125 0.08981481481481482
0 0.11901041666666666 0.8662037037037037 0.07135416666666666 0.08055555555555556
0 0.2833333333333333 0.7810185185185186 0.03229166666666667 0.10833333333333334
0 0.27838541666666666 0.6587962962962963 0.06302083333333333 0.0824074074074074
0 0.03203125 0.6236111111111111 0.0328125 0.09907407407407408
0 0.6861979166666666 0.4912037037037037 0.0578125 0.10833333333333334
0 0.7234375 0.40879629629629627 0.06875 0.0712962962962963
0 0.36770833333333336 0.6546296296296297 0.058333333333333334 0.08333333333333333
0 0.09895833333333333 0.42916666666666664 0.041666666666666664 0.125
0 0.0609375 0.5773148148148148 0.023958333333333335 0.09907407407407408
0 0.07578125 0.5444444444444444 0.0015625 0.001851851851851852
0 0.9611979166666667 0.4532407407407407 0.04635416666666667 0.10833333333333334
0 0.022135416666666668 0.7203703703703703 0.0390625 0.07962962962962963
0 0.0109375 0.7486111111111111 0.020833333333333332 0.04537037037037037
0 0.93125 0.8092592592592592 0.036458333333333336 0.03333333333333333
0 0.07552083333333333 0.4986675700090334 0.0355691056910569 0.09598012646793132
0 0.6312881097560975 0.5952122854561879 0.025406504065040636 0.1106594399277326
