0 0.4214090788072417 0.8217962371317004 0.06439696485623005 0.10472133475328367
0 0.39594981363152293 0.7022837534019644 0.07105298189563367 0.10117145899893502
0 0.24708132045088568 0.8505546609411344 0.08655394524959743 0.11048488101628198
0 0.2699778582930757 0.7273215244229737 0.0322061191626409 0.13061370549293255
0 0.09832057823129252 0.7119911456646151 0.04692055393586005 0.10932944606413994
0 0.13567480563654033 0.8411618615700248 0.08245262390670553 0.11877766979807791
0 0.0572647502153316 0.664417647621782 0.04400839793281653 0.10096659967461
0 0.7826756386861313 0.6479791835631251 0.049992396593674 0.1071235469045687
0 0.7177615571776155 0.8091713976750472 0.0634884428223844 0.07806163828061638
0 0.7729812956204379 0.7882197891321979 0.06519920924574206 0.1138821303054879
0 0.8418871654501215 0.7986955934036226 0.049422141119221406 0.08549608002162745
0 0.9327478710462286 0.7039064612057313 0.055504866180048636 0.11557177615571772
0 0.9785583941605839 0.7885577183022437 0.04181873479318732 0.09225466342254665
0 0.9775129257907541 0.5128075155447418 0.04048813868613135 0.11523384698567182
