0 0.15755208333333334 0.8462962962962963 0.07135416666666666 0.07777777777777778
0 0.9372395833333333 0.7064814814814815 0.0484375 0.11481481481481481
0 0.8091145833333333 0.6912037037037037 0.06510416666666667 0.09166666666666666
0 0.7354166666666667 0.7768518518518519 0.042708333333333334 0.12222222222222222
0 0.9869791666666666 0.6833333333333333 0.025 0.07777777777777778
0 0.19713541666666667 0.7143518518518519 0.03802083333333333 0.11944444444444445
0 0.1375 0.7546296296296297 0.028125 0.08888888888888889
0 0.10963541666666667 0.7541666666666667 0.0296875 0.10833333333333334
0 0.3151041666666667 0.7648148148148148 0.027083333333333334 0.1259259259259259
0 0.2877604166666667 0.8212962962962963 0.06302083333333333 0.07222222222222222
0 0.4342296511627907 0.7039549239161642 0.04602713178294575 0.14965546942291125
