0 0.4206924315619968 0.8322150653068529 0.0830314009661836 0.08811952048667022
0 0.4285535535535535 0.7289233678122566 0.07007007007007005 0.11428094761428093
0 0.11361135563380283 0.8343114241001566 0.07464055164319248 0.10498174230568603
0 0.08536898474178405 0.7519887845592071 0.041629988262910804 0.09552686489306204
0 0.059327318075117375 0.6696661450182577 0.041996772300469484 0.11150234741784036
0 0.9339238556338029 0.7021061554512258 0.05446742957746468 0.11769692227438708
0 0.9729863556338029 0.7966549295774649 0.05263350938967134 0.0824856546687532
0 0.9773877640845071 0.50844418362024 0.04383069248826293 0.10335159102764735
0 0.7858295056867891 0.6633372217361718 0.057824803149606294 0.15626518907358797
0 0.7735263560804899 0.7963935063672596 0.061105643044619504 0.09186351706036741
0 0.7230150918635171 0.8076941771167492 0.05331364829396321 0.07946923301254002
0 0.2425733024691358 0.8417352537722907 0.08391203703703705 0.12448559670781884
0 0.27064043209876537 0.568758573388203 0.03124999999999997 0.1409465020576131
