0 0.32916666666666666 0.8361111111111111 0.06875 0.09259259259259259
0 0.9388020833333334 0.7060185185185185 0.0453125 0.11203703703703703
0 0.12734375 0.5523148148148148 0.04114583333333333 0.11944444444444445
0 0.0484375 0.8398148148148148 0.06041666666666667 0.08148148148148149
0 0.9065104166666667 0.8194444444444444 0.06927083333333334 0.07777777777777778
0 0.7080729166666667 0.7962962962962963 0.06822916666666666 0.10185185185185185
0 0.8114583333333333 0.6837962962962963 0.06145833333333333 0.06388888888888888
0 0.39296875 0.8300925925925926 0.05677083333333333 0.03796296296296296
0 0.9588541666666667 0.7981481481481482 0.026041666666666668 0.04814814814814815
0 0.8869791666666667 0.14722222222222223 0.026041666666666668 0.12407407407407407
0 0.08854166666666667 0.18611111111111112 0.0625 0.05
0 0.01015625 0.43148148148148147 0.019270833333333334 0.09074074074074075
0 0.12734375 0.15138888888888888 0.034895833333333334 0.10462962962962963
0 0.6526041666666667 0.8203703703703704 0.030208333333333334 0.053703703703703705
0 0.9908854166666666 0.7550925925925925 0.0171875 0.11203703703703703
0 0.09010416666666667 0.18518518518518517 0.06354166666666666 0.04814814814814815
0 0.18872055754323197 0.7890247134433181 0.049474508050089426 0.07006559332140733
