0 0.6778645833333333 0.5226851851851851 0.07239583333333334 0.09537037037037037
0 0.2638020833333333 0.6782407407407407 0.0640625 0.09351851851851851
0 0.18489583333333334 0.8791666666666667 0.08229166666666667 0.0824074074074074
0 0.1640625 0.5953703703703703 0.06458333333333334 0.07962962962962963
0 0.21796875 0.775 0.04739583333333333 0.07962962962962963
0 0.34375 0.9078703703703703 0.06354166666666666 0.09351851851851851
0 0.37994791666666666 0.8287037037037037 0.06822916666666666 0.07407407407407407
0 0.8947916666666667 0.6759259259259259 0.053125 0.07407407407407407
0 0.3734375 0.7152777777777778 0.06458333333333334 0.08796296296296297
0 0.0875 0.750462962962963 0.026041666666666668 0.10462962962962963
0 0.21848958333333332 0.6949074074074074 0.058854166666666666 0.075
0 0.09583333333333334 0.5444444444444444 0.034375 0.1037037037037037
0 0.0140625 0.4 0.027083333333333334 0.08703703703703704
0 0.8510416666666667 0.8226851851851852 0.052083333333333336 0.03425925925925926
0 0.46015625 0.7601851851851852 0.027604166666666666 0.11481481481481481
0 0.41953125 0.7865740740740741 0.028645833333333332 0.0824074074074074
0 0.86875 0.7763888888888889 0.040625 0.07685185185185185
0 0.96796875 0.6513888888888889 0.0390625 0.11018518518518519
0 0.96484375 0.7541666666666667 0.03697916666666667 0.06944444444444445
0 0.25807291666666665 0.8101851851851852 0.0515625 0.044444444444444446
0 0.49166666666666664 0.8324074074074074 0.029166666666666667 0.03518518518518519
0 0.1451469638242894 0.46762848119437267 0.04643087855297157 0.09689922480620157
