0 0.48688372600349034 0.6626914872988171 0.07280759162303667 0.12022493697886372
0 0.440799520069808 0.4101221640488656 0.07171684118673648 0.12701182858250923
0 0.9632689790575916 0.4944735311227458 0.057537085514834274 0.10762070971495048
0 0.9335460296684118 0.7046247818499127 0.05590095986038399 0.11974015900717473
0 0.8104275741710296 0.8270312197013767 0.0703534031413613 0.08435136707388016
0 0.8271978621291448 0.7436494085708746 0.05481020942408368 0.09113825867752567
0 0.7590259598603839 0.7800077564475469 0.06517233856893535 0.11440760131859604
0 0.6439517888307155 0.7421950746558076 0.061354712041884814 0.13185960829939883
0 0.5509653141361256 0.6028214077952297 0.07117146596858633 0.11392282334690707
0 0.2388743455497382 0.7814620903626138 0.06380890052356018 0.11052937754508436
0 0.12952661431064572 0.5933682373472949 0.03599476439790575 0.13379872018615474
0 0.08262434554973822 0.6527535388791932 0.05017452006980802 0.11004459957339528
0 0.09598603839441534 0.8323637773899554 0.04799301919720767 0.08919914679076979
0 0.13716186736474695 0.8202443280977312 0.0594458987783595 0.0853209230172581
0 0.11357438917975567 0.7242582897033157 0.030813699825479917 0.10083381811130503
0 0.04553883071553229 0.7160170641846034 0.05726439790575915 0.1202249369788636
0 0.15665903141361254 0.7897033158813263 0.04335732984293192 0.0610820244328098
