0 0.6922419154228855 0.7170167680117928 0.0681488391376451 0.08706467661691548
0 0.6906871890547263 0.8075363921135064 0.0686670812603649 0.08568269762299605
0 0.7920035240464344 0.7513359130274553 0.05882048092868987 0.09397457158651193
0 0.8206364013266997 0.6626589275843007 0.06374378109452733 0.10733370186106499
0 0.9373704394693199 0.7188594066703519 0.050010364842454295 0.08982863460475404
0 0.9560271558872304 0.6433112216694304 0.05726575456053074 0.08982863460475404
0 0.9803845356550579 0.5597014925373134 0.036536069651741346 0.08199742030587798
0 0.06024564676616915 0.3869541182974018 0.05156509121061359 0.14556845402616542
0 0.12722844112769485 0.20960014741109265 0.033685737976782745 0.14188317670904735
0 0.15339966832504143 0.7257693016399482 0.05959784411276948 0.1322093237516123
0 0.23087686567164176 0.8360972913211718 0.07151741293532338 0.0884466556108347
0 0.24292599502487558 0.7561728395061726 0.06400290215588722 0.07969412198267924
