0 0.16666666666666666 0.6805555555555556 0.05416666666666667 0.08888888888888889
0 0.12890625 0.538425925925926 0.04010416666666667 0.11944444444444445
0 0.41302083333333334 0.7291666666666666 0.071875 0.09537037037037037
0 0.9033854166666667 0.6601851851851852 0.0484375 0.10925925925925926
0 0.21744791666666666 0.7976851851851852 0.0265625 0.10277777777777777
0 0.8270833333333333 0.8356481481481481 0.05625 0.05648148148148148
0 0.10989583333333333 0.6055555555555555 0.026041666666666668 0.11666666666666667
0 0.153125 0.8486111111111111 0.052083333333333336 0.0787037037037037
0 0.17265625 0.7532407407407408 0.0578125 0.05092592592592592
0 0.7869791666666667 0.7949074074074074 0.027083333333333334 0.1175925925925926
0 0.11927083333333334 0.8125 0.046875 0.05648148148148148
0 0.7395833333333334 0.7819444444444444 0.057291666666666664 0.0787037037037037
0 0.8302083333333333 0.749537037037037 0.05520833333333333 0.06944444444444445
0 0.052083333333333336 0.6222222222222222 0.025 0.10925925925925926
0 0.013802083333333333 0.7606481481481482 0.025520833333333333 0.08796296296296297
0 0.043073657187993684 0.7964718272775145 0.030855055292259084 0.06406880814463757
