0 0.2513020833333333 0.9282407407407407 0.06302083333333333 0.08611111111111111
0 0.026302083333333334 0.6388888888888888 0.0453125 0.08888888888888889
0 0.2604166666666667 0.5152777777777777 0.05520833333333333 0.11018518518518519
0 0.65625 0.7157407407407408 0.059375 0.10925925925925926
0 0.2799479166666667 0.6324074074074074 0.05677083333333333 0.12777777777777777
0 0.21510416666666668 0.8939814814814815 0.0625 0.08055555555555556
0 0.8817708333333333 0.7064814814814815 0.06041666666666667 0.07037037037037037
0 0.78203125 0.5050925925925925 0.0390625 0.13055555555555556
0 0.7807291666666667 0.6907407407407408 0.05416666666666667 0.07962962962962963
0 0.18958333333333333 0.5310185185185186 0.05625 0.0787037037037037
0 0.9385416666666667 0.7787037037037037 0.052083333333333336 0.09444444444444444
0 0.08463541666666667 0.5962962962962963 0.033854166666666664 0.10555555555555556
0 0.0390625 0.7972222222222223 0.046875 0.07222222222222222
0 0.24140625 0.7046296296296296 0.059895833333333336 0.0962962962962963
0 0.25 0.8444444444444444 0.051041666666666666 0.07407407407407407
0 0.9567708333333333 0.8351851851851851 0.053125 0.03333333333333333
0 0.38229166666666664 0.49722222222222223 0.04375 0.1425925925925926
0 0.19791666666666666 0.8287037037037037 0.040625 0.03888888888888889
0 0.10842250324254216 0.40261565067012545 0.02350843060959793 0.11997405966277562
0 0.447660519125683 0.8046448087431695 0.04149590163934427 0.08955676988463873
0 0.9333969721329046 0.6374300345361439 0.03332663451232586 0.08693581040847928
