0 0.921875 0.8083333333333333 0.06979166666666667 0.07592592592592592
0 0.9421875 0.7101851851851851 0.042708333333333334 0.10925925925925926
0 0.6973958333333333 0.7925925925925926 0.0375 0.10925925925925926
0 0.10807291666666667 0.7300925925925926 0.0421875 0.09722222222222222
0 0.8486979166666667 0.3476851851851852 0.0640625 0.10833333333333334
0 0.95234375 0.611574074074074 0.05677083333333333 0.05462962962962963
0 0.06302083333333333 0.687037037037037 0.03125 0.10555555555555556
0 0.9158854166666667 0.4305555555555556 0.0359375 0.12407407407407407
0 0.07083333333333333 0.8416666666666667 0.06666666666666667 0.07962962962962963
0 0.7828125 0.5726851851851852 0.06041666666666667 0.12314814814814815
0 0.037760416666666664 0.8018518518518518 0.043229166666666666 0.07222222222222222
0 0.10026041666666667 0.8939814814814815 0.034895833333333334 0.14907407407407408
0 0.8747395833333333 0.4083333333333333 0.030729166666666665 0.12037037037037036
0 0.007291666666666667 0.8180555555555555 0.014583333333333334 0.03981481481481482
