0 0.16536458333333334 0.8435185185185186 0.06510416666666667 0.08333333333333333
0 0.13463541666666667 0.5694444444444444 0.0390625 0.09814814814814815
0 0.32890625 0.7319444444444444 0.058854166666666666 0.0824074074074074
0 0.4 0.7412037037037037 0.051041666666666666 0.09537037037037037
0 0.9239583333333333 0.475 0.03958333333333333 0.13148148148148148
0 0.8221354166666667 0.7425925925925926 0.0546875 0.053703703703703705
0 0.81328125 0.6574074074074074 0.06302083333333333 0.07407407407407407
0 0.7609375 0.7856481481481481 0.05520833333333333 0.05277777777777778
0 0.3692708333333333 0.825462962962963 0.04479166666666667 0.08425925925925926
0 0.7736979166666667 0.8527777777777777 0.0421875 0.04259259259259259
0 0.30546875 0.8356481481481481 0.0515625 0.058333333333333334
0 0.16692708333333334 0.7611111111111111 0.0265625 0.06851851851851852
0 0.03854166666666667 0.7981481481481482 0.03229166666666667 0.06111111111111111
0 0.06822916666666666 0.8050925925925926 0.036458333333333336 0.03425925925925926
0 0.98984375 0.4041666666666667 0.019270833333333334 0.06759259259259259
0 0.6776041666666667 0.4925925925925926 0.04375 0.14814814814814814
0 0.14072516025641024 0.7989078822412155 0.03973023504273503 0.05757359924026591
0 0.07228231837606837 0.7567663817663818 0.02437232905982906 0.10505698005698005
0 0.9185093261131168 0.6299304719882337 0.03986161251504209 0.10328920978740468
