0 0.8153645833333333 0.3101851851851852 0.0609375 0.14074074074074075
0 0.9263020833333333 0.3199074074074074 0.06614583333333333 0.09907407407407408
0 0.8255208333333334 0.4736111111111111 0.04375 0.12129629629629629
0 0.9408854166666667 0.7171296296296297 0.0421875 0.12685185185185185
0 0.8119791666666667 0.7615740740740741 0.046875 0.11203703703703703
0 0.9549479166666667 0.20555555555555555 0.0390625 0.12037037037037036
0 0.12239583333333333 0.6532407407407408 0.03125 0.11018518518518519
0 0.2671875 0.9486111111111111 0.084375 0.08796296296296297
0 0.058333333333333334 0.5282407407407408 0.035416666666666666 0.10277777777777777
0 0.026041666666666668 0.5324074074074074 0.027083333333333334 0.1
0 0.9174479166666667 0.09490740740740741 0.050520833333333334 0.09907407407407408
0 0.9861979166666667 0.8189814814814815 0.0265625 0.05648148148148148
0 0.027083333333333334 0.6671296296296296 0.023958333333333335 0.07314814814814814
0 0.027083333333333334 0.7 0.0020833333333333333 0.001851851851851852
0 0.2576913759689922 0.8414082687338501 0.06641634366925064 0.09654033878840075
0 0.04461401808785529 0.6479687051392479 0.05894702842377261 0.0958225667527993
0 0.08155906593406594 0.7848748473748473 0.055231227106227104 0.05265567765567764
