0 0.1390625 0.8740740740740741 0.07604166666666666 0.07962962962962963
0 0.6299479166666667 0.6078703703703704 0.0484375 0.11944444444444445
0 0.15442708333333333 0.4425925925925926 0.049479166666666664 0.09814814814814815
0 0.15703125 0.5555555555555556 0.04635416666666667 0.08518518518518518
0 0.3106770833333333 0.5824074074074074 0.05572916666666667 0.10740740740740741
0 0.8703125 0.7875 0.04791666666666667 0.09166666666666666
0 0.28098958333333335 0.6550925925925926 0.0609375 0.075
0 0.3692708333333333 0.6467592592592593 0.059375 0.07685185185185185
0 0.109375 0.7148148148148148 0.059375 0.10185185185185185
0 0.6739583333333333 0.5023148148148148 0.07395833333333333 0.09537037037037037
0 0.7192708333333333 0.6208333333333333 0.075 0.13055555555555556
0 0.28802083333333334 0.7648148148148148 0.040625 0.10925925925925926
0 0.03307291666666667 0.8476851851851852 0.050520833333333334 0.06759259259259259
0 0.0671875 0.625 0.030208333333333334 0.1037037037037037
0 0.032552083333333336 0.6259259259259259 0.024479166666666666 0.1037037037037037
0 0.9588541666666667 0.4462962962962963 0.05416666666666667 0.12962962962962962
0 0.9341145833333333 0.8087962962962963 0.033854166666666664 0.032407407407407406
0 0.09973958333333334 0.4287037037037037 0.04114583333333333 0.11851851851851852
0 0.017447916666666667 0.7092592592592593 0.033854166666666664 0.06296296296296296
0 0.3483072916666667 0.9015376984126984 0.05766369047619045 0.07523148148148148
0 0.7080078125 0.40261243386243384 0.0674293154761904 0.05787037037037037
0 0.07408854166666666 0.49565329218107007 0.03110532407407409 0.09902263374485598
