0 0.14010416666666667 0.8458333333333333 0.06145833333333333 0.08055555555555556
0 0.09192708333333334 0.6916666666666667 0.04635416666666667 0.10185185185185185
0 0.9799479166666667 0.7458333333333333 0.0328125 0.11388888888888889
0 0.8458333333333333 0.812962962962963 0.07291666666666667 0.06666666666666667
0 0.9380208333333333 0.7078703703703704 0.04791666666666667 0.11018518518518519
0 0.13880208333333333 0.6013888888888889 0.033854166666666664 0.13240740740740742
0 0.81171875 0.6958333333333333 0.058854166666666666 0.09351851851851851
0 0.04348958333333333 0.6777777777777778 0.03697916666666667 0.10185185185185185
0 0.31666666666666665 0.825925925925926 0.06041666666666667 0.07037037037037037
0 0.012239583333333333 0.4550925925925926 0.0234375 0.09722222222222222
0 0.725 0.8236111111111111 0.021875 0.04351851851851852
0 0.24869791666666666 0.44907407407407407 0.05260416666666667 0.07222222222222222
