0 0.8252604166666667 0.4625 0.0421875 0.12129629629629629
0 0.8127604166666667 0.3162037037037037 0.05572916666666667 0.13240740740740742
0 0.2078125 0.9425925925925925 0.09166666666666666 0.08518518518518518
0 0.12760416666666666 0.6421296296296296 0.034375 0.09722222222222222
0 0.9411458333333333 0.7111111111111111 0.040625 0.12037037037037036
0 0.81640625 0.7569444444444444 0.04739583333333333 0.11203703703703703
0 0.9421875 0.17407407407407408 0.051041666666666666 0.12777777777777777
0 0.25859375 0.8379629629629629 0.0578125 0.09444444444444444
0 0.9106770833333333 0.06759259259259259 0.0578125 0.08703703703703704
0 0.03697916666666667 0.6995370370370371 0.03229166666666667 0.10833333333333334
0 0.06666666666666667 0.425462962962963 0.03125 0.10833333333333334
0 0.9625 0.33611111111111114 0.057291666666666664 0.08148148148148149
0 0.15130208333333334 0.43796296296296294 0.05677083333333333 0.06666666666666667
0 0.9864583333333333 0.825925925925926 0.026041666666666668 0.05925925925925926
0 0.09744441431670281 0.714931308749096 0.036040310918293565 0.11468626978388367
