0 0.2578125 0.875462962962963 0.0625 0.08611111111111111
0 0.09583333333333334 0.5319444444444444 0.0375 0.09166666666666666
0 0.40677083333333336 0.6898148148148148 0.046875 0.1037037037037037
0 0.14661458333333333 0.46620370370370373 0.0390625 0.12129629629629629
0 0.043229166666666666 0.5347222222222222 0.05520833333333333 0.0824074074074074
0 0.9799479166666667 0.6277777777777778 0.0359375 0.1037037037037037
0 0.34765625 0.9027777777777778 0.0640625 0.1
0 0.9625 0.7421296296296296 0.03333333333333333 0.10277777777777777
0 0.47109375 0.7416666666666667 0.033854166666666664 0.11666666666666667
0 0.228125 0.7925925925925926 0.03854166666666667 0.06296296296296296
0 0.21770833333333334 0.6916666666666667 0.06145833333333333 0.05740740740740741
0 0.20755208333333333 0.5958333333333333 0.05677083333333333 0.08425925925925926
0 0.08958333333333333 0.7055555555555556 0.040625 0.10185185185185185
0 0.17552083333333332 0.8009259259259259 0.026041666666666668 0.044444444444444446
0 0.9341145833333333 0.6731481481481482 0.04114583333333333 0.10740740740740741
0 0.8703125 0.8185185185185185 0.06354166666666666 0.03888888888888889
0 0.3109375 0.7888888888888889 0.025 0.06481481481481481
0 0.015885416666666666 0.7513888888888889 0.022395833333333334 0.0824074074074074
0 0.3419735142118863 0.8200545506747057 0.059754521963824324 0.05096181452770599
0 0.345203488372093 0.7285386161355154 0.06540697674418604 0.07895492391616428
0 0.4859092377260982 0.8333333333333334 0.02462855297157625 0.034453057708871616
0 0.4047561369509044 0.8143123743898937 0.03270348837209305 0.0624461670973299
0 0.7319928940568475 0.5232558139534883 0.06863695090439279 0.053115130634510406
0 0.8656330749354005 0.7687338501291989 0.03633720930232561 0.0645994832041343
