0 0.5361979166666667 0.9407407407407408 0.0984375 0.08888888888888889
0 0.08671875 0.7916666666666666 0.049479166666666664 0.06666666666666667
0 0.5247395833333334 0.6814814814814815 0.05260416666666667 0.10740740740740741
0 0.32317708333333334 0.9162037037037037 0.0703125 0.09166666666666666
0 0.5385416666666667 0.8027777777777778 0.06770833333333333 0.07222222222222222
0 0.14192708333333334 0.524074074074074 0.0578125 0.07777777777777778
0 0.9794270833333333 0.6680555555555555 0.03802083333333333 0.10462962962962963
0 0.30859375 0.7962962962962963 0.033854166666666664 0.08148148148148149
0 0.23828125 0.5254629629629629 0.0640625 0.12314814814814815
0 0.175 0.46111111111111114 0.06041666666666667 0.07962962962962963
0 0.3768229166666667 0.6856481481481481 0.0609375 0.09166666666666666
0 0.58046875 0.7245370370370371 0.0609375 0.05648148148148148
0 0.37994791666666666 0.788425925925926 0.0546875 0.10092592592592593
0 0.1 0.6189814814814815 0.042708333333333334 0.09537037037037037
0 0.16979166666666667 0.8263888888888888 0.05625 0.0787037037037037
0 0.85703125 0.5953703703703703 0.05572916666666667 0.07407407407407407
0 0.13177083333333334 0.7421296296296296 0.04583333333333333 0.09351851851851851
0 0.18776041666666668 0.5439814814814815 0.0546875 0.0824074074074074
0 0.44166666666666665 0.6601851851851852 0.07395833333333333 0.0962962962962963
0 0.17708333333333334 0.6462962962962963 0.065625 0.07037037037037037
0 0.46484375 0.13333333333333333 0.0421875 0.17037037037037037
0 0.21302083333333333 0.8 0.03229166666666667 0.053703703703703705
0 0.6518229166666667 0.8333333333333334 0.05677083333333333 0.03518518518518519
0 0.015364583333333333 0.7083333333333334 0.0296875 0.06481481481481481
0 0.012760416666666666 0.7666666666666667 0.0234375 0.04259259259259259
0 0.00562709380234506 0.8000651405174019 0.009683835845896148 0.03768844221105528
0 0.6019681742043551 0.6006886283268192 0.038211892797320006 0.11446119486320491
0 0.6817896586345381 0.19509147701918783 0.026982931726907702 0.13498438197233376
