0 0.22994791666666667 0.5527777777777778 0.0578125 0.07592592592592592
0 0.02734375 0.6430555555555556 0.04010416666666667 0.09722222222222222
0 0.9453125 0.7129629629629629 0.058333333333333334 0.05185185185185185
0 0.7963541666666667 0.6939814814814815 0.03958333333333333 0.11203703703703703
0 0.04739583333333333 0.8222222222222222 0.059375 0.07592592592592592
0 0.40182291666666664 0.8916666666666667 0.0703125 0.07962962962962963
0 0.4354166666666667 0.8208333333333333 0.05 0.09166666666666666
0 0.9622395833333334 0.774537037037037 0.0546875 0.07685185185185185
0 0.08411458333333334 0.7310185185185185 0.03802083333333333 0.09722222222222222
0 0.9263020833333333 0.6287037037037037 0.049479166666666664 0.07777777777777778
0 0.24375 0.3175925925925926 0.042708333333333334 0.12222222222222222
0 0.29192708333333334 0.5347222222222222 0.0484375 0.125
0 0.6260416666666667 0.22592592592592592 0.042708333333333334 0.17962962962962964
0 0.990625 0.8050925925925926 0.017708333333333333 0.058333333333333334
0 0.03958333333333333 0.48518518518518516 0.022916666666666665 0.13518518518518519
0 0.7505208333333333 0.750462962962963 0.035416666666666666 0.13055555555555556
0 0.28706630998702987 0.874225392707883 0.06424286640726332 0.06088773598501226
0 0.22788991569390404 0.8173007637988183 0.0293855382619974 0.07674016428880252
0 0.34360813878080415 0.9102536388528607 0.07397049286640721 0.04935869721861945
0 0.10757140753828033 0.6649980369061641 0.03772820965842168 0.12269336474283471
0 0.75996118504436 0.5988593155893537 0.03742870722433456 0.11195606252640468
