0 0.16536458333333334 0.8453703703703703 0.06510416666666667 0.07777777777777778
0 0.9369791666666667 0.7060185185185185 0.04895833333333333 0.11388888888888889
0 0.2682291666666667 0.8217592592592593 0.06875 0.0787037037037037
0 0.8065104166666667 0.6888888888888889 0.0609375 0.08703703703703704
0 0.13671875 0.7625 0.033854166666666664 0.08611111111111111
0 0.7328125 0.7574074074074074 0.04791666666666667 0.11296296296296296
0 0.203125 0.7606481481481482 0.034375 0.10648148148148148
0 0.10416666666666667 0.763425925925926 0.035416666666666666 0.09351851851851851
0 0.9385416666666667 0.04398148148148148 0.0020833333333333333 0.000925925925925926
0 0.25416666666666665 0.7481481481481481 0.035416666666666666 0.06296296296296296
0 0.4597724780701754 0.679093567251462 0.04536732456140354 0.131578947368421
