0 0.050520833333333334 0.5143518518518518 0.053125 0.08611111111111111
0 0.15130208333333334 0.35324074074074074 0.06510416666666667 0.09351851851851851
0 0.12994791666666666 0.7337962962962963 0.0546875 0.058333333333333334
0 0.5333333333333333 0.8412037037037037 0.075 0.08611111111111111
0 0.8375 0.812037037037037 0.036458333333333336 0.046296296296296294
0 0.05755208333333333 0.7458333333333333 0.04114583333333333 0.09722222222222222
0 0.21197916666666666 0.7587962962962963 0.03958333333333333 0.11018518518518519
0 0.13359375 0.600462962962963 0.059895833333333336 0.05092592592592592
0 0.13098958333333333 0.4912037037037037 0.03802083333333333 0.10092592592592593
0 0.3606770833333333 0.9106481481481481 0.0578125 0.08611111111111111
0 0.09895833333333333 0.7638888888888888 0.041666666666666664 0.08333333333333333
0 0.8739583333333333 0.7074074074074074 0.026041666666666668 0.09444444444444444
0 0.6221354166666667 0.7699074074074074 0.03177083333333333 0.11388888888888889
0 0.1015625 0.6537037037037037 0.04895833333333333 0.06851851851851852
0 0.5864583333333333 0.8282407407407407 0.041666666666666664 0.04537037037037037
0 0.17365225118483413 0.47678602773389506 0.053070695102685646 0.05309812181850096
0 0.20216232227488154 0.5595050026329648 0.03653238546603476 0.12813761628927514
0 0.03949294077134987 0.7987067646158555 0.028193870523415984 0.05853994490358121
0 0.01947744490358127 0.7562366085093358 0.03766356749311295 0.03558310376492197
0 0.3490918803418804 0.8364197530864197 0.024038461538461557 0.054605887939221304
0 0.3417467948717949 0.7908357075023743 0.024839743589743554 0.046058879392212704
