0 0.2347417840375587 0.7977960354720919 0.05795187793427233 0.07042253521126757
0 0.2914099178403756 0.8145865936358895 0.0586854460093897 0.09552686489306204
0 0.06611282276995305 0.8848461137193533 0.07537411971830986 0.11150234741784036
0 0.0384206279342723 0.7751369327073553 0.04126320422535212 0.0720526864893062
0 0.13357843137254902 0.31227305737109656 0.05841503267973855 0.1190994916485112
0 0.4220457650273224 0.41863995142683663 0.0756489071038251 0.10261080752884034
0 0.08648989898989898 0.48569023569023567 0.05113636363636363 0.13860830527497192
0 0.8083043981481481 0.7539866255144032 0.054976851851851784 0.10931069958847736
0 0.8468605324074073 0.6284722222222222 0.0432581018518519 0.1463477366255144
0 0.8692129629629629 0.8218878600823045 0.07089120370370369 0.08719135802469133
0 0.9361979166666666 0.7066615226337448 0.05034722222222226 0.11342592592592593
0 0.9779728169605373 0.5393460210840563 0.041063182199832106 0.08233044127250672
