0 0.12708333333333333 0.787962962962963 0.041666666666666664 0.05555555555555555
0 0.05026041666666667 0.8425925925925926 0.0453125 0.07962962962962963
0 0.14270833333333333 0.6726851851851852 0.042708333333333334 0.08981481481481482
0 0.79296875 0.7152777777777778 0.0421875 0.10092592592592593
0 0.8330729166666667 0.42916666666666664 0.05677083333333333 0.11944444444444445
0 0.9388020833333334 0.7092592592592593 0.05260416666666667 0.11666666666666667
0 0.8174479166666667 0.5879629629629629 0.050520833333333334 0.14444444444444443
0 0.07317708333333334 0.6722222222222223 0.027604166666666666 0.10185185185185185
0 0.7856770833333333 0.8125 0.05260416666666667 0.058333333333333334
0 0.8770833333333333 0.4125 0.0375 0.10648148148148148
0 0.8638020833333333 0.8106481481481481 0.043229166666666666 0.06944444444444445
0 0.024739583333333332 0.7675925925925926 0.0359375 0.05185185185185185
0 0.23463541666666668 0.8023148148148148 0.0484375 0.05277777777777778
0 0.19296875 0.8032407407407407 0.0359375 0.041666666666666664
0 0.17859299516908209 0.7411433172302736 0.05163043478260869 0.09420289855072465
0 0.882924013434089 0.7447056628416829 0.049590680100755576 0.09235936188077247
