0 0.5519943019943021 0.39173789173789175 0.09036680911680921 0.11712567268122824
0 0.5838230056980057 0.6995884773662553 0.035612535612535724 0.11554289332067114
0 0.6434740028490028 0.7033475783475784 0.042289886039886086 0.11672997784108897
0 0.6968928062678064 0.7983143399810068 0.06098646723646724 0.11277302943969603
0 0.7841435185185186 0.7441041468819247 0.052973646723646794 0.09615384615384623
0 0.7548744658119659 0.6113485280151947 0.06877670940170937 0.13532763532763536
0 0.8802973646723647 0.8188904716682495 0.027154558404558434 0.056584362139917674
0 0.9546385327635327 0.8050411522633745 0.03872863247863248 0.05974992086103199
0 0.9349385245901639 0.7047662416514874 0.05362021857923492 0.10837887067395263
0 0.966598200312989 0.17779516605807685 0.04499217527386546 0.13475917231785778
0 0.9831114398422092 0.5024106947183871 0.03266765285996058 0.13587552049090515
0 0.3469084672021419 0.8344489067380633 0.06965361445783132 0.11453220288561651
0 0.42147757697456484 0.9160716941841439 0.09496318607764392 0.13424066636918042
0 0.16014995974235105 0.7599749507962069 0.02893518518518518 0.11540526033279654
0 0.08240740740740742 0.6349794238683129 0.0412037037037037 0.11604938271604942
0 0.05618513431013431 0.7180165513498846 0.034913003663003664 0.10039343372676712
0 0.03173383424408014 0.5689637725156851 0.035860655737704916 0.10574782432705934
0 0.16971599002849005 0.4241848686293131 0.051860754985755 0.13295346628679958
0 0.5507701210826211 0.8940724912947136 0.08435719373219376 0.13809749920861025
