0 0.4489722531551596 0.7356883609667574 0.04558741648106904 0.11032747669718714
0 0.2878365831012071 0.8951047147425978 0.0864670380687094 0.10084597131950901
0 0.8726497214484681 0.8125709274734344 0.06354456824512542 0.09104508408129583
0 0.819188138347261 0.7103064066852368 0.05353412256267411 0.11090477664293817
0 0.7437470984215414 0.7082430620035076 0.05295380687093783 0.12637986175590638
0 0.06608344939647168 0.7021819870009285 0.049762070566388115 0.0745383266274631
0 0.9338730269266481 0.7034715774270092 0.05629062209842151 0.1189002372846384
0 0.9613654828226555 0.46296296296296297 0.06630106778087282 0.1418549468688744
0 0.6662648367952522 0.4255962193647653 0.06800197823936689 0.12309044949994506
0 0.6449369436201781 0.6372953071766128 0.04883778437190903 0.1480931970546214
0 0.5720666419386745 0.5879767007363447 0.07742952522255196 0.14342235410484672
0 0.6042130316518298 0.8033849873612484 0.06290182987141435 0.10220903395977572
0 0.1745617195004803 0.8086508698900629 0.052533621517771384 0.09579464190415195
