0 0.06588541666666667 0.5092592592592593 0.05572916666666667 0.09074074074074075
0 0.16536458333333334 0.4740740740740741 0.0546875 0.08888888888888889
0 0.1234375 0.7236111111111111 0.05 0.07314814814814814
0 0.34713541666666664 0.8300925925925926 0.049479166666666664 0.08796296296296297
0 0.12239583333333333 0.3453703703703704 0.05416666666666667 0.08333333333333333
0 0.09140625 0.7527777777777778 0.0296875 0.1
0 0.21432291666666667 0.7611111111111111 0.03177083333333333 0.10555555555555556
0 0.5348958333333333 0.8407407407407408 0.07083333333333333 0.08703703703703704
0 0.87578125 0.7268518518518519 0.024479166666666666 0.0962962962962963
0 0.05364583333333333 0.7333333333333333 0.035416666666666666 0.09259259259259259
0 0.125 0.6532407407407408 0.052083333333333336 0.06388888888888888
0 0.14348958333333334 0.5967592592592592 0.06302083333333333 0.06018518518518518
0 0.5890625 0.8314814814814815 0.042708333333333334 0.03888888888888889
0 0.8578125 0.8069444444444445 0.05 0.05462962962962963
0 0.6223958333333334 0.7805555555555556 0.028125 0.10925925925925926
0 0.04114583333333333 0.8032407407407407 0.065625 0.075
0 0.05390625 0.7902777777777777 0.0005208333333333333 0.002777777777777778
0 0.0296875 0.7717592592592593 0.0 0.000925925925925926
0 0.01958171834625323 0.7533017513637669 0.03835594315245479 0.04234855010048814
0 0.13303456072351422 0.5164369796152741 0.03835594315245478 0.10838357737582538
0 0.355297157622739 0.9047516508756819 0.028262273901808754 0.06962388745334477
