0 0.43463541666666666 0.8291666666666667 0.04010416666666667 0.09166666666666666
0 0.6419270833333334 0.8430555555555556 0.0546875 0.075
0 0.028645833333333332 0.6314814814814815 0.053125 0.08703703703703704
0 0.9442708333333333 0.8245370370370371 0.04895833333333333 0.05648148148148148
0 0.11640625 0.4689814814814815 0.05677083333333333 0.1175925925925926
0 0.19973958333333333 0.6342592592592593 0.05260416666666667 0.1111111111111111
0 0.23072916666666668 0.9296296296296296 0.057291666666666664 0.09444444444444444
0 0.13072916666666667 0.8722222222222222 0.07083333333333333 0.07962962962962963
0 0.9325520833333333 0.6319444444444444 0.03177083333333333 0.12685185185185185
0 0.19557291666666668 0.8324074074074074 0.03802083333333333 0.07962962962962963
0 0.8395833333333333 0.7064814814814815 0.06458333333333334 0.08148148148148149
0 0.8989583333333333 0.6828703703703703 0.03854166666666667 0.11203703703703703
0 0.16796875 0.5361111111111111 0.0484375 0.08703703703703704
0 0.17942708333333332 0.7185185185185186 0.06197916666666667 0.05925925925925926
0 0.09036458333333333 0.700925925925926 0.03697916666666667 0.08703703703703704
0 0.7 0.8601851851851852 0.034375 0.03518518518518519
0 0.5799479166666667 0.8481481481481481 0.06510416666666667 0.06111111111111111
0 0.10989583333333333 0.8199074074074074 0.05625 0.062037037037037036
0 0.03653238546603476 0.7907670703879235 0.03850710900473933 0.04563805511672801
0 0.06899190363349132 0.8012989292610145 0.022462480252764618 0.049148674741091775
0 0.7720317109144543 0.7003851196329072 0.04424778761061946 0.10037692559816451
0 0.7074969586374694 0.7393890240605568 0.04447992700729924 0.12706136793728032
