0 0.48385416666666664 0.5708333333333333 0.057291666666666664 0.11388888888888889
0 0.17421875 0.5546296296296296 0.04010416666666667 0.09814814814814815
0 0.09817708333333333 0.4824074074074074 0.05260416666666667 0.07777777777777778
0 0.3463541666666667 0.9092592592592592 0.06666666666666667 0.09259259259259259
0 0.13645833333333332 0.7425925925925926 0.034375 0.11666666666666667
0 0.66796875 0.6407407407407407 0.05260416666666667 0.09259259259259259
0 0.2765625 0.7398148148148148 0.058333333333333334 0.09444444444444444
0 0.215625 0.924537037037037 0.06770833333333333 0.0824074074074074
0 0.6255208333333333 0.49398148148148147 0.075 0.09351851851851851
0 0.6294270833333333 0.7125 0.059895833333333336 0.11388888888888889
0 0.09557291666666666 0.6282407407407408 0.04114583333333333 0.09537037037037037
0 0.72421875 0.638425925925926 0.0609375 0.11944444444444445
0 0.56953125 0.6847222222222222 0.0328125 0.125
0 0.24557291666666667 0.6041666666666666 0.0296875 0.10277777777777777
0 0.20026041666666666 0.6296296296296297 0.033854166666666664 0.12407407407407407
0 0.03854166666666667 0.6476851851851851 0.036458333333333336 0.10648148148148148
0 0.013802083333333333 0.8013888888888889 0.025520833333333333 0.06574074074074074
0 0.025520833333333333 0.7625 0.04479166666666667 0.06574074074074074
0 0.584375 0.027777777777777776 0.030208333333333334 0.053703703703703705
0 0.43287803532008834 0.826588177581555 0.06277593818984546 0.04415011037527595
0 0.2607615894039735 0.8940397350993378 0.028283664459161143 0.08462104488594556
0 0.1392582742316785 0.4314420803782506 0.03028959810874703 0.10112949829261884
0 0.23377403846153844 0.5373931623931624 0.050080128205128194 0.05626780626780622
