0 0.1700191570881226 0.8415815240527884 0.06944444444444446 0.1229246487867177
0 0.2060883620689655 0.7561728395061729 0.05238266283524903 0.11813537675606643
0 0.13843989463601533 0.7729352916134525 0.03202825670498085 0.08780332056194122
0 0.05013769157088122 0.5787037037037037 0.037416187739463605 0.10483184333759044
0 0.02215038314176245 0.6822051936994465 0.021551724137931036 0.10429970200085142
0 0.04475372516556291 0.6909185675741967 0.029490894039735097 0.11252146185921022
0 0.7228718267108168 0.8014471425067452 0.06122378587196463 0.05825361785626689
0 0.7443432671081678 0.7283235221976944 0.06277593818984546 0.08922001471670339
0 0.7890969922737306 0.6700699043414275 0.07088162251655632 0.10884228599460388
0 0.9072330298013245 0.666084130488104 0.06294839955849886 0.11558744174638218
0 0.9389659216335541 0.7059418690213393 0.048461644591611494 0.11313465783664459
0 0.9363790011037527 0.8106450821682609 0.04535733995584981 0.044763306352710315
0 0.9888072571743929 0.7499386804022566 0.018453366445916095 0.10363012018641157
0 0.9779421909492273 0.5311810154525387 0.042253035320088256 0.09289919058130983
0 0.6348167539267014 0.3434651929416327 0.05944589877835955 0.13525305410122165
0 0.8210279304029304 0.8183251933251933 0.048076923076923114 0.04527879527879535
