0 0.21176518087855295 0.8543281653746769 0.05087209302325579 0.09438702268159634
0 0.15665374677002583 0.7854220499569337 0.04885335917312662 0.06926500143554401
0 0.1300064599483204 0.7561728395061728 0.03875968992248061 0.12058570198105077
0 0.07782218992248062 0.7676571920757967 0.04299903100775193 0.07680160780935975
0 0.03229974160206718 0.643303186907838 0.029069767441860468 0.09438702268159634
0 0.047238372093023256 0.5532227964398506 0.035125968992248055 0.13386448463967843
0 0.014938630490956072 0.4626040769451622 0.028262273901808785 0.11986792994544938
0 0.26499910586552217 0.6107931966301064 0.04090665236051502 0.13034493721188997
0 0.8348181652046783 0.661143599740091 0.0513980263157895 0.11371020142949964
0 0.8849597953216374 0.6162686809616633 0.05025584795321644 0.12061403508771923
0 0.9359009502923975 0.707033788174139 0.047057748538011764 0.12589343729694602
0 0.893297697368421 0.8266325536062378 0.06647478070175446 0.10436972059779076
0 0.9825018274853801 0.6339343729694605 0.03015350877192991 0.06822612085769975
