0 0.6153645833333333 0.6 0.05677083333333333 0.11666666666666667
0 0.05703125 0.8310185185185185 0.06822916666666666 0.07685185185185185
0 0.8125 0.812962962962963 0.065625 0.053703703703703705
0 0.625 0.7981481481481482 0.06666666666666667 0.08148148148148149
0 0.9408854166666667 0.7074074074074074 0.043229166666666666 0.10925925925925926
0 0.93359375 0.8055555555555556 0.0609375 0.046296296296296294
0 0.7333333333333333 0.7171296296296297 0.06666666666666667 0.10462962962962963
0 0.7966145833333333 0.6689814814814815 0.059895833333333336 0.075
0 0.090625 0.08009259259259259 0.04375 0.1287037037037037
0 0.95546875 0.5939814814814814 0.049479166666666664 0.06944444444444445
0 0.096875 0.7856481481481481 0.028125 0.05277777777777778
0 0.25755208333333335 0.8115740740740741 0.058854166666666666 0.04722222222222222
0 0.8770833333333333 0.7189814814814814 0.06458333333333334 0.06574074074074074
0 0.06432291666666666 0.7722222222222223 0.03177083333333333 0.05
0 0.03036137440758294 0.6404686677198527 0.02863349131121643 0.11102334562050194
