0 0.1546875 0.8453703703703703 0.06979166666666667 0.07962962962962963
0 0.31640625 0.8217592592592593 0.07135416666666666 0.0787037037037037
0 0.82109375 0.8189814814814815 0.06614583333333333 0.04351851851851852
0 0.9380208333333333 0.7064814814814815 0.046875 0.11296296296296296
0 0.10807291666666667 0.7291666666666666 0.0421875 0.10277777777777777
0 0.8057291666666667 0.700462962962963 0.053125 0.09907407407407408
0 0.14817708333333332 0.7268518518518519 0.03697916666666667 0.11296296296296296
0 0.7354166666666667 0.8097222222222222 0.022916666666666665 0.07314814814814814
0 0.9869791666666666 0.6893518518518519 0.025 0.09166666666666666
0 0.18541666666666667 0.6625 0.03229166666666667 0.1175925925925926
0 0.23359375 0.6671296296296296 0.050520833333333334 0.12129629629629629
0 0.44166666666666665 0.7333333333333333 0.052083333333333336 0.1037037037037037
