0 0.09453125 0.8453703703703703 0.0671875 0.07777777777777778
0 0.9416666666666667 0.8106481481481481 0.065625 0.06944444444444445
0 0.05963541666666667 0.6462962962962963 0.03697916666666667 0.10740740740740741
0 0.946875 0.611574074074074 0.05 0.09351851851851851
0 0.9424479166666667 0.711574074074074 0.0421875 0.11018518518518519
0 0.10390625 0.7138888888888889 0.0421875 0.1
0 0.06432291666666666 0.8009259259259259 0.0484375 0.06851851851851852
0 0.7846354166666667 0.5574074074074075 0.0578125 0.1537037037037037
0 0.8489583333333334 0.34120370370370373 0.06458333333333334 0.11203703703703703
0 0.009635416666666667 0.8189814814814815 0.019270833333333334 0.04537037037037037
0 0.8736979166666666 0.4185185185185185 0.0296875 0.0962962962962963
0 0.051041666666666666 0.9148148148148149 0.03333333333333333 0.14074074074074075
0 0.926247427983539 0.36136831275720166 0.051440329218106956 0.1386031092821216
0 0.6965397509578543 0.7873563218390803 0.0417863984674329 0.11621966794380588
