0 0.15885416666666666 0.45231481481481484 0.05520833333333333 0.11018518518518519
0 0.22057291666666667 0.8092592592592592 0.06614583333333333 0.07222222222222222
0 0.27786458333333336 0.7601851851851852 0.050520833333333334 0.1
0 0.7697916666666667 0.4425925925925926 0.07708333333333334 0.11481481481481481
0 0.07734375 0.5467592592592593 0.0546875 0.06759259259259259
0 0.30572916666666666 0.6782407407407407 0.06041666666666667 0.06759259259259259
0 0.3645833333333333 0.9032407407407408 0.078125 0.09722222222222222
0 0.28541666666666665 0.5976851851851852 0.03854166666666667 0.11574074074074074
0 0.971875 0.39675925925925926 0.051041666666666666 0.08796296296296297
0 0.1484375 0.8171296296296297 0.05625 0.0824074074074074
0 0.3483231707317074 0.5856481481481481 0.06666666666666667 0.09166666666666666
0 0.4109375 0.6217592592592592 0.041666666666666664 0.12314814814814815
0 0.6158854166666666 0.687037037037037 0.0671875 0.08888888888888889
0 0.10104166666666667 0.41898148148148145 0.041666666666666664 0.11574074074074074
0 0.9106770833333333 0.8060185185185185 0.04635416666666667 0.05092592592592592
0 0.08203125 0.662962962962963 0.0546875 0.08518518518518518
0 0.8583333333333333 0.7981481481481482 0.035416666666666666 0.07222222222222222
0 0.03359375 0.6509259259259259 0.027604166666666666 0.10185185185185185
0 0.02734375 0.7435185185185185 0.0359375 0.09259259259259259
0 0.01015625 0.8023148148148148 0.019270833333333334 0.07314814814814814
0 0.903125 0.7476851851851852 0.04895833333333333 0.0712962962962963
0 0.9822916666666667 0.774537037037037 0.03125 0.08055555555555556
0 0.544452519379845 0.6772179155900085 0.052890826873385005 0.07105943152454776
0 0.7944559636650869 0.5706951026856241 0.04023499210110586 0.06801825522204676
