0 0.9377604166666667 0.8097222222222222 0.059895833333333336 0.07685185185185185
0 0.04348958333333333 0.8435185185185186 0.0578125 0.07592592592592592
0 0.93828125 0.7050925925925926 0.04635416666666667 0.11203703703703703
0 0.8018229166666667 0.6805555555555556 0.06197916666666667 0.13703703703703704
0 0.25338541666666664 0.799074074074074 0.044270833333333336 0.06481481481481481
0 0.016666666666666666 0.4125 0.03125 0.13796296296296295
0 0.3450520833333333 0.825 0.06822916666666666 0.08333333333333333
0 0.018229166666666668 0.7412037037037037 0.035416666666666666 0.09351851851851851
0 0.17265625 0.3212962962962963 0.0296875 0.11296296296296296
0 0.17473958333333334 0.7055555555555556 0.04635416666666667 0.11296296296296296
0 0.4049479166666667 0.8268518518518518 0.05572916666666667 0.04259259259259259
