0 0.5536458333333333 0.5657407407407408 0.05625 0.11481481481481481
0 0.21875 0.8532407407407407 0.06979166666666667 0.09537037037037037
0 0.7078125 0.8032407407407407 0.04583333333333333 0.08796296296296297
0 0.9690104166666667 0.47824074074074074 0.050520833333333334 0.08796296296296297
0 0.8109375 0.45 0.071875 0.10555555555555556
0 0.9416666666666667 0.9180555555555555 0.07604166666666666 0.12314814814814815
0 0.14557291666666666 0.5342592592592592 0.03802083333333333 0.1037037037037037
0 0.9291666666666667 0.6518518518518519 0.04895833333333333 0.08888888888888889
0 0.95703125 0.5907407407407408 0.0296875 0.11296296296296296
0 0.8739583333333333 0.6509259259259259 0.0625 0.06851851851851852
0 0.94296875 0.7217592592592592 0.0359375 0.10277777777777777
0 0.013802083333333333 0.8041666666666667 0.0265625 0.0712962962962963
0 0.09375 0.7912037037037037 0.020833333333333332 0.03611111111111111
0 0.9934895833333334 0.5328703703703703 0.011979166666666667 0.06388888888888888
