0 0.228125 0.9305555555555556 0.06145833333333333 0.09444444444444444
0 0.43203125 0.8310185185185185 0.04739583333333333 0.08796296296296297
0 0.028125 0.6333333333333333 0.052083333333333336 0.08518518518518518
0 0.17708333333333334 0.5319444444444444 0.057291666666666664 0.09166666666666666
0 0.16432291666666668 0.8898148148148148 0.06197916666666667 0.08518518518518518
0 0.0921875 0.6958333333333333 0.035416666666666666 0.08796296296296297
0 0.5768229166666666 0.8430555555555556 0.050520833333333334 0.07314814814814814
0 0.20859375 0.7129629629629629 0.05260416666666667 0.05925925925925926
0 0.196875 0.8240740740740741 0.034375 0.06481481481481481
0 0.9315104166666667 0.6287037037037037 0.034895833333333334 0.12777777777777777
0 0.13880208333333333 0.8273148148148148 0.06302083333333333 0.06018518518518518
0 0.63671875 0.8518518518518519 0.0578125 0.05555555555555555
0 0.9466145833333334 0.8351851851851851 0.0328125 0.03518518518518519
0 0.2 0.6328703703703704 0.03333333333333333 0.11388888888888889
0 0.8908854166666667 0.6865740740740741 0.05572916666666667 0.10277777777777777
0 0.8098958333333334 0.5 0.03958333333333333 0.13148148148148148
0 0.81484375 0.7138888888888889 0.0005208333333333333 0.0
0 0.7015625 0.8625 0.025 0.028703703703703703
0 0.6447916666666667 0.37453703703703706 0.03958333333333333 0.1527777777777778
0 0.1143924520069808 0.4842931937172774 0.026450698080279236 0.1056815978281947
0 0.03870784695201038 0.7929816976509584 0.035262645914396894 0.052601239371667434
0 0.07356517509727627 0.8028894653408273 0.02107652399481193 0.045755872604121665
0 0.8404783393501805 0.7012969648348709 0.05377557160048134 0.07821901323706383
0 0.8103000902527077 0.6601818424923118 0.04230595667870034 0.13237063778580022
0 0.7828841936572198 0.6681099115309641 0.02393302968960865 0.11302294197031036
