0 0.12578125 0.5328703703703703 0.049479166666666664 0.10833333333333334
0 0.9080729166666667 0.6555555555555556 0.044270833333333336 0.10740740740740741
0 0.6903645833333333 0.8462962962962963 0.0609375 0.06296296296296296
0 0.15052083333333333 0.737037037037037 0.052083333333333336 0.08518518518518518
0 0.21510416666666668 0.8027777777777778 0.04479166666666667 0.08888888888888889
0 0.05390625 0.65 0.027604166666666666 0.1037037037037037
0 0.4239583333333333 0.7476851851851852 0.05625 0.08611111111111111
0 0.10286458333333333 0.5935185185185186 0.033854166666666664 0.09814814814814815
0 0.22760416666666666 0.3712962962962963 0.04895833333333333 0.1388888888888889
0 0.83125 0.7509259259259259 0.05520833333333333 0.07222222222222222
0 0.7859375 0.7949074074074074 0.035416666666666666 0.10833333333333334
0 0.8341145833333333 0.8402777777777778 0.05260416666666667 0.05092592592592592
0 0.019270833333333334 0.7328703703703704 0.0375 0.049074074074074076
0 0.040625 0.7958333333333333 0.04375 0.06574074074074074
0 0.20989583333333334 0.8310185185185185 0.034375 0.03796296296296296
0 0.12526041666666668 0.8060185185185185 0.04635416666666667 0.03425925925925926
0 0.13870261087267527 0.8462486091241456 0.0556598712446352 0.06874900651724682
0 0.14060264663805436 0.6451676998887299 0.04649499284692416 0.04887935145445881
