0 0.8091145833333333 0.7569444444444444 0.059895833333333336 0.07314814814814814
0 0.7671875 0.8023148148148148 0.04479166666666667 0.08425925925925926
0 0.07838541666666667 0.7837962962962963 0.04010416666666667 0.05462962962962963
0 0.8638020833333333 0.8152777777777778 0.058854166666666666 0.06018518518518518
0 0.9450520833333333 0.7069444444444445 0.0484375 0.11203703703703703
0 0.8184895833333333 0.5787037037037037 0.0484375 0.14074074074074075
0 0.19453125 0.8018518518518518 0.034895833333333334 0.04814814814814815
0 0.12473958333333333 0.687037037037037 0.024479166666666666 0.10185185185185185
0 0.17057291666666666 0.7166666666666667 0.028645833333333332 0.09074074074074075
0 0.86171875 0.41574074074074074 0.0005208333333333333 0.001851851851851852
0 0.15260416666666668 0.6222222222222222 0.051041666666666666 0.10740740740740741
0 0.033854166666666664 0.8384259259259259 0.04583333333333333 0.09351851851851851
0 0.06145833333333333 0.49537037037037035 0.034375 0.12407407407407407
0 0.10286458333333333 0.6055555555555555 0.030729166666666665 0.0962962962962963
0 0.88125 0.38287037037037036 0.0375 0.11388888888888889
0 0.48723958333333334 0.059722222222222225 0.050520833333333334 0.11388888888888889
0 0.778125 0.23935185185185184 0.026041666666666668 0.14537037037037037
0 0.9065104166666667 0.8134259259259259 0.0265625 0.030555555555555555
0 0.8330592105263157 0.4038742690058479 0.06770833333333333 0.10745614035087717
0 0.0404464931308749 0.7458624568169034 0.032537960954446846 0.10866072145898603
