0 0.414326690821256 0.47893183038110576 0.06567028985507246 0.1344605475040258
0 0.6164787206931701 0.5089761014837467 0.07183358817533131 0.1260052101030694
0 0.4280906053459119 0.7824510831586303 0.04151926100628932 0.1262229210342418
0 0.32574926900584794 0.8241959064327484 0.06990131578947369 0.0921864847303444
0 0.30987298976608185 0.7535331384015594 0.052768640350877166 0.10761858349577645
0 0.05699470029239766 0.8897823261858347 0.05962171052631579 0.0942170240415855
0 0.07882254464285715 0.7148368606701941 0.04975818452380953 0.10141093474426807
0 0.09455605158730158 0.7842813051146386 0.02573164682539682 0.0435405643738977
0 0.034722222222222224 0.7991622574955908 0.04898313492063492 0.09479717813051149
0 0.7500382965686274 0.82380174291939 0.06982741013071893 0.07489106753812635
0 0.8578869047619047 0.6228269085411943 0.05718537414965977 0.11640211640211647
0 0.8909438775510203 0.6470143613000756 0.048894557823129264 0.12547241118669689
0 0.9369685374149659 0.7033257747543462 0.047831632653061125 0.11564625850340138
0 0.5021446078431373 0.36165577342047933 0.03492647058823527 0.14705882352941174
