0 0.4204005821078431 0.8363970588235293 0.07372089460784312 0.11097494553376898
0 0.46545287911301864 0.8141591161977428 0.06359531473533615 0.07013988237164197
0 0.39939869456366234 0.6759656652360515 0.05979524320457793 0.08742648227626777
0 0.34580650929899853 0.7118303926243841 0.05722460658082973 0.09120171673819744
0 0.6721097103004292 0.7043792719758385 0.064712982832618 0.07709426164361782
0 0.7251989449213162 0.6607653791130186 0.059348175965665224 0.11663487521856626
0 0.7866148068669527 0.6676204101096804 0.05588340486409157 0.07232554442854869
0 0.8377481223175965 0.6954379271975838 0.056665772532188775 0.09497695120012711
0 0.8642368562231759 0.7192815132729296 0.058677575107296084 0.07629947544110635
0 0.887540236051502 0.8135630265458592 0.03889484978540771 0.08285646161182643
0 0.9347058297567955 0.7083532029883962 0.05051859799713879 0.11484660626291532
0 0.9729043723175965 0.4807463042441583 0.05314958869814023 0.08325385471308216
0 0.4408082975679542 0.7295143856302654 0.060130543633762495 0.08762517882689556
0 0.05973935979971388 0.780480050866317 0.026488733905579397 0.05364806866952795
0 0.09103406652360514 0.7833611508504212 0.03923015021459227 0.052257192815132684
0 0.6348354792560801 0.5806906692099825 0.0699660228898427 0.08404864091559369
0 0.7594068877551019 0.8309712773998488 0.06707057823129255 0.07955404383975814
0 0.8240327380952379 0.31831065759637184 0.06600765306122452 0.09429327286470142
0 0.041576423267326724 0.5078841217455079 0.02668626237623762 0.11459479281261459
