0 0.6218905472636815 0.4710245070941588 0.0751451077943616 0.14510779436152565
0 0.5780880614657211 0.5877331231941161 0.06353427895981092 0.09587601786183347
0 0.5734741335372069 0.772737569373655 0.054950305810397636 0.10533469249065584
0 0.31185812793427226 0.8263236828377674 0.06840522300469486 0.08574595722483046
0 0.24326951291079812 0.8395279081898801 0.0687720070422535 0.08868022952529991
0 0.07060185185185185 0.5905349794238682 0.03665123456790123 0.12002743484224959
0 0.11439043209876543 0.5763031550068587 0.03009259259259259 0.10528120713305898
0 0.03308256172839506 0.4303840877914952 0.04456018518518518 0.10905349794238682
0 0.7892554012345678 0.4038065843621399 0.04803240740740738 0.1532921810699588
0 0.7486719787516598 0.639294673159215 0.07013612217795485 0.11730854360336436
0 0.7965014940239044 0.7115980522355024 0.06079847277556437 0.0560720082632433
0 0.8872841965471446 0.815626383355467 0.041085657370517954 0.06492548325217648
0 0.8580262284196546 0.7326250553342186 0.060590969455511255 0.08853474988933153
0 0.9363587317397077 0.7079091043234469 0.05166832669322711 0.11583296443854213
0 0.9594953519256307 0.8091707245093698 0.04648074369189909 0.07193448428508188
0 0.9757843625498007 0.24752840489892278 0.04627324037184598 0.13206433525158623
0 0.9835657370517927 0.49893020510550384 0.031540504648074355 0.13169544046038065
0 0.6673418209876542 0.83179012345679 0.04764660493827163 0.15809327846364885
