0 0.5940104166666667 0.6560185185185186 0.0453125 0.11944444444444445
0 0.15651041666666668 0.5657407407407408 0.04635416666666667 0.10925925925925926
0 0.9111979166666667 0.4981481481481482 0.0609375 0.09444444444444444
0 0.30078125 0.8384259259259259 0.034895833333333334 0.11203703703703703
0 0.92109375 0.8398148148148148 0.0515625 0.06111111111111111
0 0.04453125 0.7180555555555556 0.050520833333333334 0.0712962962962963
0 0.47239583333333335 0.6569444444444444 0.07916666666666666 0.125
0 0.07005208333333333 0.6486111111111111 0.0421875 0.08796296296296297
0 0.8018229166666667 0.37222222222222223 0.049479166666666664 0.13333333333333333
0 0.0390625 0.8587962962962963 0.04791666666666667 0.07685185185185185
0 0.109375 0.6504629629629629 0.0375 0.0712962962962963
0 0.21484375 0.5925925925925926 0.04739583333333333 0.0962962962962963
0 0.97265625 0.8185185185185185 0.04010416666666667 0.05740740740740741
0 0.8729166666666667 0.8356481481481481 0.057291666666666664 0.05648148148148148
0 0.10598958333333333 0.8439814814814814 0.05364583333333333 0.06944444444444445
0 0.13567708333333334 0.7162037037037037 0.0296875 0.08055555555555556
0 0.03567708333333333 0.7893518518518519 0.03177083333333333 0.049074074074074076
0 0.07682291666666667 0.8101851851851852 0.06197916666666667 0.05925925925925926
0 0.018106223175965663 0.5726434589095534 0.03621244635193133 0.06358289620092189
0 0.009835479256080113 0.6394054999205213 0.019223891273247494 0.042123668733110735
0 0.20442149499284692 0.8279685264663805 0.03330650929899856 0.05841678588459697
0 0.23306948109058925 0.8505570214013485 0.02995822339489885 0.07060490569725396
0 0.33983201951951947 0.749290957624291 0.027918543543543527 0.069652986319653
0 0.7762690575190574 0.6556556556556555 0.0296690921690922 0.1012551012551013
0 0.9038592896174862 0.6121736490588948 0.054644808743169314 0.04705525197328474
0 0.910433743169399 0.6715239829993928 0.05549863387978142 0.06921675774134786
0 0.9710553278688523 0.5895567698846387 0.052083333333333336 0.04310868245294465
