0 0.13307291666666668 0.8069444444444445 0.05260416666666667 0.08611111111111111
0 0.21588541666666666 0.7731481481481481 0.034895833333333334 0.08518518518518518
0 0.42604166666666665 0.837037037037037 0.06979166666666667 0.08518518518518518
0 0.1625 0.4666666666666667 0.058333333333333334 0.09444444444444444
0 0.19609375 0.6847222222222222 0.05260416666666667 0.09166666666666666
0 0.35104166666666664 0.9087962962962963 0.071875 0.08981481481481482
0 0.06953125 0.36064814814814816 0.05677083333333333 0.09166666666666666
0 0.08645833333333333 0.7430555555555556 0.025 0.11574074074074074
0 0.084375 0.5333333333333333 0.036458333333333336 0.10555555555555556
0 0.3453125 0.8074074074074075 0.03125 0.07037037037037037
0 0.2109375 0.5953703703703703 0.0625 0.1111111111111111
0 0.5708333333333333 0.6537037037037037 0.0625 0.10740740740740741
0 0.12057291666666667 0.6138888888888889 0.03177083333333333 0.10740740740740741
0 0.88515625 0.7032407407407407 0.0484375 0.08055555555555556
0 0.9489583333333333 0.799537037037037 0.025 0.04537037037037037
0 0.016927083333333332 0.7435185185185185 0.025520833333333333 0.08888888888888889
0 0.057291666666666664 0.7800925925925926 0.029166666666666667 0.041666666666666664
0 0.4708333333333333 0.7287037037037037 0.06041666666666667 0.07222222222222222
0 0.8682291666666667 0.7828703703703703 0.023958333333333335 0.08611111111111111
0 0.4700520833333333 0.8185185185185185 0.024479166666666666 0.06111111111111111
0 0.89296875 0.812962962962963 0.022395833333333334 0.03148148148148148
0 0.15558226495726496 0.5812757201646092 0.05119301994301993 0.09734093067426397
0 0.5261752136752137 0.8226495726495727 0.03828347578347581 0.05618866729977835
0 0.9372774216524218 0.7569642291864515 0.04139957264957263 0.10050648939537828
