0 0.25703125 0.8430555555555556 0.06614583333333333 0.08055555555555556
0 0.13020833333333334 0.8296296296296296 0.06458333333333334 0.07777777777777778
0 0.8338541666666667 0.7444444444444445 0.053125 0.08888888888888889
0 0.029166666666666667 0.9287037037037037 0.057291666666666664 0.08148148148148149
0 0.93828125 0.5898148148148148 0.05677083333333333 0.10740740740740741
0 0.91875 0.7712962962962963 0.052083333333333336 0.07592592592592592
0 0.050520833333333334 0.7981481481481482 0.058333333333333334 0.05925925925925926
0 0.4236979166666667 0.7898148148148149 0.044270833333333336 0.10555555555555556
0 0.06875 0.7231481481481481 0.041666666666666664 0.1
0 0.018229166666666668 0.5564814814814815 0.035416666666666666 0.07592592592592592
0 0.39296875 0.850462962962963 0.0703125 0.041666666666666664
0 0.3419270833333333 0.687037037037037 0.03177083333333333 0.11296296296296296
0 0.91953125 0.28935185185185186 0.025520833333333333 0.12685185185185185
0 0.7927083333333333 0.8092592592592592 0.029166666666666667 0.11666666666666667
0 0.6846354166666667 0.28194444444444444 0.03177083333333333 0.16203703703703703
0 0.8802083333333334 0.6328703703703704 0.03125 0.13796296296296295
0 0.75703125 0.8546296296296296 0.044270833333333336 0.03518518518518519
0 0.375 0.8495370370370371 0.03854166666666667 0.03796296296296296
0 0.4049479166666667 0.4689814814814815 0.0390625 0.11944444444444445
0 0.13405956572769953 0.5637063119457486 0.024574530516431933 0.10106937923839336
0 0.37050697424892703 0.7790891750119217 0.05253040057224603 0.07431250993482752
0 0.763426400273224 0.8073391013964785 0.03180498633879777 0.0762750455373406
0 0.9825392759562842 0.48516241651487557 0.02348019125683057 0.1157407407407408
