0 0.3221354166666667 0.9106481481481481 0.07135416666666666 0.10277777777777777
0 0.40703125 0.7527777777777778 0.049479166666666664 0.09444444444444444
0 0.14609375 0.6199074074074075 0.06302083333333333 0.06944444444444445
0 0.15390625 0.5282407407407408 0.0578125 0.05462962962962963
0 0.08411458333333334 0.624537037037037 0.0484375 0.08611111111111111
0 0.103125 0.7944444444444444 0.04895833333333333 0.05925925925925926
0 0.4864583333333333 0.9273148148148148 0.09270833333333334 0.09537037037037037
0 0.5606770833333333 0.7888888888888889 0.06302083333333333 0.06111111111111111
0 0.6104166666666667 0.5787037037037037 0.04375 0.1111111111111111
0 0.4036458333333333 0.6541666666666667 0.06354166666666666 0.0787037037037037
0 0.23385416666666667 0.5078703703703704 0.046875 0.10833333333333334
0 0.5731770833333333 0.7138888888888889 0.0546875 0.05740740740740741
0 0.18229166666666666 0.4615740740740741 0.06041666666666667 0.0787037037037037
0 0.8533854166666667 0.5949074074074074 0.058854166666666666 0.08425925925925926
0 0.5317708333333333 0.6680555555555555 0.03229166666666667 0.12129629629629629
0 0.18619791666666666 0.55 0.0546875 0.07962962962962963
0 0.4739583333333333 0.6537037037037037 0.06458333333333334 0.1
0 0.05651041666666667 0.7620370370370371 0.0265625 0.07407407407407407
0 0.97890625 0.6912037037037037 0.04010416666666667 0.05277777777777778
0 0.9458333333333333 0.20925925925925926 0.03229166666666667 0.11666666666666667
0 0.6635416666666667 0.5638888888888889 0.05625 0.05555555555555555
0 0.234375 0.8 0.041666666666666664 0.046296296296296294
0 0.014322916666666666 0.7856481481481481 0.0265625 0.058333333333333334
0 0.014583333333333334 0.7018518518518518 0.023958333333333335 0.05925925925925926
0 0.7091145833333333 0.4486111111111111 0.049479166666666664 0.08425925925925926
0 0.6533854166666667 0.8222222222222222 0.058854166666666666 0.053703703703703705
0 0.30920902014652013 0.812983312983313 0.023752289377289414 0.04680504680504687
0 0.20604395604395603 0.8208689458689458 0.05093864468864468 0.06054131054131052
