0 0.97421875 0.3861111111111111 0.04739583333333333 0.08888888888888889
0 0.36328125 0.9023148148148148 0.07552083333333333 0.10092592592592593
0 0.3111979166666667 0.6736111111111112 0.05572916666666667 0.07314814814814814
0 0.09036458333333333 0.6671296296296296 0.05260416666666667 0.09351851851851851
0 0.14453125 0.4305555555555556 0.05260416666666667 0.0962962962962963
0 0.13151041666666666 0.8324074074074074 0.0640625 0.08888888888888889
0 0.28541666666666665 0.6217592592592592 0.051041666666666666 0.08796296296296297
0 0.19348958333333333 0.8111111111111111 0.05572916666666667 0.07592592592592592
0 0.8106770833333333 0.48842592592592593 0.04739583333333333 0.09722222222222222
0 0.7700520833333333 0.43842592592592594 0.0734375 0.10277777777777777
0 0.5864583333333333 0.6300925925925925 0.07083333333333333 0.075
0 0.27760416666666665 0.7509259259259259 0.04375 0.09814814814814815
0 0.4192708333333333 0.6842592592592592 0.041666666666666664 0.11296296296296296
0 0.10130208333333333 0.5675925925925925 0.0609375 0.08333333333333333
0 0.03307291666666667 0.6439814814814815 0.0296875 0.10462962962962963
0 0.027083333333333334 0.7458333333333333 0.03333333333333333 0.08981481481481482
0 0.9130208333333333 0.8078703703703703 0.04479166666666667 0.04722222222222222
0 0.6583333333333333 0.662962962962963 0.065625 0.09259259259259259
0 0.09322916666666667 0.42592592592592593 0.04791666666666667 0.12037037037037036
0 0.9856770833333334 0.7759259259259259 0.027604166666666666 0.07592592592592592
0 0.8877268145161291 0.7844235364396656 0.056703629032258125 0.08885902031063314
0 0.3250651041666667 0.5892361111111111 0.056640625 0.0798611111111111
0 0.007087289029535865 0.7867440225035162 0.010878164556962026 0.055672761368963895
