0 0.279541015625 0.7125289351851852 0.052897135416666664 0.11140046296296297
0 0.2094184027777778 0.8427372685185185 0.06673177083333333 0.0921103395061728
0 0.113525390625 0.7371238425925926 0.03662109375 0.10754243827160498
0 0.1586628061767838 0.7490237841675541 0.03943690095846645 0.10767956454857407
0 0.16340521831735888 0.614276416992072 0.029952076677316312 0.11389184711868415
0 0.035015484234234236 0.6565940940940941 0.042347034534534526 0.09363530196863529
0 0.05654091591591591 0.581519019019019 0.04387199699699698 0.11782615949282613
0 0.8325648907103823 0.6771402550091075 0.061646174863388005 0.12780813600485727
0 0.882684426229508 0.6593806921675773 0.04542349726775955 0.10078931390406794
0 0.9359631147540983 0.7017304189435336 0.04952185792349724 0.12234365513054042
0 0.9596140710382514 0.8580752884031572 0.06950136612021858 0.08773527625986638
0 0.9847165300546448 0.6435944140862173 0.027493169398907114 0.09896782027929568
