0 0.22480697550585732 0.47790202342918003 0.0332800851970181 0.13400780972665963
0 0.21098273366418527 0.7662439114052016 0.06940136476426799 0.11809576325705351
0 0.17544199751861042 0.8463146769598382 0.06965984284532674 0.10591857366050916
0 0.13822115384615383 0.7601553166069295 0.039934863523573214 0.10408050730631375
0 0.1030035153019024 0.7077704255123609 0.0315343258891646 0.11327083907729069
0 0.0630600358422939 0.6951413779370769 0.04345878136200717 0.09677419354838719
0 0.02312948028673835 0.6617881322182396 0.04133064516129032 0.09816806053365192
0 0.044970878136200716 0.5452011150935882 0.04043458781362007 0.12266029470330547
0 0.7999551971326164 0.6612903225806451 0.06832437275985655 0.1214655515730785
0 0.7138087606837608 0.7225953059286393 0.07383241758241751 0.0966625966625967
0 0.7442384004884005 0.7765228598561932 0.05914224664224672 0.06545923212589878
0 0.9368386243386244 0.602145796590241 0.05753968253968248 0.13786008230452676
0 0.9371693121693122 0.7072310405643739 0.04927248677248682 0.11052322163433277
0 0.98057208994709 0.5324808935920047 0.03521825396825402 0.09847148736037628
