0 0.2806260850694445 0.7282021604938272 0.04855685763888893 0.13599537037037038
0 0.220947265625 0.8439429012345679 0.06266276041666667 0.08777006172839513
0 0.1752387152777778 0.7870370370370371 0.04448784722222223 0.08005401234567905
0 0.21761800863363365 0.7527527527527527 0.04027073948948946 0.12962962962962962
0 0.08784002590673576 0.49282767223181734 0.054781951640759934 0.12881404720782957
0 0.08858214594127807 0.7494962579159471 0.05275798791018999 0.11298215313759354
0 0.054039831606217614 0.7716848973325657 0.030629317789291885 0.05709076952600269
0 0.12740249719416383 0.32563287192916823 0.03770342312008978 0.15494450679635863
0 0.9360970819304152 0.7066030677141788 0.04804994388327728 0.11628631999002363
0 0.6321106678486998 0.7684856842658262 0.061133274231678435 0.09751773049645392
0 0.8302859042553192 0.6749080640924614 0.0622414302600473 0.09883110060415023
0 0.85475768321513 0.7213685316522197 0.060209810874704436 0.07880220646178097
0 0.9691909171075838 0.7684205369390554 0.042438271604938294 0.11806780325298848
0 0.9834518298059964 0.6365128355869096 0.031001984126984183 0.09626690182245738
