0 0.9380208333333333 0.7078703703703704 0.046875 0.11018518518518519
0 0.051041666666666666 0.8444444444444444 0.058333333333333334 0.07407407407407407
0 0.8052083333333333 0.8152777777777778 0.05520833333333333 0.05277777777777778
0 0.81484375 0.6171296296296296 0.04010416666666667 0.11574074074074074
0 0.18203125 0.8226851851851852 0.07135416666666666 0.11574074074074074
0 0.7546875 0.6328703703703704 0.058333333333333334 0.11944444444444445
0 0.06692708333333333 0.7226851851851852 0.034895833333333334 0.07314814814814814
0 0.8666666666666667 0.8171296296296297 0.06145833333333333 0.04722222222222222
0 0.8481770833333333 0.5074074074074074 0.03802083333333333 0.11851851851851852
0 0.048177083333333336 0.7791666666666667 0.0546875 0.049074074074074076
0 0.8703125 0.44027777777777777 0.0375 0.09537037037037037
0 0.6682291666666667 0.11203703703703703 0.04583333333333333 0.15
0 0.87109375 0.32592592592592595 0.04114583333333333 0.1425925925925926
