0 0.9486979166666667 0.6763888888888889 0.0515625 0.09537037037037037
0 0.44583333333333336 0.8027777777777778 0.051041666666666666 0.08148148148148149
0 0.4317708333333333 0.9324074074074075 0.07916666666666666 0.09074074074074075
0 0.8822916666666667 0.8101851851851852 0.051041666666666666 0.1
0 0.02578125 0.6412037037037037 0.04635416666666667 0.08425925925925926
0 0.39427083333333335 0.8546296296296296 0.06979166666666667 0.05925925925925926
0 0.1875 0.8189814814814815 0.059375 0.058333333333333334
0 0.5294270833333333 0.9208333333333333 0.07552083333333333 0.08796296296296297
0 0.33307291666666666 0.637962962962963 0.04114583333333333 0.12222222222222222
0 0.08932291666666667 0.674537037037037 0.0296875 0.10462962962962963
0 0.7278645833333334 0.6356481481481482 0.0484375 0.11574074074074074
0 0.98671875 0.6578703703703703 0.025520833333333333 0.08981481481481482
0 0.5276041666666667 0.5916666666666667 0.03229166666666667 0.11666666666666667
0 0.11510416666666666 0.8060185185185185 0.030208333333333334 0.06018518518518518
0 0.28489583333333335 0.6439814814814815 0.05520833333333333 0.08796296296296297
0 0.6098958333333333 0.4824074074074074 0.03854166666666667 0.1259259259259259
0 0.24401041666666667 0.8305555555555556 0.024479166666666666 0.037037037037037035
0 0.72578125 0.3958333333333333 0.0328125 0.14537037037037037
0 0.10729166666666666 0.538425925925926 0.025 0.125
0 0.0685107800387597 0.8134151593453919 0.05496002906976745 0.044142980189491886
0 0.03883539244186047 0.7863641257536607 0.03436894379844961 0.03956718346253225
0 0.8203125 0.6173312883435582 0.03179320040899789 0.09912519881845036
0 0.8973990286298569 0.6106566689388775 0.046651329243353835 0.0596455351056578
