0 0.39517000786163514 0.42103424178895876 0.07394850628930817 0.12141858839972046
0 0.2769957457457457 0.8147035924813701 0.05317817817817817 0.0950950950950951
0 0.07100850850850851 0.879490601712824 0.07507507507507508 0.09009009009009009
0 0.0401858660130719 0.773148148148148 0.033598856209150325 0.056463326071169224
0 0.13213394953051644 0.28087506520605116 0.05446742957746478 0.14247522170057383
0 0.8098958333333334 0.7544581618655692 0.05844907407407417 0.10562414266117975
0 0.8764467592592592 0.8244170096021947 0.06269290123456793 0.0850480109739369
0 0.9372106481481481 0.7061042524005487 0.047260802469135874 0.12071330589849104
0 0.9782021604938271 0.5432098765432098 0.038966049382716035 0.08230452674897122
0 0.84375 0.6366598079561042 0.04359567901234567 0.10253772290809329
0 0.17552083333333332 0.7890432098765433 0.036458333333333336 0.08117283950617281
