0 0.19427083333333334 0.8921296296296296 0.0625 0.09166666666666666
0 0.5643229166666667 0.5888888888888889 0.05572916666666667 0.10740740740740741
0 0.13671875 0.6236111111111111 0.0421875 0.10648148148148148
0 0.08958333333333333 0.562962962962963 0.053125 0.07777777777777778
0 0.28203125 0.8648148148148148 0.059895833333333336 0.08888888888888889
0 0.86640625 0.6097222222222223 0.0546875 0.08611111111111111
0 0.9627604166666667 0.5768518518518518 0.0515625 0.10185185185185185
0 0.9119791666666667 0.4837962962962963 0.058333333333333334 0.08611111111111111
0 0.08697916666666666 0.8263888888888888 0.046875 0.0787037037037037
0 0.8984375 0.6675925925925926 0.052083333333333336 0.07962962962962963
0 0.8252604166666667 0.7925925925925926 0.059895833333333336 0.07592592592592592
0 0.03307291666666667 0.5925925925925926 0.0515625 0.07222222222222222
0 0.09088541666666666 0.787962962962963 0.0005208333333333333 0.001851851851851852
0 0.73359375 0.8476851851851852 0.04010416666666667 0.058333333333333334
0 0.19411057692307693 0.6816239316239316 0.03725961538461539 0.10113960113960108
0 0.10730962643678162 0.7606960408684547 0.03083093869731801 0.08673903788846318
0 0.06675047892720307 0.6763516389953171 0.05028735632183908 0.07024265644955298
0 0.05313098659003832 0.7215836526181354 0.030232279693486592 0.04789272030651346
0 0.04265445402298851 0.7833120476798637 0.03202825670498084 0.05959982971477228
0 0.1853004648074369 0.8008705917072451 0.03361553784860559 0.09001032905415376
0 0.5959699453551913 0.719869459623558 0.0290300546448087 0.14344262295081972
0 0.966015625 0.8108796296296297 0.02265625 0.0763888888888889
0 0.7791666666666667 0.10717592592592592 0.0671875 0.07546296296296297
