0 0.21145833333333333 0.6824074074074075 0.06041666666666667 0.07592592592592592
0 0.9473958333333333 0.6546296296296297 0.057291666666666664 0.1037037037037037
0 0.3450520833333333 0.9 0.06822916666666666 0.10740740740740741
0 0.10572916666666667 0.5962962962962963 0.051041666666666666 0.08148148148148149
0 0.08333333333333333 0.5037037037037037 0.05520833333333333 0.08703703703703704
0 0.14192708333333334 0.4699074074074074 0.03697916666666667 0.10462962962962963
0 0.44088541666666664 0.6212962962962963 0.044270833333333336 0.11851851851851852
0 0.22630208333333332 0.7870370370370371 0.0421875 0.07407407407407407
0 0.9815104166666667 0.7796296296296297 0.033854166666666664 0.07407407407407407
0 0.9833333333333333 0.5611111111111111 0.030208333333333334 0.1037037037037037
0 0.39114583333333336 0.7513888888888889 0.06041666666666667 0.09166666666666666
0 0.09609375 0.687037037037037 0.0453125 0.07037037037037037
0 0.22526041666666666 0.5731481481481482 0.05677083333333333 0.08888888888888889
0 0.2786458333333333 0.8532407407407407 0.0625 0.09166666666666666
0 0.33151041666666664 0.6777777777777778 0.050520833333333334 0.10555555555555556
0 0.17734375 0.5763888888888888 0.033854166666666664 0.125
0 0.53828125 0.6680555555555555 0.0703125 0.09351851851851851
0 0.061197916666666664 0.649537037037037 0.030729166666666665 0.09537037037037037
0 0.33828125 0.7555555555555555 0.03177083333333333 0.06851851851851852
0 0.3225727201257861 0.8193570929419985 0.0692806603773585 0.06289308176100626
0 0.7645440251572327 0.5219252271139063 0.0481525157232704 0.11967155835080366
0 0.86625393081761 0.784853249475891 0.04422169811320747 0.09870719776380152
