0 0.23092979896238652 0.7627179708891771 0.06302691309987031 0.07998270644185042
0 0.18806744487678342 0.775868280732094 0.035262645914396866 0.09907767689868857
0 0.29871919584954604 0.5730292549358699 0.06971465629053179 0.09619541720709038
0 0.06991731517509728 0.785595907191238 0.061608300907911806 0.06593169044530908
0 0.5474829766536966 0.617884421386367 0.055325875486381314 0.09079118028534376
0 0.8407303826199741 0.6987678339818418 0.0549205577172503 0.08178411874909935
0 0.9392226005188069 0.7153408272085315 0.04357166018158232 0.09763654705288942
0 0.934662775616083 0.6494091367632224 0.05107003891050586 0.09187202766969312
0 0.9657709143968873 0.5070975644905606 0.04438229571984434 0.12790027381467065
0 0.5818169831223627 0.8353844350679793 0.052083333333333336 0.07090951711204883
