0 0.06484375 0.8375 0.0671875 0.075
0 0.9380208333333333 0.7060185185185185 0.04583333333333333 0.11203703703703703
0 0.8114583333333333 0.6782407407407407 0.06041666666666667 0.075
0 0.32369791666666664 0.8388888888888889 0.07239583333333334 0.08333333333333333
0 0.8932291666666666 0.8171296296296297 0.06666666666666667 0.08425925925925926
0 0.18125 0.799537037037037 0.036458333333333336 0.05462962962962963
0 0.73046875 0.799074074074074 0.06197916666666667 0.06481481481481481
0 0.3875 0.8268518518518518 0.051041666666666666 0.04259259259259259
0 0.14114583333333333 0.1675925925925926 0.06458333333333334 0.06851851851851852
0 0.9588541666666667 0.7981481481481482 0.025 0.04814814814814815
0 0.665625 0.8032407407407407 0.034375 0.09537037037037037
0 0.12213541666666666 0.0824074074074074 0.05364583333333333 0.0962962962962963
0 0.1167077850877193 0.5789473684210527 0.04152960526315789 0.11939571150097462
