0 0.11588541666666667 0.8865740740740741 0.06927083333333334 0.08981481481481482
0 0.7276041666666667 0.7773148148148148 0.06354166666666666 0.09537037037037037
0 0.88046875 0.5810185185185185 0.05677083333333333 0.08796296296296297
0 0.14322916666666666 0.7902777777777777 0.035416666666666666 0.05277777777777778
0 0.9380208333333333 0.7078703703703704 0.04895833333333333 0.10833333333333334
0 0.2578125 0.861574074074074 0.06666666666666667 0.08425925925925926
0 0.7994791666666666 0.5032407407407408 0.06354166666666666 0.09537037037037037
0 0.57265625 0.6365740740740741 0.0734375 0.10462962962962963
0 0.6544270833333333 0.8305555555555556 0.0484375 0.05555555555555555
0 0.2421875 0.7199074074074074 0.03229166666666667 0.14351851851851852
0 0.20234375 0.29259259259259257 0.04739583333333333 0.1259259259259259
0 0.21328125 0.5981481481481481 0.058854166666666666 0.07407407407407407
