0 0.90546875 0.6800925925925926 0.05677083333333333 0.075
0 0.9513020833333333 0.7125 0.04114583333333333 0.09166666666666666
0 0.9723958333333333 0.5986111111111111 0.03958333333333333 0.08796296296296297
0 0.23958333333333334 0.7351851851851852 0.05 0.09814814814814815
0 0.0984375 0.8347222222222223 0.041666666666666664 0.07314814814814814
0 0.90703125 0.0824074074074074 0.04114583333333333 0.12962962962962962
0 0.06217277486910995 0.32480124103160746 0.027268760907504363 0.11440760131859609
0 0.06094568062827224 0.8660558464223385 0.05153795811518324 0.06156680240449877
0 0.043092757936507936 0.7958553791887125 0.0390625 0.049235743680188085
0 0.07607769916142558 0.7854355928255299 0.039799528301886794 0.037561146051712055
0 0.22749606918238993 0.8244525972513393 0.022274633123689706 0.05852550663871415
0 0.4908608490566037 0.8609946424411834 0.025550314465408817 0.03726997437689266
0 0.7903400157232704 0.8459993011879804 0.05486766247379459 0.05153738644304682
0 0.9899475524475524 0.7106319606319607 0.018210955710955663 0.067987567987568
