0 0.04895833333333333 0.8342592592592593 0.06666666666666667 0.08148148148148149
0 0.15416666666666667 0.8097222222222222 0.07291666666666667 0.0787037037037037
0 0.9388020833333334 0.7074074074074074 0.04635416666666667 0.10740740740740741
0 0.8872395833333333 0.8138888888888889 0.06197916666666667 0.06296296296296296
0 0.8356770833333333 0.7333333333333333 0.0515625 0.09259259259259259
0 0.7940104166666667 0.675 0.0421875 0.12407407407407407
0 0.22213541666666667 0.8046296296296296 0.0640625 0.05
0 0.9184895833333333 0.5365740740740741 0.04635416666666667 0.08796296296296297
0 0.9291666666666667 0.6319444444444444 0.06145833333333333 0.06944444444444445
0 0.16744791666666667 0.5740740740740741 0.033854166666666664 0.1259259259259259
0 0.6432291666666666 0.6462962962962963 0.07083333333333333 0.08888888888888889
0 0.023958333333333335 0.7717592592592593 0.03854166666666667 0.06018518518518518
0 0.11864350372736952 0.7376345994556857 0.041600106496272625 0.1422908531534729
