0 0.97109375 0.49027777777777776 0.0515625 0.10092592592592593
0 0.7127604166666667 0.8601851851851852 0.06510416666666667 0.06111111111111111
0 0.3046875 0.5773148148148148 0.07291666666666667 0.10648148148148148
0 0.13880208333333333 0.8699074074074075 0.06510416666666667 0.07685185185185185
0 0.17135416666666667 0.8268518518518518 0.04375 0.06111111111111111
0 0.9768229166666667 0.600462962962963 0.04114583333333333 0.06759259259259259
0 0.19453125 0.6800925925925926 0.0578125 0.11574074074074074
0 0.9723958333333333 0.6712962962962963 0.04375 0.05740740740740741
0 0.08072916666666667 0.8199074074074074 0.04479166666666667 0.10277777777777777
0 0.89609375 0.7625 0.050520833333333334 0.06018518518518518
0 0.9059895833333333 0.6796296296296296 0.05677083333333333 0.06666666666666667
0 0.038802083333333334 0.7972222222222223 0.043229166666666666 0.05740740740740741
0 0.010677083333333334 0.8787037037037037 0.019270833333333334 0.07962962962962963
0 0.45451139088729015 0.8631983302247092 0.03547162270183849 0.03175237587707613
0 0.06195786864931847 0.31219881591628806 0.04917905824039654 0.08329891229519486
