0 0.9763020833333333 0.4824074074074074 0.044270833333333336 0.10740740740740741
0 0.22369791666666666 0.8319444444444445 0.06822916666666666 0.0712962962962963
0 0.9270833333333334 0.6125 0.051041666666666666 0.11944444444444445
0 0.14557291666666666 0.5638888888888889 0.06302083333333333 0.08703703703703704
0 0.7604166666666666 0.8518518518518519 0.05416666666666667 0.044444444444444446
0 0.37890625 0.8305555555555556 0.0609375 0.07407407407407407
0 0.87734375 0.6930555555555555 0.049479166666666664 0.07314814814814814
0 0.7700520833333333 0.7888888888888889 0.0578125 0.053703703703703705
0 0.4109375 0.7615740740740741 0.030208333333333334 0.10833333333333334
0 0.34427083333333336 0.7375 0.06354166666666666 0.0712962962962963
0 0.13515625 0.8194444444444444 0.018229166666666668 0.037037037037037035
0 0.8153645833333333 0.7694444444444445 0.03697916666666667 0.11481481481481481
0 0.01799445636623748 0.8013431886822444 0.03598891273247496 0.04967413765697028
0 0.04452506596306069 0.7959542656112576 0.03270668425681618 0.05374767907749437
0 0.07984278803869832 0.8023062640476888 0.02803430079155673 0.03127137691781499
0 0.3764042946530148 0.6979206168625964 0.038218145620022764 0.11660978384527877
