0 0.36354166666666665 0.9032407407407408 0.07291666666666667 0.09351851851851851
0 0.08932291666666667 0.6680555555555555 0.05364583333333333 0.09537037037037037
0 0.13463541666666667 0.5712962962962963 0.05260416666666667 0.08703703703703704
0 0.6338541666666667 0.6310185185185185 0.04895833333333333 0.1361111111111111
0 0.14661458333333333 0.42314814814814816 0.05677083333333333 0.09444444444444444
0 0.30520833333333336 0.5842592592592593 0.057291666666666664 0.0962962962962963
0 0.8052083333333333 0.48148148148148145 0.065625 0.09259259259259259
0 0.33932291666666664 0.649074074074074 0.05260416666666667 0.08703703703703704
0 0.9671875 0.38564814814814813 0.04895833333333333 0.13240740740740742
0 0.2877604166666667 0.7555555555555555 0.04739583333333333 0.10185185185185185
0 0.2669270833333333 0.6333333333333333 0.050520833333333334 0.07407407407407407
0 0.6958333333333333 0.5995370370370371 0.065625 0.06018518518518518
0 0.9255208333333333 0.8078703703703703 0.034375 0.04351851851851852
0 0.7143229166666667 0.4527777777777778 0.07239583333333334 0.11481481481481481
0 0.8783854166666667 0.7888888888888889 0.05677083333333333 0.08148148148148149
0 0.09427083333333333 0.42777777777777776 0.046875 0.11851851851851852
0 0.026302083333333334 0.7416666666666667 0.03697916666666667 0.09074074074074075
0 0.011979166666666667 0.7851851851851852 0.021875 0.10185185185185185
0 0.032852564102564104 0.6296296296296297 0.049679487179487176 0.07264957264957264
0 0.10907504363001745 0.8500581733566026 0.04363001745200698 0.07901880938530158
0 0.08412412739965096 0.8180628272251309 0.060809336823734725 0.04799301919720765
