0 0.9005208333333333 0.4740740740740741 0.05416666666666667 0.10925925925925926
0 0.17864583333333334 0.825925925925926 0.06041666666666667 0.06481481481481481
0 0.23151041666666666 0.5148148148148148 0.0609375 0.13333333333333333
0 0.9526041666666667 0.750462962962963 0.05 0.06388888888888888
0 0.10729166666666666 0.5921296296296297 0.041666666666666664 0.0824074074074074
0 0.89296875 0.6837962962962963 0.0515625 0.08425925925925926
0 0.9700520833333334 0.8055555555555556 0.05260416666666667 0.08333333333333333
0 0.11302083333333333 0.7319444444444444 0.03854166666666667 0.10833333333333334
0 0.2864583333333333 0.8356481481481481 0.029166666666666667 0.05092592592592592
0 0.7455729166666667 0.8467592592592592 0.03802083333333333 0.05648148148148148
0 0.9622395833333334 0.6828703703703703 0.030729166666666665 0.10092592592592593
0 0.08489583333333334 0.7638888888888888 0.023958333333333335 0.08703703703703704
0 0.665625 0.8574074074074074 0.03125 0.044444444444444446
0 0.8940104166666667 0.6087962962962963 0.044270833333333336 0.05277777777777778
0 0.22916666666666666 0.8240740740740741 0.04375 0.053703703703703705
0 0.06796875 0.7972222222222223 0.021354166666666667 0.05
0 0.662116858237548 0.582960834397616 0.05447796934865903 0.09525329927628778
0 0.06555316091954023 0.6090357598978288 0.03113026819923371 0.10589612601106858
0 0.03795695754716981 0.7909678546471 0.041519261006289304 0.046296296296296294
0 0.15133647798742136 0.7296034241788958 0.036851415094339625 0.09302935010482184
0 0.8386787280701753 0.6150097465886939 0.057291666666666664 0.046783625730994115
