0 0.2734375 0.5365740740740741 0.04583333333333333 0.10833333333333334
0 0.039322916666666666 0.6305555555555555 0.049479166666666664 0.08888888888888889
0 0.16666666666666666 0.8421296296296297 0.05416666666666667 0.09722222222222222
0 0.128125 0.45787037037037037 0.04375 0.10833333333333334
0 0.5223958333333333 0.5458333333333333 0.06875 0.11388888888888889
0 0.22786458333333334 0.5277777777777778 0.04739583333333333 0.07777777777777778
0 0.7807291666666667 0.675 0.065625 0.07777777777777778
0 0.53203125 0.7796296296296297 0.0640625 0.06481481481481481
0 0.20546875 0.7013888888888888 0.03697916666666667 0.10648148148148148
0 0.5731770833333333 0.45185185185185184 0.0640625 0.10925925925925926
0 0.13125 0.7023148148148148 0.051041666666666666 0.10648148148148148
0 0.6544270833333333 0.6981481481481482 0.044270833333333336 0.11296296296296296
0 0.07890625 0.3212962962962963 0.0390625 0.13333333333333333
0 0.3450520833333333 0.950925925925926 0.07864583333333333 0.09074074074074075
0 0.09505208333333333 0.5069444444444444 0.03177083333333333 0.11203703703703703
0 0.5549479166666667 0.6361111111111111 0.0640625 0.07222222222222222
0 0.28125 0.8171296296296297 0.029166666666666667 0.04722222222222222
0 0.378125 0.5587962962962963 0.029166666666666667 0.14722222222222223
0 0.3489583333333333 0.8907407407407407 0.06041666666666667 0.05
0 0.01484375 0.7837962962962963 0.0265625 0.10092592592592593
0 0.019010416666666665 0.7097222222222223 0.0359375 0.06388888888888888
0 0.32057291666666665 0.9662037037037037 0.008854166666666666 0.004629629629629629
0 0.7112630208333334 0.6629774305555556 0.030924479166666668 0.0904224537037037
0 0.18060247747747749 0.48823823823823825 0.05377252252252254 0.06456456456456462
0 0.21192240918803418 0.8061787749287749 0.03488915598290596 0.04659306742640076
