0 0.3893229166666667 0.8319444444444445 0.0390625 0.08055555555555556
0 0.8846354166666667 0.8069444444444445 0.058854166666666666 0.06944444444444445
0 0.7473958333333334 0.8337962962962963 0.05 0.062037037037037036
0 0.14192708333333334 0.5171296296296296 0.0578125 0.11018518518518519
0 0.1109375 0.6504629629629629 0.04895833333333333 0.08055555555555556
0 0.7791666666666667 0.7824074074074074 0.057291666666666664 0.07777777777777778
0 0.4348958333333333 0.8268518518518518 0.03958333333333333 0.09444444444444444
0 0.8153645833333333 0.5370370370370371 0.0390625 0.1388888888888889
0 0.14401041666666667 0.7518518518518519 0.03697916666666667 0.09814814814814815
0 0.70078125 0.8587962962962963 0.044270833333333336 0.041666666666666664
0 0.25052083333333336 0.7907407407407407 0.034375 0.10555555555555556
0 0.03958333333333333 0.799074074074074 0.04479166666666667 0.06481481481481481
0 0.1015625 0.7615740740740741 0.029166666666666667 0.11388888888888889
0 0.07135416666666666 0.8032407407407407 0.019791666666666666 0.04537037037037037
0 0.2206276824034335 0.688483547925608 0.05454220314735337 0.05285328246701637
0 0.05152449928469241 0.671793037672866 0.03956545064377682 0.09179780639008113
0 0.18491683467741937 0.9705421146953406 0.051033266129032265 0.05339008363201909
0 0.9357148857526882 0.625 0.0363323252688172 0.07392473118279562
