0 0.9208333333333333 0.47175925925925927 0.059375 0.09351851851851851
0 0.08854166666666667 0.5787037037037037 0.059375 0.08703703703703704
0 0.14010416666666667 0.44814814814814813 0.0625 0.08888888888888889
0 0.9041666666666667 0.6884259259259259 0.041666666666666664 0.11203703703703703
0 0.9544270833333334 0.6152777777777778 0.0390625 0.13425925925925927
0 0.6119791666666666 0.5152777777777777 0.075 0.10277777777777777
0 0.64609375 0.8393518518518519 0.05572916666666667 0.075
0 0.8325520833333333 0.6064814814814815 0.05677083333333333 0.1111111111111111
0 0.9653645833333333 0.7560185185185185 0.043229166666666666 0.08611111111111111
0 0.86484375 0.7074074074074074 0.0359375 0.1
0 0.10026041666666667 0.7166666666666667 0.0484375 0.07037037037037037
0 0.3078125 0.7416666666666667 0.06458333333333334 0.11666666666666667
0 0.7872395833333333 0.850462962962963 0.0265625 0.04351851851851852
0 0.075 0.7962962962962963 0.027083333333333334 0.05555555555555555
0 0.9625 0.8138888888888889 0.03854166666666667 0.06851851851851852
0 0.5020833333333333 0.5361111111111111 0.046875 0.12407407407407407
0 0.2703125 0.8351851851851851 0.029166666666666667 0.05185185185185185
0 0.10963541666666667 0.8060185185185185 0.027604166666666666 0.04722222222222222
0 0.7411458333333333 0.8574074074074074 0.030208333333333334 0.03148148148148148
0 0.20268278301886788 0.7403039832285115 0.027515723270440252 0.09958071278826003
0 0.23290094339622638 0.8403214535290007 0.056505503144654086 0.06376659678546477
0 0.1483883647798742 0.7887840670859538 0.0486438679245283 0.09084556254367579
0 0.0394310141509434 0.7903127183787562 0.04053655660377358 0.046733053808525445
0 0.05282036163522012 0.7593029350104822 0.01768867924528302 0.05721523410202659
0 0.17664292279411764 0.6187023420479302 0.03810508578431371 0.09225217864923747
0 0.22533124128312412 0.6413683558035023 0.05535216178521617 0.046102587943592094
