0 0.22572217784877532 0.8453141640042598 0.06739217252396168 0.0896343627973021
0 0.2510982428115016 0.769287658265294 0.04026890308839191 0.06715181635309425
0 0.23637180511182113 0.7207726896225299 0.0494209265175719 0.12158324458643947
0 0.13744675186368477 0.7395574488226245 0.06289936102236422 0.10945450242574839
0 0.04917132587859425 0.4054253934445628 0.06073615548455804 0.12217489054549757
0 0.15183221726190474 0.09858630952380952 0.029296875 0.1450892857142857
0 0.8158947172619047 0.6599289021164021 0.06370907738095243 0.11780753968253971
0 0.7815987723214285 0.7525214947089947 0.06208147321428565 0.07729828042328045
0 0.9379650297619047 0.7175925925925926 0.048828125 0.09424603174603179
0 0.949125744047619 0.6402943121693121 0.05766369047619051 0.07440476190476193
0 0.9794689360119047 0.5551421957671957 0.03557477678571423 0.0892857142857143
0 0.7062833714721587 0.8109797440461056 0.06435926773455378 0.07776082718874475
0 0.6990727498093058 0.716480210187304 0.06304824561403505 0.07945588609204164
