0 0.546875 0.5664983164983164 0.06786616161616159 0.09483726150392824
0 0.6356860632183907 0.47749042145593873 0.06483477011494247 0.15421455938697315
0 0.7401221264367818 0.6621966794380588 0.0660919540229885 0.10153256704980847
0 0.7830459770114941 0.4631226053639847 0.05244252873563215 0.1522988505747126
0 0.9357938218390804 0.7019476372924649 0.05405890804597711 0.1190932311621966
0 0.9605783045977012 0.8074712643678161 0.0522629310344828 0.07918263090676884
0 0.8827227011494254 0.8151340996168583 0.02801724137931044 0.06704980842911876
0 0.8934985632183907 0.7260536398467433 0.04094827586206892 0.10472541507024268
0 0.8239044540229886 0.7014687100893998 0.05549568965517236 0.1002554278416348
0 0.5844740634005763 0.803047283594834 0.06634245917387128 0.09846301633045153
0 0.21769205729166666 0.6242766203703703 0.0295681423611111 0.12297453703703703
0 0.21402391975308638 0.8230452674897119 0.06847993827160494 0.0912208504801097
0 0.345582561728395 0.8230452674897119 0.06307870370370369 0.07956104252400543
0 0.11246141975308642 0.6059670781893003 0.0455246913580247 0.0973936899862825
0 0.0876736111111111 0.6906721536351166 0.030671296296296294 0.09259259259259259
0 0.040123456790123455 0.575445816186557 0.028163580246913573 0.10356652949245541
0 0.9830990629183399 0.4986613119143239 0.031375502008032186 0.12494422132976342
0 0.9751506024096385 0.2543507362784471 0.04434404283801877 0.1346125241707571
