0 0.16901041666666666 0.8458333333333333 0.0609375 0.08055555555555556
0 0.93671875 0.7069444444444445 0.0484375 0.11203703703703703
0 0.80625 0.6907407407407408 0.0625 0.08333333333333333
0 0.23828125 0.8125 0.07239583333333334 0.07685185185185185
0 0.13880208333333333 0.7638888888888888 0.03697916666666667 0.09259259259259259
0 0.10546875 0.775 0.027604166666666666 0.07037037037037037
0 0.9229166666666667 0.020833333333333332 0.05520833333333333 0.03981481481481482
0 0.20729166666666668 0.7194444444444444 0.029166666666666667 0.12222222222222222
0 0.21067708333333332 0.7046296296296296 0.018229166666666668 0.09074074074074075
0 0.20598958333333334 0.7509259259259259 0.0296875 0.053703703703703705
0 0.7313843268450932 0.7353338740200054 0.05917984590429839 0.11895106785617736
