0 0.9388020833333334 0.7050925925925926 0.0453125 0.11388888888888889
0 0.7984375 0.6768518518518518 0.057291666666666664 0.1111111111111111
0 0.9604166666666667 0.8069444444444445 0.05416666666666667 0.06944444444444445
0 0.2765625 0.7856481481481481 0.052083333333333336 0.075
0 0.3854166666666667 0.8314814814814815 0.06041666666666667 0.08148148148148149
0 0.8119791666666667 0.8087962962962963 0.06354166666666666 0.058333333333333334
0 0.43203125 0.8263888888888888 0.04114583333333333 0.05277777777777778
0 0.0375 0.7731481481481481 0.0375 0.05
0 0.1078125 0.7041666666666667 0.030208333333333334 0.10092592592592593
0 0.03728187321937322 0.8422364672364673 0.06788639601139601 0.07795188350743906
0 0.13621794871794873 0.7031101614434948 0.03605769230769232 0.12132003798670472
