0 0.37940014367816094 0.5108556832694764 0.0727370689655172 0.13409961685823757
0 0.6056043836805556 0.49889081790123463 0.07242838541666667 0.12201003086419751
0 0.3733934494195688 0.7690713101160862 0.048714759535655065 0.10456974387322644
0 0.3266220978441127 0.8176709047355812 0.049492122719734626 0.1124009581721024
0 0.283219320066335 0.7957895706651925 0.049233001658374825 0.08430071862907683
0 0.09854983660130719 0.6989832970225127 0.043913398692810454 0.11165577342047923
0 0.09229473039215685 0.7863562091503268 0.033956290849673214 0.052196804647784936
0 0.052593954248366014 0.8873456790123456 0.05923202614379085 0.09168482207697903
0 0.026041666666666668 0.7899872912127814 0.0479983660130719 0.08306100217864917
0 0.7751127919320594 0.8233073838169379 0.06601645435244166 0.06723283793347487
0 0.8504629629629629 0.616872427983539 0.06712962962962964 0.12098765432098763
0 0.8842592592592593 0.6761316872427983 0.05416666666666667 0.10864197530864202
0 0.9363425925925927 0.7020576131687243 0.04814814814814809 0.11769547325102889
0 0.9844907407407407 0.5569958847736627 0.029166666666666667 0.08189300411522635
