0 0.9481770833333333 0.6777777777777778 0.050520833333333334 0.09444444444444444
0 0.4466145833333333 0.8018518518518518 0.050520833333333334 0.08333333333333333
0 0.8921875 0.7893518518518519 0.04895833333333333 0.10462962962962963
0 0.025260416666666667 0.6425925925925926 0.04635416666666667 0.08703703703703704
0 0.559375 0.9268518518518518 0.08020833333333334 0.10185185185185185
0 0.4315104166666667 0.9333333333333333 0.07864583333333333 0.08888888888888889
0 0.6380208333333334 0.48055555555555557 0.03333333333333333 0.14629629629629629
0 0.7247395833333333 0.6763888888888889 0.0671875 0.10277777777777777
0 0.8947916666666667 0.6046296296296296 0.052083333333333336 0.09074074074074075
0 0.55546875 0.6555555555555556 0.04739583333333333 0.1259259259259259
0 0.12291666666666666 0.8097222222222222 0.041666666666666664 0.05462962962962963
0 0.3966145833333333 0.8564814814814815 0.0703125 0.053703703703703705
0 0.81640625 0.6203703703703703 0.0421875 0.13333333333333333
0 0.3497395833333333 0.6902777777777778 0.043229166666666666 0.125
0 0.08958333333333333 0.6388888888888888 0.027083333333333334 0.11296296296296296
0 0.23828125 0.8328703703703704 0.033854166666666664 0.03796296296296296
0 0.9880208333333333 0.6675925925925926 0.022916666666666665 0.07407407407407407
0 0.04609375 0.7930555555555555 0.049479166666666664 0.05648148148148148
0 0.18072916666666666 0.8236111111111111 0.04583333333333333 0.049074074074074076
0 0.2804798962386511 0.6584161982994668 0.054717898832684825 0.0745784695201038
0 0.06726857959542656 0.8176976448744258 0.054831794195250666 0.0483729111697449
0 0.08630167106420403 0.7739665787159191 0.02253737906772207 0.05814521645656212
