0 0.9372395833333333 0.7074074074074074 0.04739583333333333 0.1111111111111111
0 0.18125 0.8675925925925926 0.058333333333333334 0.08148148148148149
0 0.23802083333333332 0.9421296296296297 0.04895833333333333 0.10833333333333334
0 0.6296875 0.6569444444444444 0.071875 0.09537037037037037
0 0.15208333333333332 0.7972222222222223 0.026041666666666668 0.040740740740740744
0 0.3302083333333333 0.6976851851851852 0.0625 0.10833333333333334
0 0.030208333333333334 0.7490740740740741 0.05625 0.08148148148148149
0 0.8686114532019703 0.29568053274949824 0.03976806239737272 0.14573070607553365
0 0.8463114754098361 0.6454159077109896 0.052937158469945324 0.11050394656952026
0 0.6458333333333334 0.8220679012345679 0.05173611111111119 0.057716049382716086
