0 0.9135416666666667 0.8101851851851852 0.05416666666666667 0.05925925925925926
0 0.0375 0.8310185185185185 0.06041666666666667 0.07685185185185185
0 0.8104166666666667 0.8175925925925925 0.059375 0.046296296296296294
0 0.7848712270341207 0.7436461067366579 0.0625 0.06759259259259259
0 0.89453125 0.6611111111111111 0.059895833333333336 0.07407407407407407
0 0.06953125 0.7736111111111111 0.0359375 0.05648148148148148
0 0.5989583333333334 0.6055555555555555 0.06770833333333333 0.10740740740740741
0 0.9393229166666667 0.7064814814814815 0.0453125 0.10925925925925926
0 0.7953125 0.6689814814814815 0.051041666666666666 0.10648148148148148
0 0.11223958333333334 0.7962962962962963 0.044270833333333336 0.06481481481481481
0 0.9416666666666667 0.5805555555555556 0.05520833333333333 0.08888888888888889
0 0.22734375 0.8115740740740741 0.0515625 0.030555555555555555
0 0.024479166666666666 0.7541666666666667 0.036458333333333336 0.0712962962962963
0 0.9908854166666666 0.7555555555555555 0.0171875 0.11296296296296296
