0 0.6195919861554846 0.8998935037273695 0.06938897763578271 0.09702993728552824
0 0.5838990947816828 0.7080523015027806 0.045926517571884894 0.11980830670926515
0 0.6130191693290735 0.6363152289669861 0.04825612353567633 0.13607857058336292
0 0.7379858892438765 0.7460655543722636 0.058572949946751864 0.10472133475328357
0 0.8064596645367411 0.7229913619689977 0.06705937167199151 0.09466335344929598
0 0.879675851970181 0.8167672464797066 0.029785676251331238 0.06508105549639095
0 0.7581203407880724 0.6031830552597327 0.07221778487752921 0.15560288723228027
0 0.935503194888179 0.7030233108507868 0.05757454739084136 0.11211690924150994
0 0.958383253461129 0.798869956218199 0.04476171458998941 0.06656017039403621
0 0.982511315228967 0.4980179860371554 0.03211528221512256 0.13164122589042712
0 0.9783513045793398 0.23029818956336529 0.04110090521831739 0.12927464205419475
0 0.5878691620879121 0.416539479039479 0.07139995421245425 0.12540700040700037
0 0.33460884353741494 0.8875661375661374 0.08333333333333327 0.09712773998488276
0 0.32886904761904756 0.8165154950869237 0.05102040816326525 0.0782312925170068
0 0.14655437948028674 0.51248613244581 0.06307403673835126 0.11920762928827447
0 0.13631184895833334 0.7306134259259259 0.028483072916666668 0.10223765432098762
0 0.0827365451388889 0.6975790895061729 0.03309461805555555 0.09886188271604941
0 0.04665798611111112 0.7127700617283951 0.029839409722222224 0.10223765432098762
