0 0.18046875 0.8393518518518519 0.0515625 0.075
0 0.11927083333333334 0.8662037037037037 0.0625 0.07685185185185185
0 0.9734375 0.46805555555555556 0.05 0.10833333333333334
0 0.8760416666666667 0.7611111111111111 0.057291666666666664 0.08148148148148149
0 0.96953125 0.6712962962962963 0.04739583333333333 0.053703703703703705
0 0.20520833333333333 0.7305555555555555 0.04895833333333333 0.12037037037037036
0 0.9772858796296297 0.5907407407407408 0.04311342592592595 0.07407407407407407
0 0.90703125 0.6828703703703703 0.05572916666666667 0.05648148148148148
0 0.6963541666666667 0.8634259259259259 0.06770833333333333 0.04537037037037037
0 0.08697916666666666 0.8592592592592593 0.0010416666666666667 0.0
0 0.03984375 0.7986111111111112 0.0453125 0.062037037037037036
0 0.08828125 0.8560185185185185 0.0005208333333333333 0.000925925925925926
0 0.30385011778563015 0.6046329014526894 0.05594817432273261 0.07525193037560535
0 0.05398882113821138 0.3055555555555556 0.055132113821138216 0.056458897922312526
0 0.08440010040160642 0.8205042391789378 0.04120649263721553 0.051688234419158145
