0 0.0921875 0.5078703703703704 0.05 0.10092592592592593
0 0.14270833333333333 0.4597222222222222 0.040625 0.11203703703703703
0 0.42473958333333334 0.6601851851851852 0.05677083333333333 0.09814814814814815
0 0.34609375 0.9032407407407408 0.06822916666666666 0.10277777777777777
0 0.4765625 0.6990740740740741 0.06041666666666667 0.09814814814814815
0 0.22447916666666667 0.5768518518518518 0.05625 0.09444444444444444
0 0.7463541666666667 0.5180555555555556 0.075 0.13240740740740742
0 0.9828125 0.6037037037037037 0.026041666666666668 0.10925925925925926
0 0.8739583333333333 0.8138888888888889 0.05625 0.046296296296296294
0 0.3734375 0.7583333333333333 0.06666666666666667 0.08148148148148149
0 0.09583333333333334 0.7717592592592593 0.028125 0.0712962962962963
0 0.303125 0.7777777777777778 0.029166666666666667 0.1037037037037037
0 0.9421875 0.6671296296296296 0.040625 0.09537037037037037
0 0.9651041666666667 0.7398148148148148 0.03333333333333333 0.08518518518518518
0 0.21848958333333332 0.6856481481481481 0.0546875 0.0712962962962963
0 0.07994791666666666 0.5856481481481481 0.05677083333333333 0.06388888888888888
0 0.22890625 0.7916666666666666 0.030729166666666665 0.06666666666666667
0 0.19010416666666666 0.7199074074074074 0.030208333333333334 0.10277777777777777
0 0.27369791666666665 0.8643518518518518 0.0546875 0.08981481481481482
0 0.08776041666666666 0.6976851851851852 0.0546875 0.05648148148148148
0 0.86953125 0.7689814814814815 0.03177083333333333 0.05462962962962963
0 0.33151041666666664 0.8208333333333333 0.0453125 0.0712962962962963
0 0.8838541666666667 0.8236111111111111 0.0010416666666666667 0.002777777777777778
