0 0.4244791666666667 0.6611111111111111 0.05625 0.1
0 0.74765625 0.524074074074074 0.06822916666666666 0.1259259259259259
0 0.14114583333333333 0.45740740740740743 0.04479166666666667 0.1037037037037037
0 0.09036458333333333 0.49907407407407406 0.05364583333333333 0.09814814814814815
0 0.22760416666666666 0.575925925925926 0.05625 0.08888888888888889
0 0.3338541666666667 0.8208333333333333 0.05416666666666667 0.0712962962962963
0 0.3453125 0.9060185185185186 0.06666666666666667 0.09722222222222222
0 0.9817708333333334 0.586574074074074 0.029166666666666667 0.11018518518518519
0 0.09947916666666666 0.7611111111111111 0.03229166666666667 0.08888888888888889
0 0.9419270833333333 0.6680555555555555 0.043229166666666666 0.09907407407407408
0 0.2796875 0.8606481481481482 0.05 0.08425925925925926
0 0.37734375 0.7560185185185185 0.06822916666666666 0.08055555555555556
0 0.22708333333333333 0.7902777777777777 0.03333333333333333 0.075
0 0.4791666666666667 0.6986111111111111 0.06979166666666667 0.0824074074074074
0 0.084375 0.5902777777777778 0.05625 0.06018518518518518
0 0.8721354166666667 0.8152777777777778 0.05260416666666667 0.04351851851851852
0 0.9692708333333333 0.7592592592592593 0.035416666666666666 0.10740740740740741
0 0.09296875 0.6921296296296297 0.050520833333333334 0.075
0 0.30078125 0.7694444444444445 0.0328125 0.1111111111111111
0 0.22213541666666667 0.6861111111111111 0.0453125 0.08148148148148149
0 0.19140625 0.7041666666666667 0.0296875 0.10277777777777777
0 0.8684895833333334 0.7685185185185185 0.033854166666666664 0.053703703703703705
0 0.8908854166666667 0.8263888888888888 0.0005208333333333333 0.000925925925925926
0 0.017447916666666667 0.7439814814814815 0.021354166666666667 0.08611111111111111
