0 0.39438453638497656 0.8453964527908191 0.07794160798122067 0.09846113719353161
0 0.45453711854460094 0.7267214397496088 0.06987235915492954 0.06520605112154407
0 0.7184654592240698 0.8006730007917657 0.0629701108471893 0.09567168118236996
0 0.7836624109263658 0.791875604820973 0.06272268408551072 0.10138998856338523
0 0.7839486183074267 0.67573402417962 0.06746545768566499 0.10890424102859339
0 0.9324123896247242 0.700729703213147 0.05363548565121417 0.1192666176109884
0 0.9747516556291391 0.7983811626195733 0.045874724061810215 0.06990434142752025
0 0.9786320364238411 0.50481358842286 0.04052842163355415 0.11497424576894776
0 0.23902979066022548 0.8554750402576491 0.0870571658615137 0.08006799069601003
0 0.10253119967793882 0.8272946859903382 0.0722121578099839 0.1060118089103596
0 0.05824778582930757 0.6781177312578279 0.04654790660225442 0.10377527285739853
0 0.14970813204508857 0.5168634818393273 0.04830917874396136 0.09796027911969947
0 0.33229166666666665 0.19382716049382714 0.04027777777777774 0.1345679012345679
