0 0.95546875 0.7587962962962963 0.050520833333333334 0.08055555555555556
0 0.04114583333333333 0.875462962962963 0.06458333333333334 0.075
0 0.7541666666666667 0.8347222222222223 0.06145833333333333 0.075
0 0.22369791666666666 0.763425925925926 0.0546875 0.09537037037037037
0 0.09791666666666667 0.8375 0.05416666666666667 0.075
0 0.9080729166666667 0.6763888888888889 0.05260416666666667 0.07685185185185185
0 0.9505208333333334 0.6828703703703703 0.035416666666666666 0.09722222222222222
0 0.16223958333333333 0.7351851851851852 0.03177083333333333 0.08518518518518518
0 0.47161458333333334 0.8231481481481482 0.05364583333333333 0.09259259259259259
0 0.990625 0.7865740740740741 0.017708333333333333 0.11388888888888889
0 0.03125 0.7898148148148149 0.028125 0.04814814814814815
0 0.06949973460721867 0.31463788629393724 0.03615976645435245 0.11264449162538334
0 0.06974248927038626 0.7955809887140358 0.04381258941344779 0.052455889365760684
