0 0.34739583333333335 0.899537037037037 0.06666666666666667 0.10833333333333334
0 0.15651041666666668 0.49722222222222223 0.050520833333333334 0.11296296296296296
0 0.22239583333333332 0.7814814814814814 0.03854166666666667 0.09074074074074075
0 0.39453125 0.7125 0.050520833333333334 0.10648148148148148
0 0.020052083333333335 0.5023148148148148 0.0390625 0.08796296296296297
0 0.4635416666666667 0.7444444444444445 0.042708333333333334 0.10925925925925926
0 0.09453125 0.7310185185185185 0.044270833333333336 0.10648148148148148
0 0.9729166666666667 0.6421296296296296 0.040625 0.10277777777777777
0 0.3072916666666667 0.7074074074074074 0.06666666666666667 0.07037037037037037
0 0.21666666666666667 0.6939814814814815 0.0625 0.06018518518518518
0 0.7130208333333333 0.5231481481481481 0.06770833333333333 0.10740740740740741
0 0.9122395833333333 0.6736111111111112 0.05364583333333333 0.08981481481481482
0 0.965625 0.7425925925925926 0.029166666666666667 0.09259259259259259
0 0.48072916666666665 0.825462962962963 0.03333333333333333 0.049074074074074076
0 0.37109375 0.825 0.05572916666666667 0.07222222222222222
0 0.4166666666666667 0.8111111111111111 0.03854166666666667 0.06111111111111111
0 0.26666666666666666 0.8097222222222222 0.04583333333333333 0.04722222222222222
0 0.09827044025157233 0.550314465408805 0.03144654088050314 0.10132774283717683
0 0.18376572327044022 0.6097134870719776 0.059944968553459106 0.06114605171208946
0 0.2439563679245283 0.8621593291404611 0.06436713836477986 0.05939902166317265
0 0.8677279874213836 0.7861635220125786 0.03046383647798751 0.10831586303284416
