0 0.32881345785440613 0.8112494678586633 0.055375957854406126 0.10163899531715623
0 0.43522509578544066 0.6585249042145594 0.07722701149425285 0.10589612601106858
0 0.6898048371647509 0.8258833546189869 0.0745330459770115 0.07875691783737758
0 0.8422157622739017 0.6940855584266437 0.06621447028423771 0.06388171116853288
0 0.8722948966408268 0.6004163077806488 0.05813953488372085 0.11269020958943435
0 0.9379037467700257 0.7023399368360609 0.04562338501291983 0.11125466551823138
0 0.7533646755162241 0.4920517862995739 0.07144174041297925 0.09341199606686335
0 0.13065349002849003 0.7456869262424818 0.03338675213675213 0.09773662551440328
0 0.16203703703703706 0.7998971193415638 0.040064102564102554 0.06924659702437484
0 0.061431623931623935 0.8776511554289332 0.05920584045584046 0.1226654004431783
0 0.09036680911680911 0.7247150997150997 0.03961894586894587 0.10485913263691045
