0 0.9380208333333333 0.7055555555555556 0.04791666666666667 0.10925925925925926
0 0.0484375 0.8439814814814814 0.052083333333333336 0.075
0 0.8643229166666667 0.8138888888888889 0.0546875 0.05925925925925926
0 0.14557291666666666 0.7754629629629629 0.04635416666666667 0.07314814814814814
0 0.8182291666666667 0.6050925925925926 0.04375 0.13055555555555556
0 0.06901041666666667 0.7162037037037037 0.0296875 0.07314814814814814
0 0.7526041666666666 0.6652777777777777 0.0625 0.0712962962962963
0 0.8065104166666667 0.8185185185185185 0.0609375 0.04814814814814815
0 0.8083333333333333 0.33611111111111114 0.03125 0.13518518518518519
0 0.11223958333333334 0.7875 0.0265625 0.04722222222222222
0 0.36171875 0.21898148148148147 0.05364583333333333 0.10462962962962963
0 0.19244791666666666 0.7768518518518519 0.0421875 0.09444444444444444
0 0.8828125 0.44027777777777777 0.03958333333333333 0.10648148148148148
0 0.9088541666666666 0.4300925925925926 0.030208333333333334 0.11018518518518519
0 0.843444956616052 0.4823451434080501 0.06247740419378166 0.13316461798023624
