0 0.19010416666666666 0.9601851851851851 0.0625 0.07592592592592592
0 0.43697916666666664 0.8361111111111111 0.03854166666666667 0.07962962962962963
0 0.10390625 0.65 0.0453125 0.08703703703703704
0 0.7739583333333333 0.7856481481481481 0.06145833333333333 0.09166666666666666
0 0.8864583333333333 0.8009259259259259 0.05520833333333333 0.09814814814814815
0 0.6122395833333333 0.1638888888888889 0.06510416666666667 0.11851851851851852
0 0.13098958333333333 0.538425925925926 0.04739583333333333 0.11018518518518519
0 0.12057291666666667 0.7699074074074074 0.028645833333333332 0.10092592592592593
0 0.7575520833333333 0.8569444444444444 0.058854166666666666 0.032407407407407406
0 0.9356770833333333 0.625 0.03802083333333333 0.14444444444444443
0 0.19401041666666666 0.7055555555555556 0.0453125 0.10555555555555556
0 0.08619791666666667 0.7314814814814815 0.0234375 0.1
0 0.6875 0.8638888888888889 0.06458333333333334 0.03148148148148148
0 0.990625 0.6166666666666667 0.017708333333333333 0.06666666666666667
0 0.4861979166666667 0.5212962962962963 0.059895833333333336 0.12962962962962962
0 0.9666666666666667 0.513425925925926 0.023958333333333335 0.14722222222222223
0 0.24973958333333332 0.6773148148148148 0.03697916666666667 0.11388888888888889
0 0.8515625 0.8495370370370371 0.020833333333333332 0.030555555555555555
0 0.36563704238921 0.8022907300363948 0.04064306358381498 0.11239563262684639
0 0.03640896524486572 0.7923029664735827 0.035791864139020545 0.05134281200631918
0 0.06899190363349132 0.802615411620151 0.01950039494470775 0.043005090398455396
0 0.05664988151658768 0.6270844304019659 0.027892969984202216 0.11760575741618395
