0 0.11979166666666667 0.8328703703703704 0.051041666666666666 0.09351851851851851
0 0.11796875 0.7245370370370371 0.044270833333333336 0.09537037037037037
0 0.21796875 0.8046296296296296 0.03697916666666667 0.09259259259259259
0 0.057291666666666664 0.6907407407407408 0.035416666666666666 0.10185185185185185
0 0.17734375 0.8351851851851851 0.05260416666666667 0.07222222222222222
0 0.12682291666666667 0.5111111111111111 0.0578125 0.11851851851851852
0 0.03984375 0.7981481481481482 0.044270833333333336 0.06481481481481481
0 0.12395833333333334 0.6319444444444444 0.03854166666666667 0.0787037037037037
0 0.015364583333333333 0.7416666666666667 0.030729166666666665 0.07222222222222222
0 0.8541666666666666 0.8449074074074074 0.03958333333333333 0.03796296296296296
0 0.20389020537124805 0.50048271019835 0.029620853080568714 0.10663507109004744
0 0.4421321902654867 0.787037037037037 0.048626474926253674 0.08030154047853157
0 0.8468150811209438 0.767576204523107 0.052774705014749304 0.046296296296296294
0 0.7915053466076695 0.813462799082268 0.03710361356932156 0.09300229432972795
0 0.9104212758112094 0.6606440511307767 0.041712758112094406 0.09382169780399865
