0 0.14895833333333333 0.6787037037037037 0.046875 0.08703703703703704
0 0.36041666666666666 0.9087962962962963 0.059375 0.08981481481481482
0 0.16510416666666666 0.4847222222222222 0.05 0.09537037037037037
0 0.1234375 0.7231481481481481 0.05 0.08703703703703704
0 0.21458333333333332 0.7675925925925926 0.03125 0.09444444444444444
0 0.15755208333333334 0.6055555555555555 0.059895833333333336 0.08888888888888889
0 0.06588541666666667 0.5402777777777777 0.0296875 0.11203703703703703
0 0.5111979166666667 0.8412037037037037 0.06302083333333333 0.08611111111111111
0 0.8802083333333334 0.8106481481481481 0.052083333333333336 0.04351851851851852
0 0.56953125 0.8152777777777778 0.03697916666666667 0.0712962962962963
0 0.04479166666666667 0.7138888888888889 0.03958333333333333 0.09074074074074075
0 0.12265625 0.48148148148148145 0.04010416666666667 0.10555555555555556
0 0.3533854166666667 0.8180555555555555 0.049479166666666664 0.0787037037037037
0 0.08567708333333333 0.749537037037037 0.025520833333333333 0.09907407407407408
0 0.05677083333333333 0.8092592592592592 0.05625 0.08333333333333333
0 0.6177083333333333 0.8023148148148148 0.035416666666666666 0.09351851851851851
0 0.019791666666666666 0.7513888888888889 0.0375 0.07685185185185185
0 0.8692708333333333 0.7490740740740741 0.026041666666666668 0.09074074074074075
0 0.10910347551342812 0.3499648938037564 0.032089257503949455 0.09171493768650166
