0 0.06588541666666667 0.8791666666666667 0.0515625 0.08611111111111111
0 0.7619791666666667 0.8439814814814814 0.058333333333333334 0.06018518518518518
0 0.21901041666666668 0.7625 0.0609375 0.08796296296296297
0 0.09739583333333333 0.8310185185185185 0.05416666666666667 0.07685185185185185
0 0.48020833333333335 0.8472222222222222 0.03333333333333333 0.05925925925925926
0 0.140625 0.8037037037037037 0.03229166666666667 0.06666666666666667
0 0.9049479166666666 0.8074074074074075 0.0546875 0.08148148148148149
0 0.09401041666666667 0.8268518518518518 0.0005208333333333333 0.001851851851851852
0 0.06245063191153239 0.3210022819027558 0.02912717219589258 0.10400210637177462
0 0.06839737354085604 0.7942426862660326 0.04884079118028536 0.03638852860642748
0 0.03607328145265889 0.7958639573425565 0.030804150453955903 0.033866551376279065
0 0.9678409984276729 0.6263102725366876 0.02481328616352201 0.10744234800838565
0 0.9072818396226414 0.6809049615653389 0.05159198113207542 0.06376659678546467
0 0.981844536163522 0.7178109713487071 0.02923545597484285 0.09302935010482175
