0 0.16015625 0.8023148148148148 0.049479166666666664 0.05092592592592592
0 0.8153645833333333 0.6902777777777778 0.05364583333333333 0.10092592592592593
0 0.9372395833333333 0.7078703703703704 0.0484375 0.11018518518518519
0 0.8276041666666667 0.09305555555555556 0.05520833333333333 0.13796296296296295
0 0.7098958333333333 0.6504629629629629 0.07916666666666666 0.062037037037037036
0 0.01328125 0.44537037037037036 0.025520833333333333 0.08703703703703704
0 0.2078125 0.899074074074074 0.03229166666666667 0.12962962962962962
0 0.0953125 0.7870370370370371 0.035416666666666666 0.044444444444444446
0 0.18203125 0.8523148148148149 0.05572916666666667 0.07314814814814814
0 0.015885416666666666 0.7944444444444444 0.0296875 0.05555555555555555
0 0.14661458333333333 0.40694444444444444 0.0296875 0.13240740740740742
0 0.2328125 0.19907407407407407 0.052083333333333336 0.07037037037037037
0 0.04383586406362979 0.7394352052703462 0.036605206073752714 0.10504539246404752
