0 0.13489583333333333 0.5138888888888888 0.04791666666666667 0.0962962962962963
0 0.165625 0.4791666666666667 0.05520833333333333 0.09907407407407408
0 0.06796875 0.5125 0.0546875 0.08796296296296297
0 0.5364583333333334 0.8402777777777778 0.06770833333333333 0.08981481481481482
0 0.12291666666666666 0.7175925925925926 0.05520833333333333 0.07777777777777778
0 0.05182291666666667 0.7300925925925926 0.04114583333333333 0.09351851851851851
0 0.1203125 0.3527777777777778 0.057291666666666664 0.09259259259259259
0 0.08958333333333333 0.7532407407407408 0.026041666666666668 0.10092592592592593
0 0.21432291666666667 0.7689814814814815 0.0453125 0.09907407407407408
0 0.13255208333333332 0.6578703703703703 0.05260416666666667 0.06574074074074074
0 0.14609375 0.5939814814814814 0.06302083333333333 0.06388888888888888
0 0.34713541666666664 0.8282407407407407 0.0484375 0.09351851851851851
0 0.621875 0.7837962962962963 0.03229166666666667 0.11018518518518519
0 0.8723958333333334 0.7388888888888889 0.03229166666666667 0.10555555555555556
0 0.040364583333333336 0.8004629629629629 0.0671875 0.07685185185185185
0 0.5846354166666666 0.8333333333333334 0.0390625 0.037037037037037035
0 0.3541967726396917 0.9007707129094413 0.03161127167630055 0.0620852065938771
