0 0.5484032668231612 0.6069596591897062 0.06027484350547733 0.12454355764214921
0 0.9653144561815338 0.5061076334550514 0.04144659624413147 0.12323943661971828
0 0.9347491197183099 0.7083550686837072 0.05196107198748041 0.1047643888019475
0 0.7902105734767024 0.8062027080844284 0.058523745519713205 0.07616487455197132
0 0.8373935931899641 0.7494524093986458 0.06384408602150533 0.11101154918359218
0 0.2872283826164875 0.476279370768618 0.0469030017921147 0.12768817204301072
0 0.280647961469534 0.6612156511350059 0.06314404121863797 0.08885902031063314
0 0.17529121863799282 0.6761499402628435 0.04284274193548387 0.11524293110314608
0 0.11823756720430106 0.7963709677419354 0.04998319892473118 0.06645758661887692
0 0.07462477598566308 0.7885304659498207 0.0492831541218638 0.06521306252489044
