0 0.39011769480519476 0.8570827320827321 0.08218344155844151 0.09559884559884556
0 0.5674216360856269 0.6930286555668819 0.06609964322120282 0.12770415675614455
0 0.5539627930682977 0.9456053913240459 0.09843272171253829 0.10675048136821845
0 0.8804791029561673 0.8169101823536075 0.025802752293578025 0.06455997281685358
0 0.9517552242609583 0.8058670291086193 0.03456294597349642 0.051534715143277815
0 0.9349515800203874 0.7060539132404576 0.051286952089704366 0.10561785026616824
0 0.7657388433515482 0.8148654118599474 0.05891393442622951 0.060210483707751485
0 0.7570582877959926 0.6243675369358428 0.06659836065573768 0.09107468123861562
0 0.6627106102003641 0.7766646427848614 0.04980646630236798 0.11333738109694393
0 0.9143901766004414 0.07971547706647045 0.059671633554083905 0.11098847191562423
0 0.9844094922737306 0.5034338974736325 0.029318432671081734 0.13306352710326216
0 0.2844870517928287 0.6372657518075844 0.03901062416998672 0.15456691751512472
0 0.23645003320053118 0.13427770399881953 0.05706341301460822 0.1342777039988195
0 0.09949252136752137 0.6113485280151948 0.05252849002849002 0.09892371003482113
0 0.10939725783475786 0.7856521050965496 0.04963497150997152 0.056584362139917674
0 0.5811280030030029 0.2923757090423757 0.05020645645645641 0.10343677010343676
0 0.46889966475095785 0.8599404001702853 0.0745330459770115 0.1064282673478076
