0 0.1953125 0.799537037037037 0.04895833333333333 0.05277777777777778
0 0.85859375 0.812037037037037 0.05364583333333333 0.05740740740740741
0 0.7510416666666667 0.6662037037037037 0.06145833333333333 0.062037037037037036
0 0.9388020833333334 0.7055555555555556 0.04635416666666667 0.1111111111111111
0 0.8046875 0.8157407407407408 0.059375 0.05185185185185185
0 0.8802083333333334 0.4351851851851852 0.040625 0.1037037037037037
0 0.06744791666666666 0.7203703703703703 0.027604166666666666 0.08333333333333333
0 0.7877604166666666 0.44675925925925924 0.033854166666666664 0.14907407407407408
0 0.8166666666666667 0.5990740740740741 0.052083333333333336 0.13333333333333333
0 0.8403645833333333 0.4810185185185185 0.05260416666666667 0.09907407407407408
0 0.0453125 0.8449074074074074 0.05625 0.075
0 0.3640625 0.3101851851851852 0.034375 0.13333333333333333
0 0.13854166666666667 0.7583333333333333 0.04895833333333333 0.07777777777777778
0 0.9122395833333333 0.47962962962962963 0.027604166666666666 0.12037037037037036
0 0.1171875 0.7893518518518519 0.03125 0.03981481481481482
0 0.013541666666666667 0.8384259259259259 0.026041666666666668 0.0712962962962963
