0 0.8471354166666667 0.2412037037037037 0.0546875 0.13240740740740742
0 0.9369791666666667 0.7074074074074074 0.04791666666666667 0.1111111111111111
0 0.18125 0.8675925925925926 0.06041666666666667 0.07777777777777778
0 0.6421875 0.674074074074074 0.06875 0.10185185185185185
0 0.8348958333333333 0.6638888888888889 0.04479166666666667 0.1111111111111111
0 0.027083333333333334 0.7625 0.027083333333333334 0.08425925925925926
0 0.6677083333333333 0.8351851851851851 0.06145833333333333 0.02962962962962963
0 0.15260416666666668 0.7958333333333333 0.035416666666666666 0.03981481481481482
0 0.2140625 0.7694444444444445 0.0010416666666666667 0.001851851851851852
0 0.010416666666666666 0.6777777777777778 0.019791666666666666 0.10740740740740741
0 0.20598958333333334 0.7648148148148148 0.0296875 0.04814814814814815
0 0.17109375 0.7680555555555556 0.06302083333333333 0.08796296296296297
0 0.990625 0.7555555555555555 0.017708333333333333 0.11296296296296296
