0 0.0515625 0.8402777777777778 0.04791666666666667 0.08611111111111111
0 0.128125 0.7875 0.036458333333333336 0.05277777777777778
0 0.1390625 0.674537037037037 0.042708333333333334 0.09351851851851851
0 0.17604166666666668 0.7430555555555556 0.03125 0.08981481481481482
0 0.7869791666666667 0.7194444444444444 0.05520833333333333 0.09814814814814815
0 0.8669270833333333 0.8013888888888889 0.049479166666666664 0.08796296296296297
0 0.8182291666666667 0.6074074074074074 0.04583333333333333 0.11296296296296296
0 0.07317708333333334 0.6833333333333333 0.027604166666666666 0.1
0 0.83203125 0.4361111111111111 0.06197916666666667 0.11851851851851852
0 0.878125 0.42268518518518516 0.034375 0.09166666666666666
0 0.7864583333333334 0.8189814814814815 0.06354166666666666 0.04722222222222222
0 0.2078125 0.8050925925925926 0.06041666666666667 0.041666666666666664
0 0.24114583333333334 0.749537037037037 0.025 0.11944444444444445
0 0.024739583333333332 0.7601851851851852 0.03177083333333333 0.06111111111111111
0 0.9176936619718311 0.7409037558685447 0.041813380281690134 0.12682576943140325
0 0.9458443368544602 0.7109089723526343 0.03612822769953053 0.12486958789775691
