0 0.4324127906976744 0.5551518087855297 0.08054748062015502 0.10416666666666667
0 0.37571160368217055 0.7899978466838933 0.044058866279069756 0.1087424633936262
0 0.10613493217054264 0.6975398363479759 0.03179505813953489 0.12031653746770027
0 0.06881359011627906 0.7838070628768303 0.04769258720930233 0.06567614125753662
0 0.2517865794573643 0.8698051248923342 0.08024467054263565 0.1079349698535745
0 0.7524073401162791 0.7711563307493541 0.06010780038759679 0.10658914728682169
0 0.754905523255814 0.6679317398794142 0.061773255813953536 0.08694013781223085
0 0.8177386143410852 0.7278208440999139 0.05692829457364337 0.08774763135228257
0 0.8651283914728682 0.7163813522825151 0.04572432170542638 0.0772502153316107
0 0.8474897044573644 0.8264696382428941 0.06101623062015496 0.09017011197243757
0 0.8880662548449613 0.8159722222222222 0.03951671511627903 0.0772502153316107
0 0.936515867248062 0.7052110249784669 0.05132630813953488 0.1098191214470284
0 0.9509750484496123 0.5282353574504738 0.0572311046511628 0.11870155038759686
0 0.984889777131783 0.49418604651162784 0.026041666666666668 0.09905254091300598
0 0.8968477470930233 0.3390127045650302 0.07161458333333333 0.11439491817398793
0 0.6847292877906976 0.6706233850129198 0.07040334302325585 0.08747846683893196
0 0.6023031345565749 0.5599445010759995 0.07533766564729874 0.0937252236946427
