0 0.8307291666666666 0.8037037037037037 0.05520833333333333 0.06666666666666667
0 0.9375 0.7074074074074074 0.046875 0.10925925925925926
0 0.28046875 0.8185185185185185 0.0546875 0.07407407407407407
0 0.66875 0.7944444444444444 0.06354166666666666 0.06111111111111111
0 0.7958333333333333 0.6731481481481482 0.05625 0.08333333333333333
0 0.5903645833333333 0.6578703703703703 0.0453125 0.10833333333333334
0 0.020572916666666666 0.8203703703703704 0.04010416666666667 0.07222222222222222
0 0.7838541666666666 0.787962962962963 0.04895833333333333 0.1
0 0.6609375 0.7050925925925926 0.06458333333333334 0.058333333333333334
0 0.043229166666666666 0.7185185185185186 0.030208333333333334 0.1
0 0.9466145833333334 0.8074074074074075 0.043229166666666666 0.040740740740740744
0 0.9807291666666667 0.6217592592592592 0.0375 0.058333333333333334
0 0.032552083333333336 0.06944444444444445 0.0578125 0.08333333333333333
0 0.3812720070422536 0.7195487741262391 0.0403462441314554 0.12323943661971828
