0 0.43307291666666664 0.8300925925925926 0.0453125 0.08796296296296297
0 0.17265625 0.5356481481481481 0.05364583333333333 0.09907407407407408
0 0.15026041666666667 0.8800925925925925 0.058854166666666666 0.0787037037037037
0 0.028385416666666666 0.6319444444444444 0.050520833333333334 0.08981481481481482
0 0.83671875 0.7050925925925926 0.0609375 0.09166666666666666
0 0.19661458333333334 0.8305555555555556 0.03697916666666667 0.07777777777777778
0 0.9466145833333334 0.8231481481481482 0.0359375 0.05925925925925926
0 0.8973958333333333 0.6837962962962963 0.040625 0.10833333333333334
0 0.6408854166666667 0.8416666666666667 0.05677083333333333 0.07407407407407407
0 0.9333333333333333 0.6328703703703704 0.03125 0.13055555555555556
0 0.23307291666666666 0.9296296296296296 0.0609375 0.1
0 0.12421875 0.825462962962963 0.05677083333333333 0.06388888888888888
0 0.08463541666666667 0.6995370370370371 0.0421875 0.08796296296296297
0 0.2046875 0.6328703703703704 0.042708333333333334 0.1175925925925926
0 0.70234375 0.8597222222222223 0.0296875 0.03611111111111111
0 0.19479166666666667 0.7143518518518519 0.05416666666666667 0.058333333333333334
0 0.7856770833333333 0.6671296296296296 0.030729166666666665 0.08055555555555556
0 0.58125 0.8467592592592592 0.06666666666666667 0.062037037037037036
0 0.11531290531776914 0.4860210404957487 0.03526264591439688 0.09943795936013841
0 0.03769455252918288 0.7942426862660326 0.03972114137483788 0.055843781524715426
0 0.06819471465629053 0.8003674881106788 0.020873865110246432 0.04791756737282029
0 0.7555602477477475 0.702786119452786 0.044341216216216256 0.11344678011344679
