0 0.0359375 0.8532407407407407 0.059375 0.07314814814814814
0 0.8713541666666667 0.700925925925926 0.046875 0.1111111111111111
0 0.09140625 0.8194444444444444 0.0515625 0.07222222222222222
0 0.20494791666666667 0.8296296296296296 0.04739583333333333 0.06851851851851852
0 0.81640625 0.7212962962962963 0.05677083333333333 0.1
0 0.12682291666666667 0.5018518518518519 0.050520833333333334 0.11481481481481481
0 0.9278645833333333 0.6370370370370371 0.04635416666666667 0.13148148148148148
0 0.16119791666666666 0.7143518518518519 0.04114583333333333 0.09907407407407408
0 0.0296875 0.6199074074074075 0.053125 0.10277777777777777
0 0.2359375 0.9402777777777778 0.06041666666666667 0.09537037037037037
0 0.6489583333333333 0.7689814814814815 0.06354166666666666 0.07314814814814814
0 0.08463541666666667 0.7152777777777778 0.033854166666666664 0.09166666666666666
0 0.9096354166666667 0.837037037037037 0.0578125 0.04259259259259259
0 0.19322916666666667 0.6171296296296296 0.053125 0.09907407407407408
0 0.04296875 0.7921296296296296 0.04114583333333333 0.05092592592592592
0 0.6984375 0.8634259259259259 0.03854166666666667 0.028703703703703703
0 0.15234375 0.5796296296296296 0.043229166666666666 0.09814814814814815
0 0.75 0.7185185185185186 0.042708333333333334 0.12222222222222222
0 0.2765625 0.6601851851851852 0.04375 0.10740740740740741
0 0.15677083333333333 0.8226851851851852 0.025 0.03981481481481482
0 0.048402532391048296 0.7559547179688522 0.021348645465253235 0.05267635126292368
0 0.4428378938640132 0.6714114612124562 0.052342454394693226 0.14326515570296663
0 0.43569374298540964 0.8316186556927296 0.03244248035914706 0.08511036288814067
