0 0.28110868863049093 0.7278208440999139 0.05147771317829456 0.13565891472868216
0 0.21650920542635657 0.8415877117427505 0.05632267441860466 0.09043927648578808
0 0.22236353359173128 0.7825509618145277 0.03775032299741599 0.08362044214757386
0 0.16956508945386065 0.7786670851642603 0.03457509416195859 0.08213015275162168
0 0.0803319209039548 0.7115766896840343 0.04266713747645952 0.1033165934295878
0 0.047669491525423734 0.7481952291274324 0.027660075329566856 0.08500732370788866
0 0.15997023809523808 0.4312625433315088 0.0597803776683087 0.2057106367451195
0 0.08674172794117646 0.4348788126361655 0.04136029411764705 0.11744281045751633
0 0.6196384803921567 0.790100762527233 0.08731617647058829 0.11233660130718948
0 0.8341767881241565 0.6745763982606087 0.06241565452091772 0.09859049332733541
0 0.8591603708791209 0.7095797720797721 0.05995306776556776 0.07453194953194961
0 0.935151980874317 0.7060185185185185 0.04824112021857919 0.1149817850637523
0 0.9661031420765027 0.7724271402550092 0.03671448087431699 0.09069520340012145
0 0.9826460040983608 0.6371432908318154 0.03095116120218589 0.08348512446873102
