0 0.9221354166666667 0.47685185185185186 0.058854166666666666 0.11296296296296296
0 0.22369791666666666 0.8333333333333334 0.049479166666666664 0.07037037037037037
0 0.09427083333333333 0.5837962962962963 0.058333333333333334 0.075
0 0.6200520833333333 0.5287037037037037 0.0609375 0.14814814814814814
0 0.16223958333333333 0.7953703703703704 0.058854166666666666 0.08333333333333333
0 0.96328125 0.8175925925925925 0.0484375 0.06666666666666667
0 0.15520833333333334 0.4263888888888889 0.065625 0.10092592592592593
0 0.83046875 0.6037037037037037 0.05364583333333333 0.10740740740740741
0 0.9658854166666667 0.75 0.044270833333333336 0.08888888888888889
0 0.9583333333333334 0.6324074074074074 0.03333333333333333 0.11666666666666667
0 0.9052083333333333 0.6791666666666667 0.0375 0.09166666666666666
0 0.87421875 0.6819444444444445 0.044270833333333336 0.09351851851851851
0 0.20677083333333332 0.7263888888888889 0.042708333333333334 0.10277777777777777
0 0.64609375 0.8439814814814814 0.05364583333333333 0.06759259259259259
0 0.040625 0.7967592592592593 0.042708333333333334 0.062037037037037036
0 0.07421875 0.8027777777777778 0.0234375 0.05
0 0.73984375 0.8564814814814815 0.028645833333333332 0.03518518518518519
0 0.22161458333333334 0.6375 0.0546875 0.07314814814814814
0 0.7825520833333334 0.8550925925925926 0.030729166666666665 0.03425925925925926
0 0.4901041666666667 0.4740740740740741 0.030208333333333334 0.1685185185185185
0 0.1078125 0.7893518518518519 0.03229166666666667 0.06574074074074074
0 0.3325829802259887 0.7842906465787822 0.04369703389830507 0.1388888888888889
0 0.2780720338983051 0.8337256748273698 0.02295197740112993 0.05414312617702442
0 0.10186089409722224 0.7330246913580247 0.049641927083333336 0.05111882716049386
0 0.17835828993055555 0.6218653549382717 0.03879123263888887 0.09211033950617291
0 0.11333069620253164 0.8071601247127378 0.03177742616033755 0.05047112422665731
