0 0.12109375 0.7912037037037037 0.034895833333333334 0.04722222222222222
0 0.05364583333333333 0.8425925925925926 0.040625 0.07962962962962963
0 0.9377604166666667 0.7064814814814815 0.0484375 0.10925925925925926
0 0.8213541666666667 0.6046296296296296 0.05 0.13333333333333333
0 0.7596354166666667 0.6694444444444444 0.0578125 0.09074074074074075
0 0.35130208333333335 0.3962962962962963 0.033854166666666664 0.14629629629629629
0 0.80234375 0.8143518518518519 0.0546875 0.05462962962962963
0 0.07057291666666667 0.7125 0.0296875 0.08796296296296297
0 0.19739583333333333 0.8023148148148148 0.04583333333333333 0.04722222222222222
0 0.87578125 0.4305555555555556 0.034895833333333334 0.1
0 0.8390625 0.4564814814814815 0.05416666666666667 0.12222222222222222
0 0.018489583333333334 0.8379629629629629 0.034895833333333334 0.08333333333333333
0 0.03125 0.7685185185185185 0.040625 0.05
0 0.140625 0.7787037037037037 0.0 0.001851851851851852
0 0.88671875 0.538425925925926 0.027604166666666666 0.11203703703703703
0 0.13986804049168472 0.7424479794327951 0.02892263195950832 0.09942154736080984
0 0.8599548751686908 0.8137464387464387 0.05092358299595136 0.07591093117408908
