0 0.06354166666666666 0.5944444444444444 0.04791666666666667 0.09814814814814815
0 0.984375 0.5773148148148148 0.030208333333333334 0.10648148148148148
0 0.178125 0.9592592592592593 0.06666666666666667 0.07777777777777778
0 0.48776041666666664 0.4134259259259259 0.07552083333333333 0.12129629629629629
0 0.13333333333333333 0.5564814814814815 0.03958333333333333 0.1111111111111111
0 0.9390625 0.5939814814814814 0.041666666666666664 0.12314814814814815
0 0.4393229166666667 0.8217592592592593 0.050520833333333334 0.10277777777777777
0 0.3651041666666667 0.7805555555555556 0.034375 0.11851851851851852
0 0.9247395833333333 0.7662037037037037 0.0359375 0.09351851851851851
0 0.5736979166666667 0.29398148148148145 0.030729166666666665 0.1361111111111111
0 0.02890625 0.6282407407407408 0.043229166666666666 0.11203703703703703
0 0.8565104166666667 0.8018518518518518 0.0296875 0.10555555555555556
0 0.1234375 0.8115740740740741 0.03229166666666667 0.04722222222222222
0 0.39817708333333335 0.8449074074074074 0.044270833333333336 0.049074074074074076
0 0.10052083333333334 0.7680555555555556 0.022916666666666665 0.1175925925925926
0 0.040364583333333336 0.7981481481481482 0.043229166666666666 0.06296296296296296
0 0.34427083333333336 0.37546296296296294 0.025 0.14907407407407408
0 0.5252604166666667 0.7111111111111111 0.0359375 0.1574074074074074
0 0.07213541666666666 0.8004629629629629 0.0234375 0.04537037037037037
0 0.69296875 0.8606481481481482 0.06822916666666666 0.03425925925925926
0 0.7959357923497268 0.818154219793564 0.018442622950819634 0.10078931390406803
0 0.7780054644808743 0.779143897996357 0.04781420765027313 0.08105646630236792
