0 0.9703125 0.8087962962962963 0.05520833333333333 0.06388888888888888
0 0.9411458333333333 0.7083333333333334 0.042708333333333334 0.11296296296296296
0 0.0265625 0.6370370370370371 0.041666666666666664 0.07592592592592592
0 0.8190104166666666 0.3560185185185185 0.06822916666666666 0.10277777777777777
0 0.26796875 0.8444444444444444 0.06510416666666667 0.09814814814814815
0 0.14635416666666667 0.7925925925925926 0.0375 0.06666666666666667
0 0.4140625 0.8416666666666667 0.051041666666666666 0.13148148148148148
0 0.07734375 0.5537037037037037 0.0390625 0.1037037037037037
0 0.39088541666666665 0.10092592592592593 0.0421875 0.14074074074074075
0 0.24557291666666667 0.5930555555555556 0.059895833333333336 0.09351851851851851
0 0.8158854166666667 0.8240740740740741 0.028645833333333332 0.03333333333333333
0 0.9490630986590037 0.3166164088737524 0.0359375 0.11944444444444445
0 0.9880208333333333 0.4236111111111111 0.022916666666666665 0.10462962962962963
0 0.022916666666666665 0.08796296296296297 0.042708333333333334 0.12777777777777777
0 0.048919920462762105 0.7320036956696392 0.03863882863340564 0.08656704426769506
0 0.0927557845263919 0.6793805736322004 0.045643528561099066 0.09219088937093274
0 0.8291514598540145 0.4759732360097324 0.05664537712895381 0.137537172208705
0 0.9113832853025935 0.2851158074501014 0.05553554274735824 0.11981001174084747
