0 0.39285078347578356 0.7662630579297246 0.03605769230769228 0.13968027856916743
0 0.2243589743589744 0.839664450775562 0.08457977207977209 0.1036720481164926
0 0.25559105431309903 0.7460655543722636 0.06389776357827476 0.08578866406342447
0 0.18191149635036494 0.6625101378751014 0.06234793187347929 0.13550959718842925
0 0.05638860887096775 0.756608422939068 0.03675235215053764 0.09072580645161292
0 0.0933509744623656 0.5014187574671445 0.03675235215053765 0.1284348864994026
0 0.9809727822580645 0.5932646356033453 0.03528225806451613 0.10229988052568699
0 0.9371849798387097 0.7043384109916369 0.04893313172043013 0.12283452807646353
0 0.9735173051075269 0.6782034050179212 0.0363323252688172 0.09221923536439668
0 0.8203125 0.7407407407407407 0.06510416666666667 0.08437873357228196
0 0.8261928763440861 0.666255973715651 0.06468413978494626 0.08325866188769411
0 0.6744581653225806 0.8101851851851852 0.06489415322580641 0.07765830346475508
0 0.6810735887096775 0.7338336320191159 0.06510416666666667 0.10192652329749108
