0 0.5421875 0.3194444444444444 0.06666666666666667 0.1111111111111111
0 0.13307291666666668 0.5472222222222223 0.04010416666666667 0.12407407407407407
0 0.19453125 0.9541666666666667 0.07552083333333333 0.08611111111111111
0 0.43802083333333336 0.8319444444444445 0.04479166666666667 0.09166666666666666
0 0.06692708333333333 0.5967592592592592 0.04635416666666667 0.09166666666666666
0 0.15416666666666667 0.8009259259259259 0.03229166666666667 0.07037037037037037
0 0.12395833333333334 0.8046296296296296 0.026041666666666668 0.06111111111111111
0 0.09166666666666666 0.7828703703703703 0.025 0.08055555555555556
0 0.9356770833333333 0.5967592592592592 0.04010416666666667 0.13240740740740742
0 0.52890625 0.07592592592592592 0.04739583333333333 0.09259259259259259
0 0.853125 0.8268518518518518 0.03958333333333333 0.07777777777777778
0 0.9130208333333333 0.7773148148148148 0.03958333333333333 0.10833333333333334
0 0.04114583333333333 0.7944444444444444 0.041666666666666664 0.07222222222222222
0 0.690625 0.8611111111111112 0.058333333333333334 0.037037037037037035
0 0.06927083333333334 0.8004629629629629 0.020833333333333332 0.04722222222222222
0 0.18255208333333334 0.10555555555555556 0.033854166666666664 0.06851851851851852
0 0.7671875 0.8513888888888889 0.025 0.04537037037037037
0 0.3298829764903442 0.8124591846254315 0.03948887489504618 0.10611997387816025
0 0.35566225860621326 0.799281649407594 0.027812762384550757 0.10961843455546225
0 0.7807185374149659 0.7787226001511716 0.035926870748299325 0.08956916099773238
0 0.9895833333333334 0.583522297808012 0.01913265306122452 0.10657596371882085
