0 0.5478882944228275 0.5544747081712063 0.07153858625162132 0.10304078397463615
0 0.6165896562905319 0.5791540567805159 0.055731193255512325 0.15312004611615507
0 0.7028210116731518 0.6603977518374405 0.0648508430609598 0.0922323101311428
0 0.7090021076523995 0.7546116155065572 0.07234922178988322 0.10556276120478456
0 0.8074943255512322 0.753350626891483 0.05005674448767839 0.10880530335783245
0 0.7971587224383917 0.6349978383052314 0.039518482490272316 0.12717970889177124
0 0.8568417639429313 0.7265095835134746 0.05390726329442283 0.0861075082864966
0 0.9108503566796369 0.8396382764087045 0.06951199740596627 0.0861075082864966
0 0.935068093385214 0.7129989912091079 0.05269130998702991 0.11384925781812938
0 0.9293936446173799 0.6151823029254936 0.04053177691309991 0.11132728058798096
0 0.961413748378729 0.3552385069894798 0.055528534370946875 0.11384925781812943
0 0.9843142023346304 0.5024138924917136 0.029993514915693947 0.13582648796656585
0 0.0646481841763943 0.7340755152039199 0.026750972762645923 0.09763654705288942
0 0.09599569838056679 0.8269605638026689 0.05746035762483131 0.07909731593942126
0 0.0851889338731444 0.7815077222971959 0.05334851551956814 0.06354026090868198
0 0.16358303249097475 0.58480411819762 0.034220818291215385 0.12601952132638058
