0 0.39427083333333335 0.925 0.07395833333333333 0.08888888888888889
0 0.3265625 0.9166666666666666 0.06458333333333334 0.09074074074074075
0 0.11302083333333333 0.7027777777777777 0.03958333333333333 0.11851851851851852
0 0.6325520833333333 0.7467592592592592 0.06197916666666667 0.07314814814814814
0 0.46796875 0.6282407407407408 0.0609375 0.09537037037037037
0 0.5625 0.7143518518518519 0.06041666666666667 0.06018518518518518
0 0.60234375 0.5745370370370371 0.059895833333333336 0.13425925925925927
0 0.5213541666666667 0.8027777777777778 0.04479166666666667 0.08703703703703704
0 0.5453125 0.4981481481481482 0.042708333333333334 0.12777777777777777
0 0.055989583333333336 0.6194444444444445 0.05677083333333333 0.06481481481481481
0 0.20520833333333333 0.5685185185185185 0.053125 0.08333333333333333
0 0.17760416666666667 0.4476851851851852 0.053125 0.11018518518518519
0 0.21796875 0.7731481481481481 0.0359375 0.08148148148148149
0 0.23203125 0.8268518518518518 0.0546875 0.08888888888888889
0 0.571875 0.8333333333333334 0.028125 0.03888888888888889
0 0.0953125 0.7944444444444444 0.03333333333333333 0.05
0 0.8018229166666667 0.6611111111111111 0.058854166666666666 0.0962962962962963
0 0.2484375 0.5023148148148148 0.03958333333333333 0.11574074074074074
0 0.17526041666666667 0.5263888888888889 0.0515625 0.062037037037037036
0 0.2674479166666667 0.8115740740740741 0.034895833333333334 0.04537037037037037
0 0.4869791666666667 0.7185185185185186 0.06041666666666667 0.053703703703703705
0 0.01484375 0.7013888888888888 0.028645833333333332 0.07314814814814814
0 0.01465818363273453 0.7828786870703038 0.019960079840319365 0.06320691949434473
0 0.3898453093812375 0.7759481037924152 0.03368263473053889 0.04601907296518077
0 0.44001436781609193 0.7494070425104907 0.04515599343185546 0.11038131727786898
