0 0.3770833333333333 0.9120370370370371 0.08229166666666667 0.08333333333333333
0 0.10911458333333333 0.35185185185185186 0.049479166666666664 0.10740740740740741
0 0.21354166666666666 0.7689814814814815 0.03229166666666667 0.09166666666666666
0 0.43307291666666664 0.8333333333333334 0.0671875 0.06851851851851852
0 0.17291666666666666 0.4935185185185185 0.06041666666666667 0.06851851851851852
0 0.11302083333333333 0.8087962962962963 0.06041666666666667 0.0787037037037037
0 0.5380208333333333 0.774537037037037 0.06770833333333333 0.058333333333333334
0 0.13671875 0.5365740740740741 0.0265625 0.0787037037037037
0 0.6 0.7625 0.041666666666666664 0.11574074074074074
0 0.07291666666666667 0.549074074074074 0.036458333333333336 0.10740740740740741
0 0.8627604166666667 0.7976851851851852 0.0515625 0.06388888888888888
0 0.05546875 0.7546296296296297 0.021354166666666667 0.08888888888888889
0 0.8434895833333333 0.7574074074074074 0.03697916666666667 0.07777777777777778
0 0.017447916666666667 0.7458333333333333 0.03177083333333333 0.08796296296296297
0 0.3416666666666667 0.8203703703703704 0.03854166666666667 0.046296296296296294
0 0.09088541666666666 0.7375 0.0390625 0.10092592592592593
0 0.9130208333333333 0.7689814814814815 0.035416666666666666 0.07685185185185185
0 0.014583333333333334 0.8009259259259259 0.029166666666666667 0.07037037037037037
0 0.9205729166666666 0.8087962962962963 0.04635416666666667 0.03425925925925926
0 0.8270833333333333 0.7800925925925926 0.004166666666666667 0.023148148148148147
0 0.19986044657097288 0.6009657983342194 0.05482456140350876 0.08284600389863551
0 0.15537779106858055 0.6922293106503633 0.05656897926634768 0.06069466595782379
0 0.5007881030701754 0.6880482456140351 0.0613349780701754 0.07980019493177382
