0 0.5870535714285713 0.5691609977324262 0.044430272108843503 0.15570672713529854
0 0.623270295202952 0.5051592182588492 0.05535055350553506 0.10762607626076265
0 0.5359674956369982 0.5487686639519099 0.06571771378708556 0.0959860383944154
0 0.6155241055846422 0.806064572425829 0.06476330715532287 0.09089586969168124
0 0.3612231182795699 0.8223049352081608 0.04911083540115797 0.08363201911589013
0 0.7408078090507727 0.6608719646799117 0.06984685430463576 0.10087073828795685
0 0.8409216335540838 0.7185123865587442 0.06312086092715236 0.08186166298749084
0 0.887399972406181 0.8141709590385088 0.03914873068432669 0.06959774343880312
0 0.9605235927152318 0.8130978660779986 0.05294564017660051 0.08707382879568305
0 0.9066294150110376 0.7019560951680157 0.045874724061810215 0.11558744174638218
0 0.9409492273730684 0.7074748589649252 0.04311534216335543 0.11374785381407895
0 0.9838058774834437 0.4983750306597988 0.031215507726269347 0.1290777532499387
0 0.9749241169977925 0.25938189845474613 0.04759933774834432 0.1269315673289183
0 0.782668936965812 0.5135624406457738 0.0692775106837607 0.16945631528964855
0 0.1828418427230047 0.8251825769431403 0.06492077464788733 0.08672404799165369
0 0.2351085680751174 0.6623304642670841 0.0612529342723005 0.10204747000521658
0 0.10663377192982455 0.6180555555555556 0.03755482456140351 0.10209551656920071
0 0.07538377192982455 0.7496345029239766 0.05345394736842104 0.08747563352826504
0 0.05941611842105263 0.6542397660818713 0.03549890350877192 0.10282651072124759
