0 0.9453125 0.3277777777777778 0.06041666666666667 0.1037037037037037
0 0.23880208333333333 0.9513888888888888 0.0765625 0.08981481481481482
0 0.8145833333333333 0.30925925925925923 0.059375 0.15
0 0.825 0.46574074074074073 0.040625 0.12777777777777777
0 0.8143229166666667 0.7606481481481482 0.04739583333333333 0.11388888888888889
0 0.95 0.18888888888888888 0.06145833333333333 0.11666666666666667
0 0.9411458333333333 0.7111111111111111 0.042708333333333334 0.11666666666666667
0 0.2598958333333333 0.8398148148148148 0.06041666666666667 0.08703703703703704
0 0.030208333333333334 0.6800925925925926 0.034375 0.10092592592592593
0 0.04921875 0.47685185185185186 0.0515625 0.15
0 0.9877604166666667 0.8240740740740741 0.0234375 0.05740740740740741
0 0.07864583333333333 0.7828703703703703 0.036458333333333336 0.04537037037037037
0 0.9888020833333333 0.37175925925925923 0.021354166666666667 0.10092592592592593
0 0.11101382902298852 0.6862627713920818 0.03524604885057472 0.10576309067688383
