0 0.08229166666666667 0.7907407407407407 0.052083333333333336 0.06851851851851852
0 0.5294270833333333 0.6875 0.04635416666666667 0.11203703703703703
0 0.9799479166666667 0.6708333333333333 0.03697916666666667 0.11018518518518519
0 0.37447916666666664 0.7986111111111112 0.046875 0.08425925925925926
0 0.30755208333333334 0.7972222222222223 0.0359375 0.07962962962962963
0 0.17265625 0.46435185185185185 0.059895833333333336 0.08611111111111111
0 0.13567708333333334 0.5263888888888889 0.05572916666666667 0.07685185185185185
0 0.6036458333333333 0.5935185185185186 0.04375 0.10925925925925926
0 0.43411458333333336 0.6671296296296296 0.06927083333333334 0.11388888888888889
0 0.10234375 0.6180555555555556 0.04010416666666667 0.10462962962962963
0 0.559375 0.9412037037037037 0.08958333333333333 0.09907407407407408
0 0.8638020833333333 0.6125 0.058854166666666666 0.09351851851851851
0 0.17786458333333333 0.6486111111111111 0.06197916666666667 0.0712962962962963
0 0.5830729166666667 0.7143518518518519 0.06510416666666667 0.0712962962962963
0 0.23854166666666668 0.5407407407407407 0.06145833333333333 0.10925925925925926
0 0.5231770833333333 0.8175925925925925 0.0609375 0.05925925925925926
0 0.3606770833333333 0.6962962962962963 0.058854166666666666 0.08333333333333333
0 0.140625 0.7402777777777778 0.035416666666666666 0.1175925925925926
0 0.18697916666666667 0.5439814814814815 0.05 0.0824074074074074
0 0.8552083333333333 0.8143518518518519 0.022916666666666665 0.041666666666666664
0 0.20859375 0.8013888888888889 0.0234375 0.05462962962962963
0 0.011197916666666667 0.7814814814814814 0.021354166666666667 0.08148148148148149
0 0.014322916666666666 0.7046296296296296 0.025520833333333333 0.05925925925925926
0 0.3181872605363985 0.9096956151553852 0.0377155172413793 0.07183908045977014
0 0.17392418032786885 0.8180024286581663 0.052766393442622926 0.056162720097146304
0 0.6493911384976525 0.8382237871674492 0.05098298122065721 0.022822117892540336
