0 0.90625 0.4986111111111111 0.06145833333333333 0.09537037037037037
0 0.80859375 0.3300925925925926 0.0640625 0.1398148148148148
0 0.8924479166666667 0.6101851851851852 0.059895833333333336 0.06851851851851852
0 0.0203125 0.5597222222222222 0.03854166666666667 0.07685185185185185
0 0.0390625 0.8569444444444444 0.04791666666666667 0.0787037037037037
0 0.04375 0.7203703703703703 0.04791666666666667 0.07222222222222222
0 0.9705729166666667 0.8231481481481482 0.0328125 0.05
0 0.21328125 0.575925925925926 0.05260416666666667 0.11666666666666667
0 0.478125 0.6657407407407407 0.07083333333333333 0.08333333333333333
0 0.91171875 0.6824074074074075 0.05364583333333333 0.09259259259259259
0 0.11067708333333333 0.649074074074074 0.04739583333333333 0.07222222222222222
0 0.10182291666666667 0.8384259259259259 0.0546875 0.0712962962962963
0 0.134375 0.7263888888888889 0.041666666666666664 0.09166666666666666
0 0.5848958333333333 0.6986111111111111 0.036458333333333336 0.13240740740740742
0 0.9203125 0.8398148148148148 0.05520833333333333 0.05925925925925926
0 0.14270833333333333 0.5879629629629629 0.027083333333333334 0.1
0 0.89609375 0.8175925925925925 0.0026041666666666665 0.007407407407407408
0 0.2903645833333333 0.7546296296296297 0.0328125 0.14629629629629629
0 0.069996387283237 0.5587668593448941 0.025590077071290945 0.1123956326268465
0 0.20792801556420235 0.8273886727194121 0.0587710765239948 0.04935869721861945
0 0.23339086724806204 0.8473298880275624 0.03618580426356589 0.057062876830318666
0 0.03197916666666666 0.7894444444444445 0.027708333333333335 0.04259259259259259
0 0.064375 0.8101851851851852 0.04 0.041111111111111195
0 0.08781250000000002 0.7857407407407406 0.018958333333333337 0.04037037037037039
0 0.010790745856353591 0.6304992838142008 0.01985497237569061 0.042459586658481666
0 0.9685763888888889 0.5851851851851851 0.05451388888888893 0.04567901234567894
0 0.7886402027027027 0.6229145812479147 0.036833708708708814 0.12303970637303971
0 0.8692667958656329 0.8509187482055699 0.05692829457364337 0.033017513637668645
