0 0.90625 0.6726851851851852 0.04583333333333333 0.09166666666666666
0 0.92578125 0.7245370370370371 0.04739583333333333 0.08796296296296297
0 0.10364583333333334 0.8347222222222223 0.06041666666666667 0.08055555555555556
0 0.9296875 0.7981481481481482 0.041666666666666664 0.08148148148148149
0 0.2296875 0.7953703703703704 0.053125 0.09444444444444444
0 0.16979166666666667 0.687037037037037 0.0375 0.1037037037037037
0 0.45755208333333336 0.7944444444444444 0.0578125 0.10740740740740741
0 0.10755208333333334 0.7083333333333334 0.0359375 0.10740740740740741
0 0.03046875 0.7189814814814814 0.0578125 0.05277777777777778
0 0.30755208333333334 0.575925925925926 0.044270833333333336 0.13703703703703704
0 0.76796875 0.8444444444444444 0.0359375 0.05740740740740741
0 0.014322916666666666 0.8689814814814815 0.027604166666666666 0.06759259259259259
0 0.03229166666666667 0.7907407407407407 0.028125 0.04814814814814815
0 0.07074839055793992 0.29883961214433313 0.04984799713876966 0.0707359720235257
0 0.06370708154506438 0.7949848990621523 0.03397711015736767 0.052058496264504796
