0 0.2787272135416667 0.841772762345679 0.08110894097222224 0.12393904320987661
0 0.32158745659722227 0.7385706018518519 0.06808810763888887 0.1171875
0 0.4136827256944445 0.8217592592592593 0.03689236111111107 0.04822530864197534
0 0.1730685763888889 0.8504533179012346 0.07432725694444446 0.11429398148148148
0 0.1474338107638889 0.699266975308642 0.06320529513888888 0.09645061728395068
0 0.051812065972222224 0.5963059413580247 0.04448784722222222 0.13358410493827164
0 0.7189227883096367 0.8021765841671056 0.06689375987361762 0.07284535720554688
0 0.7624901263823065 0.7539055643321046 0.0468996840442338 0.11672810251009301
0 0.7906299368088469 0.6441987010707391 0.05578593996840446 0.10970686326136558
0 0.8907237361769353 0.736571879936809 0.0639316745655608 0.09171493768650175
0 0.9354018562401265 0.7019045111462173 0.053070695102685646 0.11892223977532031
0 0.9885959715639812 0.7563191153238548 0.019253554502369614 0.11541162015095666
0 0.977611571879937 0.5134281200631912 0.04270339652448658 0.11585044760400218
