0 0.9411458333333333 0.7064814814814815 0.042708333333333334 0.11666666666666667
0 0.09453125 0.700462962962963 0.03697916666666667 0.08796296296296297
0 0.9635416666666666 0.8041666666666667 0.058333333333333334 0.08055555555555556
0 0.27291666666666664 0.8481481481481481 0.071875 0.08518518518518518
0 0.8302083333333333 0.48842592592592593 0.046875 0.11388888888888889
0 0.9122395833333333 0.29074074074074074 0.05364583333333333 0.09074074074074075
0 0.4375 0.8398148148148148 0.042708333333333334 0.13333333333333333
0 0.9875 0.4125 0.023958333333333335 0.11574074074074074
0 0.06328125 0.6328703703703704 0.034895833333333334 0.10277777777777777
0 0.10703125 0.7847222222222222 0.0359375 0.05092592592592592
0 0.3421875 0.5226851851851851 0.029166666666666667 0.13240740740740742
0 0.04296875 0.7356481481481482 0.0234375 0.09166666666666666
0 0.03177083333333333 0.6324074074074074 0.03125 0.06111111111111111
0 0.9447916666666667 0.32546296296296295 0.029166666666666667 0.12129629629629629
0 0.13958333333333334 0.7912037037037037 0.028125 0.05277777777777778
0 0.83359375 0.36666666666666664 0.05364583333333333 0.07962962962962963
0 0.013020833333333334 0.799537037037037 0.023958333333333335 0.06574074074074074
0 0.11276041666666667 0.03009259259259259 0.0390625 0.05648148148148148
0 0.646875 0.16898148148148148 0.06041666666666667 0.08425925925925926
