0 0.36041666666666666 0.9018518518518519 0.06979166666666667 0.1
0 0.5052083333333334 0.7 0.06145833333333333 0.1037037037037037
0 0.77578125 0.4398148148148148 0.06927083333333334 0.10925925925925926
0 0.2375 0.8143518518518519 0.06145833333333333 0.075
0 0.35260416666666666 0.5884259259259259 0.058333333333333334 0.09166666666666666
0 0.27447916666666666 0.7518518518518519 0.036458333333333336 0.09074074074074075
0 0.4203125 0.6074074074074074 0.041666666666666664 0.12777777777777777
0 0.7947916666666667 0.537962962962963 0.041666666666666664 0.10555555555555556
0 0.29140625 0.6796296296296296 0.0609375 0.053703703703703705
0 0.15286458333333333 0.4449074074074074 0.05572916666666667 0.10833333333333334
0 0.15 0.8138888888888889 0.06145833333333333 0.08518518518518518
0 0.5958333333333333 0.6995370370370371 0.06354166666666666 0.07314814814814814
0 0.06536458333333334 0.5587962962962963 0.0515625 0.08981481481481482
0 0.09244791666666667 0.3972222222222222 0.05572916666666667 0.11851851851851852
0 0.27838541666666666 0.5944444444444444 0.0328125 0.10925925925925926
0 0.97265625 0.7842592592592592 0.049479166666666664 0.06666666666666667
0 0.026302083333333334 0.7393518518518518 0.0359375 0.08981481481481482
0 0.8583333333333333 0.787962962962963 0.036458333333333336 0.08703703703703704
0 0.05416666666666667 0.6486111111111111 0.06875 0.08796296296296297
0 0.0125 0.8013888888888889 0.023958333333333335 0.07314814814814814
0 0.9145833333333333 0.8055555555555556 0.035416666666666666 0.05185185185185185
0 0.8994829683698297 0.7738577994052446 0.04562043795620442 0.08245471749121386
0 0.9749867303609342 0.4163717857985374 0.0477707006369427 0.054258079735786766
