0 0.18984375 0.49675925925925923 0.04114583333333333 0.11018518518518519
0 0.72578125 0.8865740740740741 0.05364583333333333 0.09351851851851851
0 0.33489583333333334 0.9203703703703704 0.07291666666666667 0.08888888888888889
0 0.37057291666666664 0.6782407407407407 0.06302083333333333 0.08796296296296297
0 0.5197916666666667 0.7490740740740741 0.06875 0.10555555555555556
0 0.22083333333333333 0.8064814814814815 0.052083333333333336 0.044444444444444446
0 0.2950520833333333 0.8175925925925925 0.0609375 0.06851851851851852
0 0.3109375 0.7462962962962963 0.059375 0.07592592592592592
0 0.89375 0.6212962962962963 0.042708333333333334 0.08888888888888889
0 0.12395833333333334 0.8162037037037037 0.06354166666666666 0.0824074074074074
0 0.2328125 0.6240740740740741 0.05520833333333333 0.08333333333333333
0 0.6888020833333334 0.6310185185185185 0.0453125 0.10277777777777777
0 0.8666666666666667 0.7907407407407407 0.0625 0.08333333333333333
0 0.10703125 0.7592592592592593 0.033854166666666664 0.09074074074074075
0 0.6190104166666667 0.6527777777777778 0.0640625 0.06666666666666667
0 0.17135416666666667 0.6069444444444444 0.0375 0.09722222222222222
0 0.62421875 0.04351851851851852 0.03802083333333333 0.08518518518518518
0 0.025520833333333333 0.7814814814814814 0.04479166666666667 0.06666666666666667
0 0.6536458333333334 0.8305555555555556 0.04479166666666667 0.037037037037037035
0 0.023697916666666666 0.37222222222222223 0.024479166666666666 0.09814814814814815
0 0.06380529835390945 0.7759373571101965 0.032150205761316865 0.0663008687700046
0 0.2875707304526749 0.5524577046181984 0.061728395061728406 0.06058527663465935
0 0.4177790637860082 0.6204732510288066 0.05079732510288064 0.08687700045724735
0 0.12558932741091772 0.6122410429717552 0.029708575692260746 0.09496235850093415
0 0.1359089966832504 0.5620047908605121 0.016324626865671644 0.04790860512253538
0 0.09122318481848186 0.5867253392005868 0.03929455445544554 0.08177484415108174
0 0.05147444544364508 0.7304156674660272 0.02426184052757794 0.046296296296296294
0 0.020936375899280577 0.7135957900346389 0.03494079736211031 0.058286703970157165
