0 0.6130208333333333 0.600925925925926 0.05416666666666667 0.11851851851851852
0 0.05390625 0.8291666666666667 0.0640625 0.07685185185185185
0 0.9328125 0.8060185185185185 0.057291666666666664 0.06018518518518518
0 0.10208333333333333 0.7851851851851852 0.03125 0.05740740740740741
0 0.809375 0.8138888888888889 0.06145833333333333 0.053703703703703705
0 0.6151041666666667 0.812962962962963 0.06041666666666667 0.07592592592592592
0 0.9385416666666667 0.7074074074074074 0.04791666666666667 0.10925925925925926
0 0.8841145833333334 0.6949074074074074 0.059895833333333336 0.08055555555555556
0 0.95234375 0.5907407407407408 0.0515625 0.06851851851851852
0 0.79921875 0.6620370370370371 0.058854166666666666 0.08888888888888889
0 0.26015625 0.8087962962962963 0.0390625 0.04537037037037037
0 0.13125 0.24953703703703703 0.04791666666666667 0.13240740740740742
0 0.06276041666666667 0.7703703703703704 0.0328125 0.05
0 0.7334659984276729 0.7130066387141858 0.07001768867924518 0.11224668064290713
