0 0.7880208333333333 0.6893518518518519 0.04479166666666667 0.10833333333333334
0 0.22760416666666666 0.5726851851851852 0.06041666666666667 0.08425925925925926
0 0.026822916666666665 0.6398148148148148 0.043229166666666666 0.09074074074074075
0 0.44296875 0.8097222222222222 0.05364583333333333 0.09351851851851851
0 0.29661458333333335 0.9296296296296296 0.07760416666666667 0.08518518518518518
0 0.74140625 0.6282407407407408 0.06197916666666667 0.1175925925925926
0 0.24270833333333333 0.7986111111111112 0.05 0.09907407407407408
0 0.08489583333333334 0.7759259259259259 0.030208333333333334 0.08888888888888889
0 0.27369791666666665 0.6231481481481481 0.04114583333333333 0.10740740740740741
0 0.35182291666666665 0.8638888888888889 0.06302083333333333 0.06851851851851852
0 0.9643229166666667 0.7680555555555556 0.04114583333333333 0.05648148148148148
0 0.8416666666666667 0.7708333333333334 0.030208333333333334 0.14722222222222223
0 0.9458333333333333 0.7013888888888888 0.026041666666666668 0.05277777777777778
0 0.2911458333333333 0.8726851851851852 0.06145833333333333 0.04722222222222222
0 0.2425647820965842 0.4338437377306635 0.03901648998822145 0.11189634864546531
0 0.038134894459102904 0.8175754910583406 0.0383410290237467 0.04812860353757447
0 0.043563104661389615 0.7916788820482751 0.032706684256816186 0.048128603537574574
0 0.933992704826038 0.6476805087916199 0.042438271604938294 0.05518144407033295
0 0.9314959490740741 0.7502572016460904 0.023871527777777856 0.1111111111111111
