0 0.13333333333333333 0.5439814814814815 0.041666666666666664 0.12314814814814815
0 0.7442708333333333 0.7606481481481482 0.05520833333333333 0.08796296296296297
0 0.8283854166666667 0.7546296296296297 0.05260416666666667 0.05740740740740741
0 0.18854166666666666 0.7379629629629629 0.05 0.07962962962962963
0 0.21848958333333332 0.8101851851851852 0.0296875 0.08703703703703704
0 0.7872395833333333 0.787962962962963 0.030729166666666665 0.10185185185185185
0 0.046875 0.6027777777777777 0.03229166666666667 0.0962962962962963
0 0.3971354166666667 0.7152777777777778 0.059895833333333336 0.09351851851851851
0 0.8315104166666667 0.8337962962962963 0.05364583333333333 0.06574074074074074
0 0.04348958333333333 0.7953703703703704 0.03802083333333333 0.07407407407407407
0 0.11432291666666666 0.6504629629629629 0.027604166666666666 0.11574074074074074
0 0.11015625 0.8013888888888889 0.05364583333333333 0.06759259259259259
0 0.14583333333333334 0.85 0.06041666666666667 0.07962962962962963
0 0.5377604166666666 0.18194444444444444 0.0546875 0.13425925925925927
0 0.012760416666666666 0.7550925925925925 0.022395833333333334 0.10648148148148148
0 0.15542181978798586 0.6595995288574793 0.04656213191990576 0.08899358722680277
0 0.9073464912280701 0.6548489278752436 0.03563596491228071 0.10680636777128007
