0 0.4635416666666667 0.5851851851851851 0.0625 0.10555555555555556
0 0.17604166666666668 0.812962962962963 0.058333333333333334 0.08518518518518518
0 0.14166666666666666 0.4638888888888889 0.05520833333333333 0.11296296296296296
0 0.45 0.8013888888888889 0.06145833333333333 0.09351851851851851
0 0.11901041666666666 0.7657407407407407 0.04010416666666667 0.09444444444444444
0 0.34817708333333336 0.9027777777777778 0.0671875 0.10185185185185185
0 0.25859375 0.6680555555555555 0.06302083333333333 0.058333333333333334
0 0.7830729166666667 0.5310185185185186 0.04739583333333333 0.11018518518518519
0 0.3229166666666667 0.8486111111111111 0.0020833333333333333 0.002777777777777778
0 0.7205729166666667 0.6037037037037037 0.07135416666666666 0.1259259259259259
0 0.24401041666666667 0.7921296296296296 0.04114583333333333 0.06759259259259259
0 0.021875 0.5879629629629629 0.042708333333333334 0.07962962962962963
0 0.35859375 0.6638888888888889 0.030729166666666665 0.1259259259259259
0 0.08776041666666666 0.6875 0.03697916666666667 0.09166666666666666
0 0.83515625 0.8069444444444445 0.030729166666666665 0.058333333333333334
0 0.9028645833333333 0.7564814814814815 0.030729166666666665 0.07407407407407407
0 0.9078125 0.8115740740740741 0.04583333333333333 0.04537037037037037
0 0.062239583333333334 0.5023148148148148 0.028645833333333332 0.10833333333333334
0 0.96640625 0.7800925925925926 0.025520833333333333 0.07314814814814814
0 0.35494791666666664 0.8083333333333333 0.030729166666666665 0.06666666666666667
0 0.04479166666666667 0.6814814814814815 0.04375 0.09259259259259259
0 0.8713541666666667 0.7717592592592593 0.025 0.0712962962962963
0 0.9880208333333333 0.42916666666666664 0.022916666666666665 0.06944444444444445
0 0.017447916666666667 0.7458333333333333 0.030729166666666665 0.07314814814814814
0 0.058333333333333334 0.5152777777777777 0.019791666666666666 0.0787037037037037
0 0.041844729344729346 0.37591009813232035 0.052528490028490034 0.044317822095599875
0 0.23259437321937326 0.570196264640709 0.05920584045584046 0.08151313706869258
0 0.5219462250712251 0.6667458056346947 0.06721866096866098 0.05618866729977835
0 0.307380698005698 0.8084045584045584 0.06454772079772078 0.045109211775878455
