0 0.9427083333333334 0.7074074074074074 0.04479166666666667 0.1111111111111111
0 0.04296875 0.8462962962962963 0.050520833333333334 0.08333333333333333
0 0.8721354166666667 0.8180555555555555 0.05677083333333333 0.05462962962962963
0 0.803125 0.5777777777777777 0.04791666666666667 0.14074074074074075
0 0.10729166666666666 0.7958333333333333 0.04479166666666667 0.0787037037037037
0 0.17447916666666666 0.7101851851851851 0.028125 0.08703703703703704
0 0.7466145833333333 0.7518518518518519 0.059895833333333336 0.12222222222222222
0 0.159375 0.8013888888888889 0.05520833333333333 0.04351851851851852
0 0.8434895833333333 0.3574074074074074 0.0640625 0.08888888888888889
0 0.04765625 0.7550925925925925 0.03697916666666667 0.07314814814814814
0 0.9859375 0.6263888888888889 0.027083333333333334 0.0712962962962963
0 0.8770833333333333 0.4078703703703704 0.035416666666666666 0.10462962962962963
0 0.45 0.44722222222222224 0.053125 0.13333333333333333
0 0.1234375 0.5671296296296297 0.040625 0.11388888888888889
0 0.013802083333333333 0.7916666666666666 0.024479166666666666 0.07222222222222222
0 0.8632701210826211 0.6974121557454892 0.07011217948717956 0.09377967711301044
