0 0.24166666666666667 0.8847222222222222 0.07083333333333333 0.08425925925925926
0 0.032552083333333336 0.5458333333333333 0.0546875 0.0787037037037037
0 0.9338541666666667 0.8351851851851851 0.06354166666666666 0.06296296296296296
0 0.9645833333333333 0.5740740740740741 0.053125 0.07222222222222222
0 0.01796875 0.6300925925925925 0.034895833333333334 0.07314814814814814
0 0.09166666666666666 0.7300925925925926 0.03333333333333333 0.10277777777777777
0 0.7916666666666666 0.2 0.06666666666666667 0.14074074074074075
0 0.20807291666666666 0.6222222222222222 0.04010416666666667 0.10185185185185185
0 0.09791666666666667 0.8305555555555556 0.05 0.06111111111111111
0 0.03619791666666667 0.8430555555555556 0.04114583333333333 0.06944444444444445
0 0.8794270833333333 0.6106481481481482 0.06302083333333333 0.08055555555555556
0 0.11432291666666666 0.6523148148148148 0.058854166666666666 0.06388888888888888
0 0.5119791666666667 0.6393518518518518 0.07708333333333334 0.12314814814814815
0 0.9135416666666667 0.49444444444444446 0.06041666666666667 0.10740740740740741
0 0.8729166666666667 0.8347222222222223 0.057291666666666664 0.05648148148148148
0 0.13151041666666666 0.7361111111111112 0.04114583333333333 0.07407407407407407
0 0.14453125 0.5972222222222222 0.030729166666666665 0.1
0 0.5403645833333334 0.8462962962962963 0.0296875 0.06666666666666667
0 0.04505208333333333 0.7287037037037037 0.050520833333333334 0.08148148148148149
0 0.9088541666666666 0.6916666666666667 0.05416666666666667 0.07592592592592592
0 0.22682291666666668 0.26296296296296295 0.034895833333333334 0.14814814814814814
0 0.153125 0.6231481481481481 0.0010416666666666667 0.009259259259259259
0 0.06302083333333333 0.8083333333333333 0.036458333333333336 0.03148148148148148
0 0.17282196969696972 0.788008288008288 0.03751456876456875 0.10878010878010874
0 0.8179976851851851 0.48662551440329216 0.046875 0.11522633744855963
