0 0.3296875 0.6546296296296297 0.05416666666666667 0.07962962962962963
0 0.30390625 0.5777777777777777 0.0484375 0.09814814814814815
0 0.8138020833333334 0.48657407407407405 0.06197916666666667 0.09166666666666666
0 0.35911458333333335 0.9050925925925926 0.06614583333333333 0.09537037037037037
0 0.8822916666666667 0.7726851851851851 0.057291666666666664 0.09537037037037037
0 0.09453125 0.6768518518518518 0.050520833333333334 0.10925925925925926
0 0.28203125 0.7412037037037037 0.05364583333333333 0.10092592592592593
0 0.14921875 0.41064814814814815 0.058854166666666666 0.08981481481481482
0 0.1234375 0.5722222222222222 0.057291666666666664 0.08518518518518518
0 0.6229166666666667 0.6125 0.053125 0.10648148148148148
0 0.44453125 0.8032407407407407 0.04010416666666667 0.08981481481481482
0 0.10703125 0.8481481481481481 0.05572916666666667 0.08703703703703704
0 0.6924479166666667 0.6097222222222223 0.059895833333333336 0.07314814814814814
0 0.2747395833333333 0.6416666666666667 0.05260416666666667 0.07962962962962963
0 0.03723958333333333 0.6305555555555555 0.04635416666666667 0.1
0 0.92265625 0.8074074074074075 0.03697916666666667 0.04259259259259259
0 0.024739583333333332 0.7435185185185185 0.03802083333333333 0.09074074074074075
0 0.103125 0.4393518518518518 0.025 0.10462962962962963
0 0.751621756487026 0.46712131292969616 0.06798902195608783 0.04712796628964298
0 0.9764845309381237 0.38423153692614775 0.04303892215568865 0.08316699933466404
0 0.12749308846761453 0.8052483763384238 0.05405805687203791 0.04388274530454634
