0 0.24149750712250714 0.47918645140867366 0.06410256410256414 0.11079455523899966
0 0.18742664319248828 0.8494718309859155 0.05648474178403757 0.09487480438184663
0 0.2837074530516432 0.7982850808555034 0.05134976525821597 0.09683098591549298
0 0.11388644366197183 0.7645409494001043 0.029342723004694832 0.08933229003651544
0 0.149556191314554 0.7813315075639019 0.03319395539906102 0.07140062597809078
0 0.09499706572769953 0.5907668231611894 0.04328051643192488 0.12649973917579554
0 0.043115342163355413 0.7001165072357125 0.055532560706401765 0.07940887907775325
0 0.888003587196468 0.82168260976208 0.05760209713024279 0.0883002207505519
0 0.9375 0.7080880549423596 0.04690949227373077 0.10822909001716952
0 0.8347130242825607 0.6640912435614422 0.05484271523178812 0.12202599950944322
0 0.8979201158940397 0.5874417463821436 0.05880932671081685 0.08462104488594556
0 0.0734375 0.45802469135802465 0.04895833333333333 0.12222222222222216
