0 0.9338541666666667 0.8148148148148148 0.053125 0.08148148148148149
0 0.9072916666666667 0.29212962962962963 0.057291666666666664 0.10648148148148148
0 0.93203125 0.4986111111111111 0.05364583333333333 0.11574074074074074
0 0.4002604166666667 0.45416666666666666 0.0546875 0.16203703703703703
0 0.22708333333333333 0.8282407407407407 0.058333333333333334 0.04722222222222222
0 0.128125 0.5277777777777778 0.040625 0.11296296296296296
0 0.85390625 0.8513888888888889 0.0609375 0.03796296296296296
0 0.9109375 0.6763888888888889 0.05520833333333333 0.08425925925925926
0 0.027083333333333334 0.8587962962962963 0.053125 0.07314814814814814
0 0.11744791666666667 0.6407407407407407 0.050520833333333334 0.06666666666666667
0 0.9747395833333333 0.5833333333333334 0.04739583333333333 0.08518518518518518
0 0.4981770833333333 0.8597222222222223 0.04010416666666667 0.03425925925925926
0 0.2755208333333333 0.6638888888888889 0.026041666666666668 0.12037037037037036
0 0.07421875 0.8041666666666667 0.030729166666666665 0.06574074074074074
0 0.2833333333333333 0.8361111111111111 0.030208333333333334 0.053703703703703705
0 0.040364583333333336 0.7962962962962963 0.03802083333333333 0.05740740740740741
0 0.08567708333333333 0.7439814814814815 0.0265625 0.06944444444444445
0 0.034895833333333334 0.6222222222222222 0.027083333333333334 0.10185185185185185
0 0.9875 0.6939814814814815 0.023958333333333335 0.09722222222222222
0 0.08683933203631648 0.6699452370658596 0.0354653047989624 0.09403372243839174
0 0.13061365110246434 0.7911802853437094 0.031412127107652385 0.08718835567084597
0 0.15631871152154794 0.818919183035278 0.022125109938434483 0.040555066940291234
