0 0.020833333333333332 0.5606481481481481 0.03958333333333333 0.075
0 0.80859375 0.39814814814814814 0.0609375 0.1259259259259259
0 0.9130208333333333 0.4976851851851852 0.06145833333333333 0.09351851851851851
0 0.22682291666666668 0.5814814814814815 0.0546875 0.10740740740740741
0 0.9744791666666667 0.5777777777777777 0.046875 0.07592592592592592
0 0.46536458333333336 0.6773148148148148 0.07552083333333333 0.09907407407407408
0 0.15182291666666667 0.5449074074074074 0.04739583333333333 0.11574074074074074
0 0.045572916666666664 0.7175925925925926 0.05260416666666667 0.07407407407407407
0 0.6057291666666667 0.6282407407407408 0.04375 0.13796296296296295
0 0.9091145833333333 0.6856481481481481 0.0546875 0.09722222222222222
0 0.11822916666666666 0.8592592592592593 0.05416666666666667 0.07592592592592592
0 0.04010416666666667 0.8569444444444444 0.04791666666666667 0.07685185185185185
0 0.3104166666666667 0.825925925925926 0.03333333333333333 0.11851851851851852
0 0.9138020833333333 0.8393518518518519 0.0546875 0.06574074074074074
0 0.043229166666666666 0.7912037037037037 0.05 0.05092592592592592
0 0.15052083333333333 0.7074074074074074 0.026041666666666668 0.07777777777777778
0 0.8731770833333333 0.8351851851851851 0.0484375 0.05925925925925926
0 0.9098958333333333 0.6097222222222223 0.05416666666666667 0.0712962962962963
0 0.09114583333333333 0.8078703703703703 0.05625 0.06018518518518518
0 0.7307291666666667 0.8527777777777777 0.035416666666666666 0.046296296296296294
0 0.18289378612716764 0.7565296510383216 0.03642822736030826 0.12256476129308504
0 0.11244846878680799 0.6496204685250622 0.03975265017667844 0.07557911268158617
0 0.0088339222614841 0.6589451642455176 0.0176678445229682 0.04711425206124854
0 0.23214724680432647 0.8390691576532285 0.022431170108161275 0.060089588113186945
0 0.20787241887905605 0.8319676608762155 0.024889380530973455 0.04643286354200808
0 0.3450520833333333 0.7502893518518519 0.030598958333333332 0.11979166666666667
0 0.7666812354312355 0.6751813001813002 0.02986596736596733 0.10910385910385906
0 0.9720024613220815 0.8093061415846226 0.024613220815752495 0.0800906391623691
