0 0.3067708333333333 0.799537037037037 0.035416666666666666 0.07314814814814814
0 0.17578125 0.4587962962962963 0.0578125 0.0824074074074074
0 0.14635416666666667 0.812037037037037 0.053125 0.08518518518518518
0 0.26458333333333334 0.5546296296296296 0.06145833333333333 0.10185185185185185
0 0.33229166666666665 0.913425925925926 0.071875 0.09537037037037037
0 0.1953125 0.6337962962962963 0.052083333333333336 0.09351851851851851
0 0.43359375 0.8291666666666667 0.0640625 0.049074074074074076
0 0.2890625 0.7268518518518519 0.06041666666666667 0.09259259259259259
0 0.6088541666666667 0.5851851851851851 0.041666666666666664 0.14444444444444443
0 0.8596354166666667 0.8004629629629629 0.04635416666666667 0.06944444444444445
0 0.6307291666666667 0.9472222222222222 0.08645833333333333 0.1
0 0.6520833333333333 0.6949074074074074 0.0625 0.06574074074074074
0 0.6526041666666667 0.8268518518518518 0.05520833333333333 0.04814814814814815
0 0.4947916666666667 0.8212962962962963 0.05625 0.05740740740740741
0 0.41875 0.6314814814814815 0.04895833333333333 0.12962962962962962
0 0.8768229166666667 0.6157407407407407 0.0515625 0.10925925925925926
0 0.19427083333333334 0.7958333333333333 0.057291666666666664 0.05648148148148148
0 0.16197916666666667 0.5643518518518519 0.03854166666666667 0.11018518518518519
0 0.022395833333333334 0.7138888888888889 0.040625 0.07592592592592592
0 0.10625 0.5416666666666666 0.04479166666666667 0.07777777777777778
0 0.11378600823045269 0.6044124371284865 0.039583333333333345 0.10555555555555556
0 0.015104166666666667 0.7833333333333333 0.028125 0.08703703703703704
0 0.01484375 0.7685185185185185 0.027604166666666666 0.03888888888888889
0 0.0590066056910569 0.789430894308943 0.06351626016260162 0.05420054200542002
0 0.5254836309523809 0.7134589947089947 0.03534226190476186 0.09920634920634917
0 0.9829812206572771 0.6732524778299427 0.026408450704225334 0.12193531559728746
