0 0.09947916666666666 0.8333333333333334 0.058333333333333334 0.08518518518518518
0 0.9080729166666667 0.674537037037037 0.049479166666666664 0.08425925925925926
0 0.7578125 0.8379629629629629 0.05416666666666667 0.07222222222222222
0 0.9447916666666667 0.700925925925926 0.03958333333333333 0.09259259259259259
0 0.028125 0.8708333333333333 0.05520833333333333 0.0712962962962963
0 0.246875 0.3824074074074074 0.051041666666666666 0.13703703703703704
0 0.5161458333333333 0.3282407407407407 0.046875 0.1527777777777778
0 0.01328125 0.7078703703703704 0.024479166666666666 0.05092592592592592
0 0.07014691714836223 0.3125669021622779 0.037933526011560706 0.10918432883750803
0 0.22221546692607005 0.777669693039343 0.036681258106355405 0.09691598212998995
0 0.036478599221789886 0.7902795791900851 0.0332360570687419 0.04287361291252336
0 0.06870136186770429 0.7944228274967575 0.04174773022049287 0.04395446029687272
0 0.08461008430609598 0.7688427727338234 0.024116407263294417 0.049718979680069234
0 0.16688959143968873 0.7023706585963396 0.023711089494163406 0.09763654705288942
0 0.4609476329442283 0.8144185041072202 0.03992380025940338 0.10556276120478456
0 0.941958495460441 0.7800115290387665 0.04053177691309991 0.07565931690445306
