0 0.26664886039886043 0.446937321937322 0.08992165242165244 0.1254352643241532
0 0.27332621082621084 0.807019626464071 0.08190883190883191 0.06528964862298199
0 0.169048254985755 0.8448084836973726 0.06566061253561255 0.08547008547008554
0 0.2022124287749288 0.7985121874010762 0.03717058404558404 0.0490661601772713
0 0.08825231481481483 0.78545425767648 0.04829950142450143 0.0791389680278569
0 0.10004896723646724 0.7318376068376069 0.02871260683760683 0.1119816397594176
0 0.045405982905982904 0.6989949351060463 0.05564458689458691 0.07478632478632484
0 0.8397108843537414 0.6619425547996975 0.04336734693877548 0.12131519274376416
0 0.8909438775510203 0.8191609977324262 0.05399659863945582 0.09788359788359795
0 0.9379251700680271 0.7040816326530611 0.049319727891156497 0.11413454270597133
0 0.9168792517006802 0.5684051398337113 0.06462585034013604 0.08919123204837494
0 0.716286853188929 0.37789142933547265 0.03328068592057771 0.12200828987832597
