0 0.20260416666666667 0.8777777777777778 0.078125 0.08148148148148149
0 0.8190104166666666 0.5273148148148148 0.0609375 0.1361111111111111
0 0.9736979166666667 0.8046296296296296 0.0515625 0.07777777777777778
0 0.9411458333333333 0.7097222222222223 0.04375 0.11574074074074074
0 0.10338541666666666 0.7268518518518519 0.03802083333333333 0.08148148148148149
0 0.859375 0.4009259259259259 0.04375 0.09259259259259259
0 0.017447916666666667 0.600462962962963 0.03177083333333333 0.10462962962962963
0 0.5973958333333333 0.44212962962962965 0.03854166666666667 0.15833333333333333
0 0.88671875 0.3263888888888889 0.06510416666666667 0.06759259259259259
0 0.959375 0.35833333333333334 0.04479166666666667 0.10185185185185185
0 0.9395833333333333 0.4199074074074074 0.036458333333333336 0.1175925925925926
0 0.0109375 0.8101851851851852 0.020833333333333332 0.06851851851851852
0 0.0625 0.7699074074074074 0.028125 0.058333333333333334
0 0.07174168474331163 0.6421225998232505 0.05061460592913956 0.08596448943520527
