0 0.07135416666666666 0.7907407407407407 0.05520833333333333 0.06851851851851852
0 0.2604166666666667 0.5592592592592592 0.0625 0.1
0 0.3078125 0.799537037037037 0.0375 0.0712962962962963
0 0.5263020833333333 0.7037037037037037 0.04739583333333333 0.1111111111111111
0 0.33307291666666666 0.912962962962963 0.0703125 0.0962962962962963
0 0.19114583333333332 0.6453703703703704 0.052083333333333336 0.1037037037037037
0 0.14791666666666667 0.8152777777777778 0.046875 0.08055555555555556
0 0.17317708333333334 0.5638888888888889 0.03697916666666667 0.09444444444444444
0 0.9752604166666666 0.6527777777777778 0.0421875 0.09444444444444444
0 0.415625 0.6370370370370371 0.041666666666666664 0.12777777777777777
0 0.11119791666666666 0.6074074074074074 0.0453125 0.05925925925925926
0 0.19895833333333332 0.8009259259259259 0.05625 0.05
0 0.29739583333333336 0.7328703703703704 0.0625 0.0712962962962963
0 0.17708333333333334 0.4671296296296296 0.06145833333333333 0.08611111111111111
0 0.878125 0.6162037037037037 0.059375 0.10833333333333334
0 0.8625 0.8009259259259259 0.04479166666666667 0.07037037037037037
0 0.6091145833333333 0.600925925925926 0.0328125 0.11851851851851852
0 0.6203125 0.9472222222222222 0.08854166666666667 0.09814814814814815
0 0.6536458333333334 0.8300925925925926 0.057291666666666664 0.03981481481481482
0 0.11197916666666667 0.5398148148148149 0.05625 0.07407407407407407
0 0.6408854166666667 0.7018518518518518 0.0671875 0.06296296296296296
0 0.09296875 0.6861111111111111 0.028645833333333332 0.1111111111111111
0 0.43645833333333334 0.8305555555555556 0.06145833333333333 0.044444444444444446
0 0.49583333333333335 0.8217592592592593 0.052083333333333336 0.05462962962962963
0 0.023697916666666666 0.725462962962963 0.04114583333333333 0.10092592592592593
0 0.013541666666666667 0.7861111111111111 0.025 0.08148148148148149
