0 0.10494791666666667 0.5504629629629629 0.0546875 0.09537037037037037
0 0.5700520833333333 0.5861111111111111 0.07447916666666667 0.10555555555555556
0 0.95078125 0.8268518518518518 0.027604166666666666 0.05185185185185185
0 0.8622395833333333 0.6 0.0578125 0.09444444444444444
0 0.7872395833333333 0.8291666666666667 0.04739583333333333 0.0787037037037037
0 0.26901041666666664 0.8675925925925926 0.05260416666666667 0.09074074074074075
0 0.08880208333333334 0.8157407407407408 0.03177083333333333 0.07037037037037037
0 0.64453125 0.8407407407407408 0.06197916666666667 0.07777777777777778
0 0.06536458333333334 0.7189814814814814 0.04635416666666667 0.05648148148148148
0 0.0296875 0.637962962962963 0.04479166666666667 0.07407407407407407
0 0.9588541666666667 0.5981481481481481 0.04895833333333333 0.18518518518518517
0 0.03567708333333333 0.7967592592592593 0.04010416666666667 0.062037037037037036
0 0.2234375 0.825925925925926 0.0375 0.12407407407407407
0 0.72109375 0.2222222222222222 0.04635416666666667 0.1
0 0.9765625 0.7712962962962963 0.020833333333333332 0.08703703703703704
0 0.10442708333333334 0.763425925925926 0.03177083333333333 0.06574074074074074
0 0.7364583333333333 0.8597222222222223 0.03229166666666667 0.030555555555555555
0 0.0578125 0.7842592592592592 0.023958333333333335 0.06666666666666667
0 0.9919270833333333 0.7773148148148148 0.013020833333333334 0.0712962962962963
0 0.013385903426791277 0.5555555555555556 0.025798286604361367 0.10730356524749046
0 0.10169435654008438 0.6581106422878574 0.028019514767932487 0.09845288326300981
0 0.19877373417721517 0.7463080168776371 0.024393459915611822 0.07794186591654947
0 0.17058939873417722 0.7383966244725738 0.026041666666666668 0.12306610407876224
0 0.13610197368421054 0.8255360623781677 0.03289473684210527 0.03167641325536063
0 0.03899056169429097 0.5816451810926949 0.044601749539594844 0.042971147943523684
0 0.8964342948717949 0.673076923076923 0.04847756410256411 0.09401709401709403
0 0.9172676282051282 0.48646723646723644 0.061298076923077004 0.06125356125356129
