0 0.580150462962963 0.7156141183918963 0.046518874643874615 0.10881608103830319
0 0.6208823005698005 0.663184552073441 0.04785434472934481 0.11791706236150672
0 0.6050792378917379 0.9180120291231404 0.07233796296296298 0.09338398227287123
0 0.5629723548130469 0.40628038539733047 0.09546539379474932 0.11248121629983203
0 0.3646537162162162 0.9014014014014015 0.07728040540540539 0.09159159159159153
0 0.32861768018018017 0.8277027027027026 0.05672860360360363 0.0978478478478478
0 0.956151463963964 0.8018018018018018 0.038429054054054154 0.06306306306306309
0 0.8802083333333334 0.8191941941941941 0.02871621621621626 0.059309309309309215
0 0.9334881756756755 0.7085835835835835 0.054194819819819766 0.11236236236236237
0 0.9826365427927928 0.501876876876877 0.03368524774774784 0.13088088088088087
0 0.9755067567567567 0.21846846846846846 0.045326576576576606 0.13463463463463465
0 0.7238758795074759 0.7544219681422847 0.05867963940193484 0.10260920551158013
0 0.802756706244503 0.7253493599140037 0.06032871591908524 0.0869735170526727
0 0.755621693121693 0.6011169900058788 0.06227954144620813 0.14648246129727613
0 0.1492611821086262 0.6172346467873625 0.0279552715654952 0.11448349307774229
0 0.15899560702875398 0.47878949236776724 0.06273296059637912 0.1292746420541948
0 0.17230764110756122 0.7732812684889363 0.03211528221512247 0.09998816708081885
0 0.08112020766773162 0.665010057981304 0.03011847710330138 0.10767956454857407
0 0.04892172523961662 0.7694355697550586 0.02762247071352503 0.05798130398769377
0 0.03719049520766773 0.6524375813513195 0.033446485623003196 0.09969234410128978
0 0.4749891493055556 0.3030960648148148 0.05099826388888887 0.13069058641975306
