0 0.45078125 0.8398148148148148 0.08385416666666666 0.07777777777777778
0 0.38515625 0.9106481481481481 0.0890625 0.08425925925925926
0 0.10260416666666666 0.812037037037037 0.065625 0.07592592592592592
0 0.17916666666666667 0.49953703703703706 0.053125 0.09166666666666666
0 0.11223958333333334 0.33935185185185185 0.04635416666666667 0.10277777777777777
0 0.14921875 0.6916666666666667 0.059895833333333336 0.07962962962962963
0 0.21432291666666667 0.7638888888888888 0.030729166666666665 0.09444444444444444
0 0.4984375 0.6953703703703704 0.051041666666666666 0.11851851851851852
0 0.07447916666666667 0.549537037037037 0.036458333333333336 0.09722222222222222
0 0.05416666666666667 0.750462962962963 0.026041666666666668 0.09351851851851851
0 0.6119791666666666 0.7875 0.041666666666666664 0.11574074074074074
0 0.5458333333333333 0.7782407407407408 0.0625 0.06944444444444445
0 0.017708333333333333 0.7675925925925926 0.03229166666666667 0.12407407407407407
0 0.9255208333333333 0.8074074074074075 0.04583333333333333 0.037037037037037035
0 0.08854166666666667 0.7361111111111112 0.03854166666666667 0.10555555555555556
0 0.90625 0.7810185185185186 0.040625 0.0824074074074074
0 0.19036458333333334 0.8092592592592592 0.033854166666666664 0.027777777777777776
0 0.8729166666666667 0.7912037037037037 0.03958333333333333 0.0787037037037037
0 0.3455729166666667 0.8217592592592593 0.0359375 0.041666666666666664
0 0.08463541666666667 0.8273148148148148 0.0026041666666666665 0.006481481481481481
0 0.175 0.5407407407407407 0.0010416666666666667 0.001851851851851852
0 0.1365027646129542 0.5329559417237143 0.037519747235387056 0.10663507109004744
0 0.19488052922590837 0.5979024047744428 0.06491903633491311 0.08030542390731973
0 0.8379289215686275 0.7780501089324618 0.023284313725490217 0.07679738562091498
