0 0.8291666666666667 0.4675925925925926 0.053125 0.1259259259259259
0 0.25234375 0.8435185185185186 0.06197916666666667 0.1037037037037037
0 0.17447916666666666 0.9254629629629629 0.04791666666666667 0.09907407407407408
0 0.9671875 0.34675925925925927 0.06041666666666667 0.09351851851851851
0 0.9408854166666667 0.7129629629629629 0.0421875 0.11296296296296296
0 0.9244791666666666 0.1 0.052083333333333336 0.11851851851851852
0 0.13255208333333332 0.6291666666666667 0.050520833333333334 0.0787037037037037
0 0.047135416666666666 0.7509259259259259 0.044270833333333336 0.09259259259259259
0 0.08880208333333334 0.787962962962963 0.03177083333333333 0.03888888888888889
0 0.2994791666666667 0.587037037037037 0.06875 0.07777777777777778
0 0.3502604166666667 0.15046296296296297 0.05572916666666667 0.12685185185185185
0 0.9885416666666667 0.8203703703703704 0.020833333333333332 0.06666666666666667
0 0.9890625 0.7810185185185186 0.019791666666666666 0.13425925925925927
0 0.8353301384451545 0.7018400189326708 0.05091853035143761 0.10856703348716129
0 0.7105298189563366 0.8136611051946515 0.04559371671991481 0.0636019405987457
0 0.8005756578947367 0.32346491228070173 0.08031798245614029 0.11086744639376216
