0 0.9625 0.8037037037037037 0.06145833333333333 0.07777777777777778
0 0.9416666666666667 0.7092592592592593 0.042708333333333334 0.11296296296296296
0 0.8270833333333333 0.48657407407407405 0.04895833333333333 0.1175925925925926
0 0.25104166666666666 0.8537037037037037 0.07916666666666666 0.08148148148148149
0 0.043229166666666666 0.6356481481481482 0.04895833333333333 0.075
0 0.8395833333333333 0.36712962962962964 0.053125 0.11388888888888889
0 0.9427083333333334 0.34629629629629627 0.026041666666666668 0.11666666666666667
0 0.039322916666666666 0.7143518518518519 0.03697916666666667 0.08796296296296297
0 0.9869791666666666 0.42916666666666664 0.025 0.06388888888888888
0 0.15494791666666666 0.4125 0.0453125 0.09166666666666666
0 0.014583333333333334 0.7986111111111112 0.029166666666666667 0.06944444444444445
0 0.3109375 0.8157407407407408 0.03229166666666667 0.14074074074074075
0 0.11721857597454255 0.7811809422787942 0.04574383452665075 0.0636435958631662
0 0.897400442477876 0.3134218289085546 0.07005899705014744 0.13765978367748277
