0 0.20989583333333334 0.7222222222222222 0.046875 0.09074074074074075
0 0.12786458333333334 0.5606481481481481 0.06510416666666667 0.0787037037037037
0 0.3802083333333333 0.7111111111111111 0.06041666666666667 0.10555555555555556
0 0.23020833333333332 0.8217592592592593 0.036458333333333336 0.062037037037037036
0 0.14817708333333332 0.8490740740740741 0.05677083333333333 0.07592592592592592
0 0.03411458333333333 0.5537037037037037 0.034895833333333334 0.09814814814814815
0 0.7473958333333334 0.7328703703703704 0.05416666666666667 0.1175925925925926
0 0.7890625 0.7949074074074074 0.046875 0.09351851851851851
0 0.36484375 0.8379629629629629 0.04635416666666667 0.06481481481481481
0 0.04296875 0.799074074074074 0.03697916666666667 0.06111111111111111
0 0.14869791666666668 0.6837962962962963 0.04114583333333333 0.09907407407407408
0 0.8231770833333333 0.8453703703703703 0.044270833333333336 0.044444444444444446
0 0.8109375 0.4976851851851852 0.051041666666666666 0.10092592592592593
0 0.019791666666666666 0.6138888888888889 0.03333333333333333 0.05925925925925926
0 0.9890625 0.3287037037037037 0.020833333333333332 0.06666666666666667
0 0.07604166666666666 0.7939814814814815 0.025 0.058333333333333334
0 0.6854166666666667 0.03287037037037037 0.036458333333333336 0.06018518518518518
0 0.10089441535776614 0.8076401008338181 0.021815008726003483 0.03005623424471598
0 0.11725567190226875 0.7669187512119449 0.026178010471204192 0.09404692650765951
0 0.8216077661431064 0.7409831297265852 0.05181064572425834 0.054779910800853156
0 0.9097562636165577 0.6529895908980876 0.040509259259259287 0.10288065843621397
