0 0.8364583333333333 0.20324074074074075 0.057291666666666664 0.14351851851851852
0 0.9372395833333333 0.7064814814814815 0.0484375 0.11296296296296296
0 0.18385416666666668 0.8680555555555556 0.065625 0.07685185185185185
0 0.8322916666666667 0.6726851851851852 0.05520833333333333 0.10833333333333334
0 0.6536458333333334 0.6671296296296296 0.07083333333333333 0.09166666666666666
0 0.008854166666666666 0.22962962962962963 0.017708333333333333 0.09259259259259259
0 0.028125 0.7657407407407407 0.029166666666666667 0.08148148148148149
0 0.15234375 0.7981481481481482 0.034895833333333334 0.037037037037037035
0 0.26901041666666664 0.9523148148148148 0.04114583333333333 0.08055555555555556
0 0.17005208333333333 0.7754629629629629 0.06197916666666667 0.0824074074074074
0 0.029947916666666668 0.6731481481481482 0.027604166666666666 0.09074074074074075
