0 0.7591145833333334 0.6041666666666666 0.0515625 0.14537037037037037
0 0.7893229166666667 0.6921296296296297 0.0453125 0.10648148148148148
0 0.390625 0.887962962962963 0.06770833333333333 0.08333333333333333
0 0.23333333333333334 0.8083333333333333 0.030208333333333334 0.08148148148148149
0 0.2828125 0.8731481481481481 0.06875 0.06111111111111111
0 0.44036458333333334 0.8194444444444444 0.058854166666666666 0.09444444444444444
0 0.23098958333333333 0.5638888888888889 0.06197916666666667 0.05740740740740741
0 0.24036458333333333 0.39814814814814814 0.0546875 0.1259259259259259
0 0.92734375 0.6300925925925925 0.049479166666666664 0.0824074074074074
0 0.2875 0.5652777777777778 0.05625 0.12314814814814815
0 0.02421875 0.6444444444444445 0.03697916666666667 0.09444444444444444
0 0.328125 0.9226851851851852 0.08125 0.08796296296296297
0 0.9427083333333334 0.712037037037037 0.058333333333333334 0.04814814814814815
0 0.04635416666666667 0.8222222222222222 0.06145833333333333 0.07222222222222222
0 0.9541666666666667 0.7717592592592593 0.041666666666666664 0.06759259259259259
0 0.8078125 0.8101851851851852 0.036458333333333336 0.12222222222222222
0 0.9895833333333334 0.8199074074074074 0.019791666666666666 0.04537037037037037
0 0.06450603651354535 0.6578000261745844 0.03736012956419317 0.12531082319068187
0 0.08198984098939929 0.7291257688784191 0.027053886925795054 0.0827771234131658
