0 0.20052083333333334 0.9546296296296296 0.07708333333333334 0.08703703703703704
0 0.43645833333333334 0.8282407407407407 0.041666666666666664 0.09351851851851851
0 0.9286458333333333 0.6226851851851852 0.04583333333333333 0.10092592592592593
0 0.07916666666666666 0.711574074074074 0.05416666666666667 0.06018518518518518
0 0.19973958333333333 0.8277777777777777 0.03802083333333333 0.06296296296296296
0 0.02890625 0.6074074074074074 0.03697916666666667 0.10740740740740741
0 0.12864583333333332 0.624537037037037 0.042708333333333334 0.0824074074074074
0 0.09479166666666666 0.8203703703703704 0.053125 0.07037037037037037
0 0.15625 0.7027777777777777 0.0375 0.10925925925925926
0 0.38229166666666664 0.6851851851851852 0.034375 0.13703703703703704
0 0.7388020833333333 0.7717592592592593 0.0296875 0.09722222222222222
0 0.8505208333333333 0.7569444444444444 0.03229166666666667 0.09907407407407408
0 0.79375 0.7513888888888889 0.035416666666666666 0.10648148148148148
0 0.6356770833333333 0.7453703703703703 0.0328125 0.1111111111111111
0 0.690625 0.8643518518518518 0.06458333333333334 0.030555555555555555
0 0.04296875 0.7967592592592593 0.050520833333333334 0.062037037037037036
0 0.89453125 0.8421296296296297 0.0703125 0.03425925925925926
0 0.07578125 0.6240740740740741 0.027604166666666666 0.1111111111111111
0 0.07161458333333333 0.7666666666666667 0.025520833333333333 0.040740740740740744
0 0.22239583333333332 0.6726851851851852 0.028125 0.06944444444444445
0 0.878125 0.687037037037037 0.028125 0.1259259259259259
0 0.26202112954186413 0.7328418465859224 0.032829778830963656 0.09390907495172895
0 0.12946781200631913 0.48446550816219064 0.024930884676145335 0.10531858873091103
0 0.22190955766192735 0.5842987537300335 0.03406398104265402 0.13472002808495706
