0 0.9372395833333333 0.7060185185185185 0.0484375 0.11018518518518519
0 0.7989583333333333 0.6782407407407407 0.05416666666666667 0.10833333333333334
0 0.4830729166666667 0.7314814814814815 0.07239583333333334 0.07592592592592592
0 0.9552083333333333 0.8027777777777778 0.05625 0.03888888888888889
0 0.42916666666666664 0.8296296296296296 0.04791666666666667 0.07592592592592592
0 0.3846354166666667 0.799074074074074 0.0515625 0.09259259259259259
0 0.64609375 0.8222222222222222 0.03697916666666667 0.06111111111111111
0 0.5684895833333333 0.8282407407407407 0.0453125 0.04537037037037037
0 0.04506016308671439 0.6977592150623176 0.0349293953858393 0.10717758331123485
0 0.06718625696101829 0.6514629187660214 0.049845863166268885 0.10165296561477943
0 0.8706523029439696 0.7615806689880763 0.0443672839506173 0.11976363828215679
0 0.1098767995570321 0.8341023748000491 0.07094407530454043 0.20087363110618925
