0 0.556652376654633 0.5714333467041047 0.06862966305655836 0.10395774836208044
0 0.6345893501805053 0.482183446984891 0.062048736462093856 0.1286936756250836
0 0.7325511432009627 0.6922716940767483 0.038733453670276675 0.12434817488969122
0 0.7429604261796042 0.6289108743446643 0.06421232876712324 0.08921021478099099
0 0.7948059360730594 0.43949771689497713 0.07610350076103506 0.1585489599188229
0 0.9762652207001523 0.25093015389819046 0.04566210045662101 0.13740909859631323
0 0.5767167381974249 0.8041249403910349 0.06706008583690988 0.10054045461770782
0 0.32920063405797095 0.8250301932367149 0.07019927536231882 0.08705716586151366
0 0.22942142210144928 0.8338365539452496 0.06878396739130434 0.0885668276972625
0 0.08845674818840579 0.6652576489533012 0.04104393115942028 0.10970209339774549
0 0.1140738224637681 0.6013486312399356 0.04076086956521737 0.09963768115942026
0 0.032552083333333336 0.5175623993558776 0.036231884057971016 0.10919887278582928
0 0.8150758605072463 0.7012379227053139 0.06199048913043477 0.09208937198067628
0 0.8774305555555556 0.733179012345679 0.05625 0.1237654320987654
0 0.8836805555555555 0.8151234567901234 0.02951388888888893 0.06172839506172836
0 0.9644965277777777 0.8101851851851852 0.05260416666666667 0.07469135802469143
0 0.9356770833333333 0.7054012345679013 0.0546875 0.11574074074074074
0 0.9832465277777779 0.5060185185185185 0.03246527777777774 0.1404320987654321
0 0.29552757048092865 0.23125115164916157 0.03342661691542291 0.11977151280633865
