0 0.25677083333333334 0.6546296296296297 0.0625 0.10925925925925926
0 0.44479166666666664 0.8064814814814815 0.05520833333333333 0.09259259259259259
0 0.21822916666666667 0.5560185185185185 0.059375 0.09537037037037037
0 0.7338541666666667 0.675 0.06666666666666667 0.09074074074074075
0 0.027604166666666666 0.6370370370370371 0.042708333333333334 0.09074074074074075
0 0.9143229166666667 0.7212962962962963 0.058854166666666666 0.04814814814814815
0 0.7872395833333333 0.6944444444444444 0.050520833333333334 0.09444444444444444
0 0.9497395833333333 0.7703703703703704 0.05260416666666667 0.06666666666666667
0 0.9380208333333333 0.6393518518518518 0.0375 0.08611111111111111
0 0.9078125 0.6449074074074074 0.030208333333333334 0.1175925925925926
0 0.2421875 0.8023148148148148 0.04479166666666667 0.09907407407407408
0 0.27239583333333334 0.9263888888888889 0.07291666666666667 0.08981481481481482
0 0.2734375 0.5365740740740741 0.025 0.1175925925925926
0 0.26458333333333334 0.9398148148148148 0.004166666666666667 0.007407407407407408
0 0.7044270833333334 0.8384259259259259 0.0453125 0.1638888888888889
0 0.28359375 0.225 0.0640625 0.1037037037037037
0 0.11098444206008583 0.35149419806072163 0.023918097281831186 0.12041010968049598
0 0.28960346215781 0.8751565575237074 0.06793478260869566 0.047861871533369064
0 0.3108645330112722 0.8525675433887995 0.051580112721417076 0.04741456432277689
0 0.021126940359477122 0.8083696441539578 0.03229677287581699 0.04947349310094414
0 0.04404105392156863 0.7953204429920117 0.030637254901960783 0.051969862018881624
