0 0.18828125 0.4837962962962963 0.0421875 0.10648148148148148
0 0.64375 0.8162037037037037 0.0375 0.0712962962962963
0 0.6322916666666667 0.6481481481481481 0.06041666666666667 0.1111111111111111
0 0.33697916666666666 0.9217592592592593 0.07291666666666667 0.08796296296296297
0 0.7239583333333334 0.8541666666666666 0.06145833333333333 0.09351851851851851
0 0.3026041666666667 0.525 0.03854166666666667 0.10185185185185185
0 0.16614583333333333 0.6032407407407407 0.03125 0.11018518518518519
0 0.9104166666666667 0.7282407407407407 0.05625 0.08981481481481482
0 0.4395833333333333 0.6884259259259259 0.041666666666666664 0.13240740740740742
0 0.68671875 0.611574074074074 0.0359375 0.12129629629629629
0 0.2986979166666667 0.6259259259259259 0.0640625 0.07222222222222222
0 0.2986979166666667 0.8166666666666667 0.0609375 0.06481481481481481
0 0.334375 0.7416666666666667 0.0625 0.05925925925925926
0 0.13151041666666666 0.5657407407407408 0.0328125 0.09814814814814815
0 0.8947916666666667 0.6185185185185185 0.042708333333333334 0.08703703703703704
0 0.5010416666666667 0.7625 0.06458333333333334 0.08055555555555556
0 0.1046875 0.8018518518518518 0.046875 0.1
0 0.3296875 0.6800925925925926 0.06041666666666667 0.05462962962962963
0 0.09973958333333334 0.6986111111111111 0.025520833333333333 0.09166666666666666
0 0.23046875 0.8 0.04114583333333333 0.05555555555555555
0 0.023958333333333335 0.7148148148148148 0.042708333333333334 0.06851851851851852
0 0.1359375 0.5972222222222222 0.0010416666666666667 0.012962962962962963
0 0.09580291970802919 0.5947553392808868 0.03041362530413624 0.08515815085158152
0 0.17126672749391725 0.7981886996485537 0.060447080291970795 0.055420383887537096
0 0.06900091240875912 0.7694647201946471 0.0239507299270073 0.05609624222762909
0 0.02300030413625304 0.762706136793728 0.04600060827250608 0.08448229251148963
0 0.11316636029411763 0.46755855119825707 0.04021139705882353 0.09497549019607847
