0 0.10677083333333333 0.8004629629629629 0.04375 0.07685185185185185
0 0.05416666666666667 0.7569444444444444 0.03333333333333333 0.06944444444444445
0 0.85390625 0.725 0.058854166666666666 0.07777777777777778
0 0.94375 0.7083333333333334 0.04791666666666667 0.10740740740740741
0 0.7591145833333334 0.7777777777777778 0.0484375 0.11666666666666667
0 0.809375 0.5847222222222223 0.042708333333333334 0.1361111111111111
0 0.8388020833333333 0.37222222222222223 0.0640625 0.10185185185185185
0 0.03828125 0.8356481481481481 0.050520833333333334 0.09907407407407408
0 0.87578125 0.8194444444444444 0.0546875 0.04814814814814815
0 0.878125 0.4046296296296296 0.034375 0.10555555555555556
0 0.17057291666666666 0.7138888888888889 0.0265625 0.09074074074074075
0 0.12473958333333333 0.6273148148148148 0.0421875 0.1175925925925926
0 0.16380208333333332 0.8004629629629629 0.059895833333333336 0.04537037037037037
0 0.11067708333333333 0.4111111111111111 0.03697916666666667 0.10925925925925926
0 0.9861979166666667 0.6449074074074074 0.0265625 0.08981481481481482
0 0.03046875 0.7796296296296297 0.0036458333333333334 0.014814814814814815
0 0.171875 0.24305555555555555 0.06145833333333333 0.11944444444444445
