0 0.9388020833333334 0.7074074074074074 0.04739583333333333 0.10925925925925926
0 0.7973958333333333 0.6810185185185185 0.05520833333333333 0.09907407407407408
0 0.31145833333333334 0.7305555555555555 0.057291666666666664 0.10185185185185185
0 0.022135416666666668 0.8375 0.043229166666666666 0.075
0 0.84765625 0.7972222222222223 0.06302083333333333 0.06296296296296296
0 0.9575520833333333 0.8037037037037037 0.0421875 0.07777777777777778
0 0.0453125 0.7717592592592593 0.036458333333333336 0.06759259259259259
0 0.22005208333333334 0.7333333333333333 0.028645833333333332 0.11666666666666667
0 0.1823941929133858 0.6958114610673666 0.04367618110236219 0.10079469233012543
0 0.41329957719585375 0.840900615948373 0.07134819967266773 0.0885206448081094
