0 0.21133814102564105 0.8430278569167458 0.0607638888888889 0.08823994935106054
0 0.16337250712250712 0.7468740107628997 0.048522079772079785 0.10644191199746761
0 0.1452323717948718 0.6441911997467554 0.0434027777777778 0.12503956948401387
0 0.10884081196581197 0.7185818296929409 0.045405982905982904 0.11475150364039251
0 0.025930377492877497 0.6164925609370054 0.030493233618233626 0.11158594491927828
0 0.04918981481481482 0.5856283634061412 0.04807692307692309 0.09417537195314975
0 0.278556801994302 0.6839585311807533 0.055867165242165215 0.11672997784108897
0 0.8342899659863945 0.6657218442932729 0.059311224489795936 0.13492063492063489
0 0.8753188775510203 0.6557067271352985 0.03422619047619051 0.11035525321239603
0 0.9367559523809523 0.70578231292517 0.04698129251700678 0.12282690854119432
0 0.9515306122448979 0.8622448979591836 0.06292517006802724 0.08352229780801206
0 0.9820365646258502 0.6549508692365834 0.030824829931972768 0.07860922146636434
