0 0.252637987012987 0.7479557479557479 0.06425865800865799 0.09139009139009138
0 0.2307641806722689 0.8383909119203237 0.07637429971988796 0.09648303765950828
0 0.16948967086834735 0.6934718331777157 0.05974264705882352 0.12332710862122627
0 0.04540878851540617 0.3050108932461874 0.024728641456582635 0.08636788048552757
0 0.15606398809523808 0.2166005291005291 0.05543154761904761 0.08531746031746033
0 0.688012295081967 0.7211596842744383 0.0604508196721311 0.08166363084395867
0 0.6796448087431693 0.8075288403157255 0.0628415300546448 0.0673952641165756
0 0.8056215360253366 0.7465690155713909 0.062104117181314325 0.05608339931380318
0 0.8231269794140934 0.6634336236474003 0.06420724465558199 0.10182985836192489
0 0.9375 0.718967185713029 0.05072248614410135 0.0906131784991643
0 0.9632942399049881 0.6536465206298936 0.05529988123515442 0.10336940265681362
0 0.9800574030087094 0.5747998592416644 0.036866587490102985 0.10754816574294004
