0 0.14583333333333334 0.5259259259259259 0.052083333333333336 0.07592592592592592
0 0.17942708333333332 0.4634259259259259 0.05572916666666667 0.08425925925925926
0 0.3229166666666667 0.9166666666666666 0.071875 0.09259259259259259
0 0.6072916666666667 0.5740740740740741 0.042708333333333334 0.15925925925925927
0 0.8546875 0.5958333333333333 0.05416666666666667 0.08796296296296297
0 0.39114583333333336 0.7546296296296297 0.05520833333333333 0.09814814814814815
0 0.23489583333333333 0.5138888888888888 0.06770833333333333 0.09814814814814815
0 0.5059895833333333 0.9347222222222222 0.09739583333333333 0.10462962962962963
0 0.5778645833333333 0.7157407407407408 0.0578125 0.05740740740740741
0 0.5533854166666666 0.7861111111111111 0.058854166666666666 0.07037037037037037
0 0.09401041666666667 0.6259259259259259 0.04739583333333333 0.07407407407407407
0 0.39479166666666665 0.6652777777777777 0.0625 0.06574074074074074
0 0.30520833333333336 0.8055555555555556 0.025 0.06296296296296296
0 0.5286458333333334 0.6699074074074074 0.03125 0.1287037037037037
0 0.16588541666666667 0.637962962962963 0.0640625 0.07037037037037037
0 0.4609375 0.6587962962962963 0.06875 0.10092592592592593
0 0.9744791666666667 0.6833333333333333 0.046875 0.07777777777777778
0 0.6846354166666667 0.2689814814814815 0.0453125 0.10648148148148148
0 0.18940972222222222 0.8135802469135802 0.054513888888888896 0.06666666666666667
0 0.21440972222222224 0.8024691358024693 0.036458333333333336 0.035802469135802435
0 0.007118055555555556 0.8061728395061729 0.013541666666666667 0.05061728395061725
0 0.024131944444444445 0.7345679012345678 0.04618055555555556 0.11728395061728392
0 0.01395927177177177 0.7730647313980646 0.026041666666666664 0.036286286286286266
0 0.7781635802469135 0.40037722908093276 0.029320987654320993 0.11145404663923184
0 0.18575533661740556 0.5576081007115489 0.05490558292282429 0.09259259259259259
0 0.0911801890941073 0.7926561125769568 0.04548702726473174 0.0403107593081208
0 0.1146108179419525 0.7640721196130167 0.03380606860158311 0.049105834066256196
