0 0.9002604166666667 0.46944444444444444 0.05364583333333333 0.11666666666666667
0 0.23932291666666666 0.5643518518518519 0.0515625 0.11944444444444445
0 0.8541666666666666 0.5796296296296296 0.06041666666666667 0.10555555555555556
0 0.6752604166666667 0.5833333333333334 0.08385416666666666 0.1037037037037037
0 0.12083333333333333 0.5935185185185186 0.053125 0.08148148148148149
0 0.9604166666666667 0.6865740740740741 0.034375 0.08796296296296297
0 0.9341145833333333 0.736574074074074 0.050520833333333334 0.08981481481481482
0 0.9557291666666666 0.7939814814814815 0.0010416666666666667 0.002777777777777778
0 0.9067708333333333 0.6435185185185185 0.03958333333333333 0.09259259259259259
0 0.74453125 0.8402777777777778 0.034895833333333334 0.06759259259259259
0 0.16223958333333333 0.8240740740740741 0.05677083333333333 0.06666666666666667
0 0.78203125 0.058333333333333334 0.0421875 0.10740740740740741
0 0.09557291666666666 0.7837962962962963 0.027604166666666666 0.06574074074074074
0 0.22369791666666666 0.8277777777777777 0.03697916666666667 0.046296296296296294
0 0.06901041666666667 0.799537037037037 0.0203125 0.04537037037037037
0 0.9911458333333333 0.7870370370370371 0.016666666666666666 0.10925925925925926
0 0.1661547364672365 0.638849319404875 0.034944800569800566 0.11514719848053181
0 0.18451227390180877 0.5647071490094746 0.036740956072351415 0.09151593453919028
0 0.04126602564102564 0.534900284900285 0.03685897435897436 0.14245014245014248
0 0.03834706959706959 0.7883089133089133 0.04235347985347985 0.04731379731379735
0 0.2747050147492625 0.8427564732874466 0.04516961651917404 0.07210750573582429
