0 0.26979166666666665 0.5393518518518519 0.04895833333333333 0.10092592592592593
0 0.18177083333333333 0.48148148148148145 0.06145833333333333 0.09074074074074075
0 0.21484375 0.7134259259259259 0.0484375 0.10462962962962963
0 0.12838541666666667 0.4615740740740741 0.0515625 0.11574074074074074
0 0.3 0.9564814814814815 0.08333333333333333 0.08518518518518518
0 0.3546875 0.9125 0.06770833333333333 0.09537037037037037
0 0.7145833333333333 0.6435185185185185 0.05 0.11296296296296296
0 0.1984375 0.8476851851851852 0.07291666666666667 0.09907407407407408
0 0.5705729166666667 0.45694444444444443 0.07135416666666666 0.08796296296296297
0 0.22630208333333332 0.5319444444444444 0.04635416666666667 0.07314814814814814
0 0.5283854166666667 0.7935185185185185 0.06510416666666667 0.06666666666666667
0 0.6421875 0.6828703703703703 0.041666666666666664 0.10833333333333334
0 0.5255208333333333 0.5439814814814815 0.06979166666666667 0.11018518518518519
0 0.1296875 0.7055555555555556 0.027083333333333334 0.12037037037037036
0 0.5958333333333333 0.5958333333333333 0.06979166666666667 0.075
0 0.043229166666666666 0.6481481481481481 0.04895833333333333 0.09444444444444444
0 0.14895833333333333 0.8111111111111111 0.03229166666666667 0.02962962962962963
0 0.014583333333333334 0.7833333333333333 0.026041666666666668 0.09074074074074075
0 0.01953125 0.7092592592592593 0.0359375 0.06851851851851852
0 0.3893229166666667 0.7875 0.027604166666666666 0.09722222222222222
0 0.7704522357723577 0.6662149954832881 0.047848915989159954 0.09786208973200848
