0 0.55390625 0.5921296296296297 0.059895833333333336 0.11574074074074074
0 0.27421875 0.8777777777777778 0.06614583333333333 0.09814814814814815
0 0.96015625 0.5814814814814815 0.050520833333333334 0.09814814814814815
0 0.9302083333333333 0.48194444444444445 0.06354166666666666 0.09907407407407408
0 0.9036458333333334 0.6722222222222223 0.05625 0.06481481481481481
0 0.8572916666666667 0.5662037037037037 0.0020833333333333333 0.002777777777777778
0 0.7393229166666667 0.029166666666666667 0.0484375 0.05648148148148148
0 0.19583333333333333 0.6268518518518519 0.051041666666666666 0.1425925925925926
0 0.14479166666666668 0.6097222222222223 0.041666666666666664 0.09907407407407408
0 0.10625 0.8564814814814815 0.05625 0.09074074074074075
0 0.09609375 0.6671296296296296 0.050520833333333334 0.06574074074074074
0 0.12734375 0.7435185185185185 0.0390625 0.07777777777777778
0 0.08098958333333334 0.8162037037037037 0.0265625 0.06574074074074074
0 0.04244791666666667 0.5902777777777778 0.0796875 0.1175925925925926
0 0.022916666666666665 0.6171296296296296 0.042708333333333334 0.06944444444444445
0 0.70859375 0.8162037037037037 0.043229166666666666 0.18981481481481483
0 0.014322916666666666 0.7837962962962963 0.025520833333333333 0.09351851851851851
0 0.04505208333333333 0.8050925925925926 0.03177083333333333 0.0787037037037037
0 0.06465517241379311 0.6989676458067263 0.019755747126436782 0.09738186462324386
0 0.03547054597701149 0.7197211579395487 0.03322557471264368 0.09631758194976582
0 0.17350053078556266 0.8191790516631281 0.03350583864118895 0.054258079735786766
0 0.8484484265734267 0.8288008288008288 0.04989801864801855 0.06993006993006992
0 0.9606980363984675 0.8176351638995316 0.042205459770114945 0.06758194976585777
0 0.8664092432950191 0.6122286079182632 0.05777059386973183 0.049489144316730516
0 0.8370749521072797 0.2615474670072371 0.03981082375478925 0.11760323541932736
