0 0.6888020833333334 0.4703703703703704 0.0640625 0.11851851851851852
0 0.3640625 0.9060185185185186 0.07395833333333333 0.09166666666666666
0 0.3611979166666667 0.6476851851851851 0.058854166666666666 0.07314814814814814
0 0.1 0.42592592592592593 0.03229166666666667 0.11296296296296296
0 0.26614583333333336 0.6370370370370371 0.05625 0.08888888888888889
0 0.3109375 0.5902777777777778 0.06041666666666667 0.10833333333333334
0 0.27838541666666666 0.7814814814814814 0.0296875 0.10740740740740741
0 0.06536458333333334 0.8393518518518519 0.058854166666666666 0.07685185185185185
0 0.8703125 0.7935185185185185 0.04895833333333333 0.07777777777777778
0 0.05911458333333333 0.3638888888888889 0.03177083333333333 0.11481481481481481
0 0.96484375 0.4212962962962963 0.043229166666666666 0.12222222222222222
0 0.6317708333333333 0.6175925925925926 0.03854166666666667 0.10555555555555556
0 0.7598958333333333 0.43703703703703706 0.06354166666666666 0.09814814814814815
0 0.11119791666666666 0.8648148148148148 0.0703125 0.08703703703703704
0 0.9307291666666667 0.8055555555555556 0.03854166666666667 0.04259259259259259
0 0.7078125 0.6027777777777777 0.06770833333333333 0.07407407407407407
0 0.022135416666666668 0.7305555555555555 0.04010416666666667 0.08333333333333333
0 0.029427083333333333 0.6194444444444445 0.04635416666666667 0.08518518518518518
0 0.09559599156118143 0.6894631973745898 0.04417194092827003 0.10021097046413495
0 0.14224024261603374 0.5892522269104548 0.05109440928270043 0.0509845288326301
0 0.15212948312236285 0.43073136427566805 0.05636867088607594 0.04453820909517111
0 0.016811708860759493 0.4644280356305672 0.01845991561181435 0.09200656352555088
0 0.006263185654008439 0.7923112986404125 0.0065928270042194086 0.04336615096108763
