0 0.3963541666666667 0.9222222222222223 0.07395833333333333 0.09444444444444444
0 0.21588541666666666 0.7273148148148149 0.033854166666666664 0.09907407407407408
0 0.4708333333333333 0.6287037037037037 0.07083333333333333 0.05740740740740741
0 0.58828125 0.5208333333333334 0.06302083333333333 0.14166666666666666
0 0.05026041666666667 0.6222222222222222 0.05260416666666667 0.07407407407407407
0 0.5653645833333333 0.725 0.0640625 0.05740740740740741
0 0.26614583333333336 0.8152777777777778 0.059375 0.05092592592592592
0 0.55 0.8004629629629629 0.07083333333333333 0.06944444444444445
0 0.21302083333333333 0.5546296296296296 0.05520833333333333 0.08518518518518518
0 0.32109375 0.9148148148148149 0.06822916666666666 0.08703703703703704
0 0.66640625 0.7152777777777778 0.0640625 0.08611111111111111
0 0.221875 0.8194444444444444 0.04479166666666667 0.07592592592592592
0 0.10677083333333333 0.6976851851851852 0.051041666666666666 0.08055555555555556
0 0.7950520833333333 0.6708333333333333 0.05364583333333333 0.09537037037037037
0 0.19635416666666666 0.4773148148148148 0.05416666666666667 0.09166666666666666
0 0.4200520833333333 0.7467592592592592 0.04114583333333333 0.08425925925925926
0 0.48776041666666664 0.7143518518518519 0.0640625 0.08425925925925926
0 0.6036458333333333 0.2759259259259259 0.036458333333333336 0.1111111111111111
0 0.016927083333333332 0.7949074074074074 0.0328125 0.0712962962962963
0 0.015364583333333333 0.7018518518518518 0.028645833333333332 0.07407407407407407
0 0.3695700354609929 0.7658589440504333 0.06150265957446806 0.08471237194641451
0 0.2558318661971831 0.4812206572769953 0.036311619718309894 0.09259259259259259
0 0.20870011737089203 0.22104851330203443 0.03887910798122066 0.12649973917579552
0 0.15392781316348192 0.420205237084218 0.054405520169851375 0.08433592828497283
0 0.07622496423462088 0.7554442854872039 0.026376967095851207 0.09537434430138289
