0 0.4166666666666667 0.41074249605055296 0.0696090047393365 0.09654203967000177
0 0.4608511058451817 0.6839125855713534 0.06516587677725122 0.10312445146568368
0 0.5542802132701422 0.5928558890644199 0.06936216429699851 0.09741969457609272
0 0.23141291469194314 0.7683868702826049 0.04122235387045814 0.11058451816745653
0 0.1328001579778831 0.6101895734597157 0.03900078988941549 0.13472002808495706
0 0.10429008688783571 0.8317974372476743 0.05702014218009479 0.08732666315604705
0 0.04912124802527647 0.7113393013866948 0.04196287519747235 0.1255046515710022
0 0.07738447867298578 0.6718448306126032 0.04171603475513429 0.11321748288572935
0 0.152794233807267 0.8048095488853784 0.046899684044233815 0.07284535720554677
0 0.11638526856240126 0.7558802878708093 0.03875394944707741 0.0820607337195014
0 0.9319460900473935 0.703879234684922 0.05850118483412328 0.1316482359136387
0 0.8159310821484992 0.8236791293663333 0.07627369668246449 0.09039845532736529
0 0.7612559241706162 0.7841846585922415 0.06615323854660342 0.10619624363700192
0 0.6169776856240127 0.7699227663682641 0.07133688783570306 0.11190100052659288
0 0.8201273696682464 0.7501755309812183 0.052083333333333336 0.09610321221695636
0 0.9618137835703002 0.4921449885904863 0.061956951026856305 0.10136914165350185
