0 0.2755208333333333 0.5537037037037037 0.06458333333333334 0.1
0 0.7151041666666667 0.9050925925925926 0.06770833333333333 0.10648148148148148
0 0.33541666666666664 0.9194444444444444 0.07083333333333333 0.09074074074074075
0 0.1796875 0.49907407407407406 0.05416666666666667 0.08888888888888889
0 0.30416666666666664 0.8037037037037037 0.030208333333333334 0.06666666666666667
0 0.08854166666666667 0.5805555555555556 0.040625 0.08518518518518518
0 0.22916666666666666 0.8046296296296296 0.05 0.04259259259259259
0 0.41432291666666665 0.7490740740740741 0.058854166666666666 0.0962962962962963
0 0.41328125 0.6180555555555556 0.05677083333333333 0.15833333333333333
0 0.6807291666666667 0.6443850902184236 0.05520833333333333 0.07314814814814814
0 0.85390625 0.8009259259259259 0.06197916666666667 0.06666666666666667
0 0.08072916666666667 0.6504629629629629 0.04479166666666667 0.08425925925925926
0 0.13489583333333333 0.5912037037037037 0.027083333333333334 0.10833333333333334
0 0.14661458333333333 0.8125 0.05572916666666667 0.07685185185185185
0 0.022395833333333334 0.7180555555555556 0.041666666666666664 0.07314814814814814
0 0.20234375 0.5949074074074074 0.06302083333333333 0.08981481481481482
0 0.6161458333333333 0.6657407407407407 0.06666666666666667 0.09074074074074075
0 0.65234375 0.8310185185185185 0.05572916666666667 0.041666666666666664
0 0.019270833333333334 0.7856481481481481 0.036458333333333336 0.075
0 0.165625 0.6074074074074074 0.04375 0.09259259259259259
0 0.8994791666666667 0.6180555555555556 0.030208333333333334 0.0787037037037037
0 0.9565104166666667 0.7939814814814815 0.03802083333333333 0.05648148148148148
0 0.04973958333333333 0.7972222222222223 0.0296875 0.07222222222222222
0 0.26988058943089427 0.7453929539295393 0.054623983739837366 0.08130081300813014
0 0.5201346544715446 0.7228093947606141 0.030487804878048762 0.11743450767841015
0 0.12762995049504952 0.7518335166850018 0.03455033003300332 0.0944261092775945
0 0.08940735694822889 0.7853971137349884 0.03803360581289737 0.04490866888687048
0 0.9034571256038647 0.35829307568438 0.02762681159420287 0.11862587224906065
