0 0.1875 0.49953703703703706 0.03958333333333333 0.11203703703703703
0 0.11901041666666666 0.8203703703703704 0.05677083333333333 0.07407407407407407
0 0.29348958333333336 0.549074074074074 0.0671875 0.09259259259259259
0 0.42942708333333335 0.662962962962963 0.050520833333333334 0.12222222222222222
0 0.16822916666666668 0.6060185185185185 0.030208333333333334 0.10833333333333334
0 0.32786458333333335 0.7458333333333333 0.0546875 0.0824074074074074
0 0.2518229166666667 0.6273148148148148 0.07135416666666666 0.075
0 0.8947916666666667 0.6194444444444445 0.04583333333333333 0.09814814814814815
0 0.68671875 0.6152777777777778 0.033854166666666664 0.1175925925925926
0 0.35833333333333334 0.674074074074074 0.0625 0.06666666666666667
0 0.6458333333333334 0.8222222222222222 0.046875 0.06296296296296296
0 0.10026041666666667 0.7675925925925926 0.0296875 0.07222222222222222
0 0.33229166666666665 0.9157407407407407 0.075 0.09814814814814815
0 0.51796875 0.7541666666666667 0.07864583333333333 0.08611111111111111
0 0.29322916666666665 0.8148148148148148 0.06041666666666667 0.07407407407407407
0 0.10208333333333333 0.674074074074074 0.03125 0.09259259259259259
0 0.6182291666666667 0.649074074074074 0.06666666666666667 0.07407407407407407
0 0.05911458333333333 0.775 0.0421875 0.07037037037037037
0 0.8770833333333333 0.7736111111111111 0.05625 0.09166666666666666
0 0.025 0.7129629629629629 0.046875 0.06851851851851852
0 0.020052083333333335 0.7888888888888889 0.03697916666666667 0.07777777777777778
0 0.16458333333333333 0.8 0.04583333333333333 0.040740740740740744
0 0.13424928160919541 0.5904108131119625 0.022449712643678173 0.09525329927628778
0 0.08650622605363983 0.5858876117496806 0.023946360153256706 0.08088548318433365
0 0.11209889846743296 0.5845572584078331 0.03142959770114942 0.10163899531715632
0 0.2238984674329502 0.8067262664963814 0.049090038314176236 0.03724989357173267
0 0.7224317528735632 0.8735100042571307 0.036817528735632266 0.07290336313324827
