0 0.21614583333333334 0.8018518518518518 0.028125 0.1
0 0.18333333333333332 0.7541666666666667 0.05625 0.049074074074074076
0 0.74296875 0.762962962962963 0.0546875 0.08703703703703704
0 0.16588541666666667 0.6736111111111112 0.0578125 0.08425925925925926
0 0.4036458333333333 0.7208333333333333 0.06458333333333334 0.08611111111111111
0 0.11067708333333333 0.8050925925925926 0.05260416666666667 0.062037037037037036
0 0.15390625 0.850462962962963 0.06927083333333334 0.08055555555555556
0 0.8302083333333333 0.7564814814814815 0.052083333333333336 0.053703703703703705
0 0.82734375 0.8337962962962963 0.050520833333333334 0.06018518518518518
0 0.12734375 0.5009259259259259 0.04010416666666667 0.11851851851851852
0 0.7877604166666666 0.7888888888888889 0.0265625 0.12037037037037036
0 0.06588541666666667 0.5837962962962963 0.0005208333333333333 0.004629629629629629
0 0.04348958333333333 0.7958333333333333 0.0390625 0.06944444444444445
0 0.10703125 0.6189814814814815 0.030729166666666665 0.11018518518518519
0 0.013802083333333333 0.7652777777777777 0.025520833333333333 0.0824074074074074
0 0.6122395833333333 0.20972222222222223 0.0515625 0.10277777777777777
0 0.0483341439688716 0.6155425853869434 0.023305771725032422 0.09259259259259259
0 0.9066958495460441 0.6544530912235192 0.03769455252918282 0.1041216313589854
