0 0.19587374281609196 0.8502953384418902 0.07475754310344827 0.0969827586206896
0 0.2203369140625 0.7604528356481481 0.06998697916666667 0.09874131944444445
0 0.13010660807291666 0.7638888888888888 0.047403971354166664 0.10416666666666667
0 0.042215983072916664 0.6244574652777778 0.022989908854166668 0.10452835648148148
0 0.0421142578125 0.4982277199074074 0.05615234375 0.13708043981481483
0 0.014546712239583334 0.6304253472222222 0.027058919270833332 0.11212384259259259
0 0.06937662760416667 0.7058376736111112 0.029296875 0.1247829861111111
0 0.7080020612485277 0.7104763774375082 0.06662249705535928 0.08343148802512754
0 0.7572327738515902 0.7615168171705275 0.062389575971731406 0.07688784190550975
0 0.7352399882214369 0.8238450464598874 0.0611012956419317 0.04122497055359249
0 0.8097762073027092 0.6578000261745844 0.06625441696113074 0.12007590629498756
0 0.9366718197879857 0.7085132836016228 0.049506772673733816 0.1174584478471405
0 0.9356595995288575 0.6041421279937181 0.06073321554770317 0.10109933254809571
0 0.9800132508833922 0.5485211359769664 0.038280329799764465 0.08212275880120407
0 0.34466257122507127 0.49521209243431463 0.042512464387464394 0.13809749920861036
