0 0.67109375 0.5208333333333334 0.07135416666666666 0.09907407407407408
0 0.1671875 0.8736111111111111 0.071875 0.08425925925925926
0 0.3932291666666667 0.8314814814814815 0.06354166666666666 0.07037037037037037
0 0.22161458333333334 0.7759259259259259 0.043229166666666666 0.07962962962962963
0 0.16666666666666666 0.5842592592592593 0.057291666666666664 0.1037037037037037
0 0.0859375 0.7574074074074074 0.041666666666666664 0.09259259259259259
0 0.35911458333333335 0.7319444444444444 0.0609375 0.08425925925925926
0 0.46328125 0.7638888888888888 0.03177083333333333 0.11666666666666667
0 0.21848958333333332 0.6944444444444444 0.0546875 0.07962962962962963
0 0.8963541666666667 0.6814814814814815 0.05 0.08148148148148149
0 0.25859375 0.8111111111111111 0.05364583333333333 0.04259259259259259
0 0.020833333333333332 0.4 0.040625 0.08703703703703704
0 0.9690104166666667 0.6717592592592593 0.0265625 0.10092592592592593
0 0.09427083333333333 0.5449074074074074 0.035416666666666666 0.10462962962962963
0 0.421875 0.7703703703703704 0.035416666666666666 0.07407407407407407
0 0.8682291666666667 0.7837962962962963 0.027083333333333334 0.09537037037037037
0 0.9669270833333333 0.7578703703703704 0.03802083333333333 0.06018518518518518
0 0.8497395833333333 0.8268518518518518 0.05260416666666667 0.025925925925925925
0 0.49635416666666665 0.8328703703703704 0.028125 0.032407407407407406
0 0.1437717013888889 0.4566936728395062 0.04123263888888888 0.08777006172839502
0 0.24983723958333337 0.6606867283950618 0.05479600694444446 0.09837962962962964
0 0.3453233506944445 0.896508487654321 0.0634765625 0.06847993827160498
