0 0.38359375 0.711574074074074 0.0640625 0.10462962962962963
0 0.13046875 0.5564814814814815 0.0671875 0.07592592592592592
0 0.80625 0.8481481481481481 0.057291666666666664 0.044444444444444446
0 0.9067708333333333 0.6453703703703704 0.05 0.11851851851851852
0 0.7861979166666667 0.7898148148148149 0.0546875 0.05555555555555555
0 0.15052083333333333 0.8439814814814814 0.057291666666666664 0.09166666666666666
0 0.3653645833333333 0.8324074074074074 0.04739583333333333 0.07407407407407407
0 0.21770833333333334 0.7097222222222223 0.053125 0.10092592592592593
0 0.7497395833333333 0.725 0.059895833333333336 0.11666666666666667
0 0.04401041666666667 0.799074074074074 0.03697916666666667 0.06296296296296296
0 0.10859375 0.8152777777777778 0.0328125 0.049074074074074076
0 0.153125 0.6962962962962963 0.026041666666666668 0.1037037037037037
0 0.11744791666666667 0.7592592592592593 0.033854166666666664 0.06851851851851852
0 0.8197916666666667 0.7402777777777778 0.052083333333333336 0.0712962962962963
0 0.7794270833333333 0.16805555555555557 0.059895833333333336 0.09907407407407408
0 0.07395833333333333 0.7898148148148149 0.021875 0.06851851851851852
0 0.07786458333333333 0.6680555555555555 0.028645833333333332 0.09166666666666666
0 0.2296875 0.8245370370370371 0.03333333333333333 0.05648148148148148
0 0.7583333333333333 0.027314814814814816 0.035416666666666666 0.05277777777777778
0 0.02508726003490401 0.5182276517355051 0.022360383944153576 0.10083381811130503
