0 0.30625 0.799074074074074 0.0375 0.07592592592592592
0 0.17682291666666666 0.46064814814814814 0.05572916666666667 0.08611111111111111
0 0.33125 0.9180555555555555 0.07083333333333333 0.09166666666666666
0 0.28489583333333335 0.7273148148148149 0.04895833333333333 0.09722222222222222
0 0.6463541666666667 0.9490740740740741 0.07708333333333334 0.09814814814814815
0 0.4270833333333333 0.8245370370370371 0.058333333333333334 0.049074074074074076
0 0.51820825729927 0.7134259259259259 0.05677083333333333 0.10277777777777777
0 0.41640625 0.6305555555555555 0.0515625 0.13148148148148148
0 0.27005208333333336 0.5527777777777778 0.059895833333333336 0.1111111111111111
0 0.8583333333333333 0.8023148148148148 0.053125 0.06388888888888888
0 0.6619791666666667 0.6935185185185185 0.0625 0.07407407407407407
0 0.196875 0.6166666666666667 0.05625 0.08888888888888889
0 0.1171875 0.6055555555555555 0.040625 0.06851851851851852
0 0.6528645833333333 0.825462962962963 0.0578125 0.05277777777777778
0 0.6130208333333333 0.5912037037037037 0.042708333333333334 0.1398148148148148
0 0.48203125 0.8236111111111111 0.05677083333333333 0.05092592592592592
0 0.11171875 0.5060185185185185 0.06302083333333333 0.15092592592592594
0 0.022395833333333334 0.7129629629629629 0.040625 0.07592592592592592
0 0.0171875 0.7893518518518519 0.03229166666666667 0.0824074074074074
0 0.06481903892944038 0.7850094620167611 0.057405717761557166 0.04663422546634224
0 0.15739051094890513 0.5633279264666126 0.031934306569343075 0.11557177615571772
0 0.13800182481751824 0.802919708029197 0.0608272506082725 0.05001351716680178
0 0.20015967153284672 0.8002162746688294 0.062728102189781 0.04866180048661801
0 0.9734260948905108 0.6839686401730196 0.03839720194647202 0.0919167342525007
0 0.8827554744525548 0.6045552852122194 0.05398418491484177 0.0669099756690997
