0 0.24658833979328165 0.45704134366925064 0.07085755813953488 0.12238013207005452
0 0.1816466718266254 0.8466632266941865 0.06756320949432405 0.09488590757940608
0 0.12174277605779155 0.7757137942896457 0.0290247678018576 0.06765279211099642
0 0.15149316305469557 0.7917669991973397 0.030798503611971118 0.05331957344341247
0 0.04619775541795666 0.700177731911478 0.050470846233230136 0.07309941520467833
0 0.09884545923632612 0.5718954248366013 0.05740454076367389 0.12269235179451896
0 0.27353843669250644 0.8040841228825724 0.0682332041343669 0.07716049382716053
0 0.26271753681392235 0.5304551539491298 0.03806894243641234 0.12680351033764686
0 0.8348973973973973 0.667334000667334 0.052552552552552596 0.1251251251251252
0 0.9022303553553553 0.5773829384940495 0.06365740740740738 0.08647536425314199
0 0.8883883883883884 0.8204037370704037 0.06318818818818812 0.08869981092203305
0 0.9375782032032033 0.7079301523745968 0.04613988988988981 0.11622733844956075
