0 0.44036458333333334 0.575462962962963 0.08177083333333333 0.125
0 0.3489583333333333 0.9046296296296297 0.06145833333333333 0.0962962962962963
0 0.05546875 0.5314814814814814 0.05364583333333333 0.08518518518518518
0 0.28151041666666665 0.6837962962962963 0.06302083333333333 0.07314814814814814
0 0.5671875 0.6828703703703703 0.06875 0.0824074074074074
0 0.78046875 0.46435185185185185 0.05364583333333333 0.1361111111111111
0 0.9565104166666667 0.7837962962962963 0.0453125 0.075
0 0.4940104166666667 0.7171296296296297 0.059895833333333336 0.09166666666666666
0 0.27578125 0.8152777777777778 0.05572916666666667 0.07314814814814814
0 0.14713541666666666 0.8166666666666667 0.05677083333333333 0.08333333333333333
0 0.34609375 0.5935185185185186 0.06510416666666667 0.09259259259259259
0 0.04921875 0.6518518518518519 0.059895833333333336 0.09814814814814815
0 0.7747395833333334 0.5935185185185186 0.06614583333333333 0.08518518518518518
0 0.84140625 0.8194444444444444 0.03697916666666667 0.03333333333333333
0 0.02421875 0.7467592592592592 0.0359375 0.08425925925925926
0 0.9903645833333333 0.425 0.018229166666666668 0.07592592592592592
0 0.2669270833333333 0.7587962962962963 0.0484375 0.0824074074074074
0 0.9130208333333333 0.8064814814814815 0.041666666666666664 0.05185185185185185
0 0.86796875 0.762962962962963 0.049479166666666664 0.07222222222222222
0 0.08479683195592287 0.3906489133761861 0.036157024793388434 0.09412304866850324
0 0.14419765840220386 0.4897459442913989 0.03271349862258952 0.09794918885827981
0 0.27010158402203854 0.5953474135292317 0.049500688705234185 0.10713192531374349
0 0.00946969696969697 0.7973676155494338 0.015495867768595043 0.03826140189776555
0 0.9011277548209367 0.7866544230180594 0.03142217630853992 0.08570554025099474
