0 0.4208026960784314 0.835239651416122 0.07138480392156867 0.11492374727668846
0 0.46739969135802467 0.8009259259259259 0.0625 0.09499314128943749
0 0.33719135802469136 0.7129629629629629 0.07137345679012347 0.10013717421124829
0 0.40229552469135804 0.6742112482853223 0.06886574074074071 0.08436213991769556
0 0.43344907407407407 0.7273662551440329 0.06481481481481476 0.08230452674897122
0 0.7423708920187794 0.837245696400626 0.0678550469483568 0.08020344287949915
0 0.7287081866197184 0.6686880542514345 0.056668133802816927 0.1284559207094419
0 0.7856514084507042 0.6686880542514345 0.05795187793427227 0.12519561815336464
0 0.8207709800469484 0.7140062597809076 0.05850205399061039 0.09520083463745434
0 0.8602002640845071 0.7244392279603549 0.055200997652582136 0.09846113719353161
0 0.6721317488262911 0.6838484611371934 0.0627200704225352 0.08444183620239963
0 0.6345363849765259 0.5666405842462181 0.07225645539906106 0.10432968179447062
0 0.08922021713615023 0.7863849765258216 0.037228579812206584 0.04760041731872712
0 0.0598774941314554 0.7819835680751174 0.021823650234741792 0.045970266040688594
0 0.03227699530516432 0.7722026604068858 0.02787558685446009 0.045970266040688594
0 0.8880758509389672 0.8137715179968702 0.042363556338028255 0.07955138236828374
0 0.9352075997652582 0.7073226395409494 0.05263350938967146 0.10987219613980183
0 0.9722527875586855 0.4830138236828378 0.05410064553990613 0.08835419926969221
0 0.8179114952718677 0.3335960073548726 0.06593528368794328 0.1116364591541897
0 0.049046672555948176 0.5076233477293548 0.03478356890459364 0.11026043711556081
