0 0.9466145833333334 0.5023148148148148 0.0609375 0.11574074074074074
0 0.12526041666666668 0.47685185185185186 0.05364583333333333 0.10925925925925926
0 0.35234375 0.5337962962962963 0.0703125 0.10462962962962963
0 0.017447916666666667 0.8800925925925925 0.033854166666666664 0.07685185185185185
0 0.15625 0.8212962962962963 0.03333333333333333 0.05555555555555555
0 0.9859375 0.5967592592592592 0.026041666666666668 0.09351851851851851
0 0.15026041666666667 0.6180555555555556 0.0671875 0.058333333333333334
0 0.19895833333333332 0.8361111111111111 0.04895833333333333 0.07592592592592592
0 0.2635416666666667 0.812962962962963 0.04583333333333333 0.09259259259259259
0 0.07369791666666667 0.6449074074074074 0.0265625 0.11018518518518519
0 0.77109375 0.8564814814814815 0.058854166666666666 0.046296296296296294
0 0.90703125 0.6819444444444445 0.0546875 0.06944444444444445
0 0.9296875 0.7675925925925926 0.052083333333333336 0.07777777777777778
0 0.22109375 0.674537037037037 0.04739583333333333 0.0824074074074074
0 0.21015625 0.5606481481481481 0.0421875 0.12129629629629629
0 0.0609375 0.8472222222222222 0.004166666666666667 0.009259259259259259
0 0.9697916666666667 0.6680555555555555 0.04895833333333333 0.062037037037037036
0 0.5299479166666666 0.5236111111111111 0.04739583333333333 0.14907407407407408
0 0.040364583333333336 0.7967592592592593 0.04010416666666667 0.06574074074074074
0 0.9893229166666667 0.2439814814814815 0.0203125 0.05277777777777778
0 0.07135416666666666 0.35833333333333334 0.021875 0.12962962962962962
0 0.48359375 0.25462962962962965 0.03802083333333333 0.14444444444444443
0 0.08008188824662812 0.8212909441233142 0.043352601156069356 0.05191607792763856
