0 0.18633261494252873 0.6489463601532567 0.0691451149425287 0.13463175819497664
0 0.2695462164750958 0.7386121753937845 0.07393438697318006 0.09152830991911455
0 0.226141237745098 0.8411628540305011 0.0716145833333333 0.09055010893246183
0 0.0700827205882353 0.7084014161220042 0.04442401960784313 0.10144335511982566
0 0.017520680147058824 0.6008306100217865 0.028147977941176468 0.1021241830065359
0 0.6722962622549019 0.73869825708061 0.07046568627450979 0.1007625272331154
0 0.6643497242647058 0.8193763616557733 0.07257199754901957 0.06944444444444445
0 0.3600008941344778 0.6910666030837704 0.05342453505007156 0.18041646797011604
0 0.8265958091085271 0.6613372093023256 0.06434714147286821 0.09743755383290273
0 0.8296996124031008 0.7451819552110249 0.06904069767441853 0.07402024117140397
0 0.9366672722868217 0.7054801894918175 0.05072068798449614 0.11735572782084415
0 0.9767896075581395 0.6965977605512489 0.033460513565891505 0.10335917312661495
0 0.9795906007751938 0.5996985357450474 0.03966812015503886 0.1098191214470284
0 0.6725137578616353 0.7419636617749825 0.06476022012578611 0.10062893081761007
