0 0.36484375 0.9115740740740741 0.08489583333333334 0.0824074074074074
0 0.1984375 0.587037037037037 0.04895833333333333 0.1037037037037037
0 0.21354166666666666 0.7777777777777778 0.034375 0.09074074074074075
0 0.17916666666666667 0.6787037037037037 0.058333333333333334 0.053703703703703705
0 0.08515625 0.7458333333333333 0.030729166666666665 0.10833333333333334
0 0.42135416666666664 0.8291666666666667 0.06770833333333333 0.08981481481481482
0 0.10885416666666667 0.3763888888888889 0.06145833333333333 0.0787037037037037
0 0.91484375 0.7486111111111111 0.04635416666666667 0.0824074074074074
0 0.51875 0.6712962962962963 0.065625 0.07037037037037037
0 0.4984375 0.7796296296296297 0.06041666666666667 0.08518518518518518
0 0.017708333333333333 0.7435185185185185 0.022916666666666665 0.09444444444444444
0 0.87109375 0.7944444444444444 0.027604166666666666 0.06666666666666667
0 0.33932291666666664 0.8162037037037037 0.0515625 0.05462962962962963
0 0.17213541666666668 0.4861111111111111 0.06510416666666667 0.05740740740740741
0 0.012760416666666666 0.8041666666666667 0.024479166666666666 0.06759259259259259
0 0.86640625 0.7203703703703703 0.0390625 0.07407407407407407
0 0.0515625 0.7699074074074074 0.03229166666666667 0.05648148148148148
0 0.12734375 0.45092592592592595 0.034895833333333334 0.1
0 0.9106770833333333 0.8125 0.0484375 0.030555555555555555
0 0.07390698356807511 0.5545774647887325 0.023840962441314558 0.11019822639540953
0 0.15533303990610328 0.5699008868022952 0.037045187793427234 0.10172143974960877
0 0.11920481220657278 0.7971439749608764 0.05134976525821597 0.05933750652060515
0 0.5782350352112677 0.7188967136150235 0.02237382629107986 0.12454355764214921
