0 0.15963541666666667 0.8787037037037037 0.0703125 0.09444444444444444
0 0.15416666666666667 0.44351851851851853 0.04479166666666667 0.10185185185185185
0 0.3067708333333333 0.5796296296296296 0.0625 0.10740740740740741
0 0.038802083333333334 0.6347222222222222 0.0390625 0.09537037037037037
0 0.8700520833333333 0.7902777777777777 0.044270833333333336 0.08611111111111111
0 0.6359375 0.6291666666666667 0.041666666666666664 0.11944444444444445
0 0.15963541666666667 0.5592592592592592 0.043229166666666666 0.08888888888888889
0 0.33932291666666664 0.9074074074074074 0.07239583333333334 0.09444444444444444
0 0.023697916666666666 0.8444444444444444 0.04635416666666667 0.07592592592592592
0 0.70546875 0.425 0.0609375 0.12037037037037036
0 0.7182291666666667 0.6166666666666667 0.06770833333333333 0.13518518518518519
0 0.3611979166666667 0.6620370370370371 0.06510416666666667 0.07407407407407407
0 0.27734375 0.6513888888888889 0.059895833333333336 0.062037037037037036
0 0.6684895833333333 0.5120370370370371 0.04739583333333333 0.1259259259259259
0 0.0640625 0.7194444444444444 0.028125 0.0962962962962963
0 0.10703125 0.7208333333333333 0.049479166666666664 0.09537037037037037
0 0.9658854166666667 0.4708333333333333 0.04635416666666667 0.10092592592592593
0 0.01953125 0.725925925925926 0.03802083333333333 0.07407407407407407
0 0.2853667664670659 0.7690175205145265 0.02619760479041915 0.09869150587713464
0 0.6575910678642715 0.8144821468174762 0.03524201596806383 0.06986027944111783
0 0.10319703014184396 0.4361209613869188 0.019669769503546094 0.10096532702915684
0 0.08041437728937728 0.527065527065527 0.021749084249084245 0.09259259259259259
