0 0.9020833333333333 0.47824074074074074 0.057291666666666664 0.10462962962962963
0 0.95390625 0.7458333333333333 0.0515625 0.06388888888888888
0 0.2864583333333333 0.8375 0.03125 0.049074074074074076
0 0.6544270833333333 0.5740740740740741 0.0671875 0.0962962962962963
0 0.07760416666666667 0.6277777777777778 0.028125 0.12222222222222222
0 0.1078125 0.7300925925925926 0.035416666666666666 0.08981481481481482
0 0.8901041666666667 0.674074074074074 0.05416666666666667 0.07777777777777778
0 0.1890625 0.8263888888888888 0.06666666666666667 0.05648148148148148
0 0.22682291666666668 0.49212962962962964 0.05260416666666667 0.11574074074074074
0 0.7453125 0.8449074074074074 0.03854166666666667 0.06018518518518518
0 0.96484375 0.6777777777777778 0.030729166666666665 0.1
0 0.8809895833333333 0.611574074074074 0.0421875 0.062037037037037036
0 0.6627604166666666 0.8555555555555555 0.03697916666666667 0.046296296296296294
0 0.8385416666666666 0.6175925925925926 0.046875 0.07222222222222222
0 0.21822916666666667 0.18101851851851852 0.028125 0.1361111111111111
0 0.13020833333333334 0.8236111111111111 0.027083333333333334 0.028703703703703703
0 0.274108676975945 0.49684994272623134 0.033827319587628885 0.14986636120656746
0 0.11479906311637081 0.6010300241069472 0.04530325443786982 0.05698005698005699
0 0.14792899408284024 0.762656147271532 0.03328402366863905 0.09204470742932284
0 0.08148773773773774 0.778834389945501 0.019394394394394388 0.0895339784228673
0 0.03659909909909909 0.7900956512067623 0.036911911911911906 0.04699143588032476
0 0.9664818548387096 0.8119275189167661 0.05068324372759854 0.06471525288729588
