0 0.16979166666666667 0.4398148148148148 0.05625 0.09259259259259259
0 0.4161458333333333 0.9319444444444445 0.09479166666666666 0.10462962962962963
0 0.41119791666666666 0.7527777777777778 0.050520833333333334 0.08518518518518518
0 0.23541666666666666 0.5055555555555555 0.053125 0.11481481481481481
0 0.5419270833333333 0.6222222222222222 0.0640625 0.11481481481481481
0 0.2328125 0.8277777777777777 0.06875 0.09444444444444444
0 0.16432291666666668 0.5263888888888889 0.05260416666666667 0.06944444444444445
0 0.10260416666666666 0.7930555555555555 0.06354166666666666 0.058333333333333334
0 0.6151041666666667 0.5805555555555556 0.03854166666666667 0.10925925925925926
0 0.11458333333333333 0.6453703703703704 0.053125 0.09074074074074075
0 0.6059895833333333 0.7935185185185185 0.059895833333333336 0.05740740740740741
0 0.4114583333333333 0.6703703703703704 0.059375 0.06481481481481481
0 0.5075520833333333 0.8305555555555556 0.0328125 0.040740740740740744
0 0.19322916666666667 0.5592592592592592 0.040625 0.1037037037037037
0 0.026041666666666668 0.6236111111111111 0.03333333333333333 0.10277777777777777
0 0.07161458333333333 0.6208333333333333 0.0515625 0.05277777777777778
0 0.8364583333333333 0.612037037037037 0.06770833333333333 0.06666666666666667
0 0.47239583333333335 0.6361111111111111 0.06979166666666667 0.07037037037037037
0 0.5708333333333333 0.8347222222222223 0.023958333333333335 0.03611111111111111
0 0.013541666666666667 0.7916666666666666 0.026041666666666668 0.07777777777777778
0 0.6575520833333334 0.8319444444444445 0.04635416666666667 0.03796296296296296
0 0.9864583333333333 0.6814814814814815 0.026041666666666668 0.07962962962962963
0 0.46665736607142855 0.7444609788359788 0.04789806547619051 0.1322751322751322
0 0.56396484375 0.7146990740740741 0.06068638392857141 0.05952380952380957
0 0.31372709424083767 0.9002326934264107 0.02972294938917971 0.0610820244328098
0 0.02617453231292517 0.7343631897203325 0.03959396258503401 0.11574074074074074
