0 0.93515625 0.8111111111111111 0.07135416666666666 0.07222222222222222
0 0.93828125 0.7064814814814815 0.0453125 0.1111111111111111
0 0.040625 0.8421296296296297 0.059375 0.07685185185185185
0 0.3463541666666667 0.825 0.06458333333333334 0.07962962962962963
0 0.17994791666666668 0.7356481481481482 0.04010416666666667 0.1175925925925926
0 0.8041666666666667 0.687037037037037 0.059375 0.1388888888888889
0 0.134375 0.4685185185185185 0.029166666666666667 0.11296296296296296
0 0.027864583333333335 0.20925925925925926 0.0359375 0.14444444444444443
0 0.018489583333333334 0.7458333333333333 0.0359375 0.0824074074074074
0 0.40651041666666665 0.8314814814814815 0.043229166666666666 0.03148148148148148
0 0.24953421409214094 0.8052544414333032 0.031927506775067754 0.04983438723276116
