0 0.3930152979066023 0.8586061907317946 0.07799919484702098 0.0943818214349616
0 0.4467340982286635 0.7991143317230274 0.04453502415458939 0.0961710502773304
0 0.5116495571658616 0.6810252281266774 0.07372181964573273 0.10690642333154406
0 0.5815972222222222 0.7275451780282699 0.05510265700483098 0.1256933261764179
0 0.6838768115942029 0.7843531937734838 0.055354267310789025 0.11495795312220436
0 0.7778532608695653 0.6749865807836822 0.06516706924315621 0.08498837001252468
0 0.7838919082125604 0.7946412596171051 0.0490640096618358 0.09259259259259259
0 0.9328452093397746 0.7036142422615853 0.055102657004830864 0.11361603149042762
0 0.9719706119162642 0.7883789586688139 0.03774154589371991 0.09527643585614595
0 0.9839221014492755 0.49762927178386124 0.02994162640901775 0.08096260511719448
0 0.18685371046228708 0.8297850770478508 0.06386861313868612 0.09225466342254665
0 0.19445711678832114 0.7601716680183832 0.0463807785888078 0.06386861313868611
0 0.3020453163017031 0.6628480670451473 0.03953771289537708 0.12875101378751017
0 0.059742647058823525 0.8142701525054467 0.06255106209150327 0.09849310094408134
