0 0.17057291666666666 0.8115740740740741 0.0609375 0.08981481481481482
0 0.46197916666666666 0.5847222222222223 0.06458333333333334 0.10277777777777777
0 0.25807291666666665 0.6703703703703704 0.059895833333333336 0.05740740740740741
0 0.4609375 0.7805555555555556 0.05625 0.1037037037037037
0 0.14375 0.45601851851851855 0.05 0.10833333333333334
0 0.04765625 0.36157407407407405 0.0546875 0.08611111111111111
0 0.31302083333333336 0.8175925925925925 0.06770833333333333 0.06851851851851852
0 0.025260416666666667 0.5861111111111111 0.049479166666666664 0.06111111111111111
0 0.34791666666666665 0.9032407407407408 0.06770833333333333 0.10092592592592593
0 0.11822916666666666 0.7777777777777778 0.034375 0.07407407407407407
0 0.52421875 0.6662037037037037 0.06510416666666667 0.08055555555555556
0 0.084375 0.7296296296296296 0.030208333333333334 0.09259259259259259
0 0.3619791666666667 0.6518518518518519 0.03333333333333333 0.11481481481481481
0 0.058854166666666666 0.5032407407407408 0.03229166666666667 0.10833333333333334
0 0.8328125 0.812962962962963 0.026041666666666668 0.05
0 0.90078125 0.7597222222222222 0.030729166666666665 0.075
0 0.7265625 0.6013888888888889 0.07395833333333333 0.125
0 0.246875 0.7939814814814815 0.041666666666666664 0.06574074074074074
0 0.9072916666666667 0.8097222222222222 0.046875 0.04722222222222222
0 0.9880208333333333 0.4300925925925926 0.022916666666666665 0.06944444444444445
0 0.8716145833333333 0.7671296296296296 0.0265625 0.06944444444444445
0 0.9645833333333333 0.774074074074074 0.042708333333333334 0.08703703703703704
0 0.0421875 0.6837962962962963 0.03958333333333333 0.09537037037037037
0 0.24220255298651253 0.5764290301862557 0.058104527938342976 0.07600085634767721
0 0.7864583333333334 0.5296840958605665 0.03737745098039215 0.11928104575163398
