0 0.4596625434027778 0.6688850308641976 0.07568359375 0.0993441358024692
0 0.32897364217252395 0.8028635664418412 0.050585729499467526 0.09880487516270267
0 0.16341650516795866 0.7961886304909561 0.042191537467700255 0.10084697100200968
0 0.13323643410852712 0.7240525409130061 0.03714470284237727 0.10371805914441573
0 0.05985545865633075 0.881782945736434 0.06641634366925064 0.11412575366063743
0 0.08136980830670927 0.6860134895278666 0.03793929712460064 0.10176310495799318
0 0.6688065245478036 0.8021102497846684 0.052083333333333336 0.19451622164800458
0 0.7735078828828829 0.5036286286286286 0.071509009009009 0.11436436436436434
0 0.8275853978978979 0.6856856856856856 0.06733295795795798 0.08425091758425093
0 0.8772053303303302 0.5943443443443444 0.06099849849849844 0.12512512512512508
0 0.9359750375375374 0.7040373707040374 0.051848723723723705 0.12262262262262258
