0 0.5737751831501832 0.7298026048026048 0.050938644688644646 0.10836385836385834
0 0.6048248626373627 0.6112637362637362 0.060954670329670314 0.10429385429385434
0 0.6137329931972789 0.43272864701436126 0.08971088435374147 0.13756613756613756
0 0.6480654761904762 0.846182917611489 0.05803571428571435 0.1526832955404384
0 0.2754574383452664 0.8623928224166887 0.073090692124105 0.08861486785114471
0 0.32219570405727915 0.8232785291257844 0.047732696897374714 0.0987801644126226
0 0.077627784407319 0.7584195173693979 0.03393496420047733 0.09855917970476437
0 0.09633552108194113 0.6078184389640237 0.03803699284009546 0.11690091045699638
0 0.1285923826571201 0.5578758949880669 0.03940433571996819 0.09170865376115976
0 0.08085968575974542 0.5020772562538672 0.042884844868735075 0.10121099619906307
0 0.7625305623471884 0.7190075160735309 0.06672779136104327 0.08240514352983797
0 0.8245466585167075 0.743231006067192 0.06621841890790552 0.09236620483564248
0 0.7572458231458844 0.6049080865706783 0.06176140994295037 0.13900208276736395
0 0.8820428475033738 0.8156207827260459 0.028044871794871775 0.05904183535762484
0 0.9581119264507422 0.8077485380116959 0.04312162618083673 0.07141250562303193
0 0.9357076585695006 0.7063465287149497 0.05608974358974355 0.10927425401109611
0 0.9829411268556005 0.49998125656020387 0.03141869095816467 0.12726795621532463
0 0.9744538630229419 0.2541610436347278 0.04691717273954114 0.11358524516419254
0 0.8133680555555556 0.2759259259259259 0.03229166666666667 0.1271604938271605
