0 0.25494791666666666 0.9291666666666667 0.06302083333333333 0.08425925925925926
0 0.44375 0.8050925925925926 0.046875 0.09166666666666666
0 0.9364583333333333 0.7675925925925926 0.046875 0.08333333333333333
0 0.025260416666666667 0.6393518518518518 0.044270833333333336 0.08981481481481482
0 0.8729166666666667 0.7032407407407407 0.059375 0.06018518518518518
0 0.7791666666666667 0.6847222222222222 0.05416666666666667 0.09351851851851851
0 0.8171875 0.45092592592592595 0.034375 0.14629629629629629
0 0.038802083333333334 0.7981481481481482 0.0453125 0.06851851851851852
0 0.41067708333333336 0.25416666666666665 0.07135416666666666 0.1287037037037037
0 0.20833333333333334 0.8972222222222223 0.0625 0.08148148148148149
0 0.08020833333333334 0.6148148148148148 0.03229166666666667 0.12037037037037036
0 0.24427083333333333 0.5625 0.051041666666666666 0.09351851851851851
0 0.26875 0.6453703703703704 0.051041666666666666 0.09814814814814815
0 0.95859375 0.8305555555555556 0.06197916666666667 0.044444444444444446
0 0.3140625 0.4046296296296296 0.041666666666666664 0.17777777777777778
0 0.23619791666666667 0.8546296296296296 0.05572916666666667 0.05
0 0.19791666666666666 0.7893518518518519 0.04375 0.0824074074074074
0 0.24348958333333334 0.8180555555555555 0.0328125 0.04351851851851852
0 0.10967548076923077 0.42260208926875586 0.020032051282051277 0.11752136752136745
0 0.18354366987179485 0.5304783950617284 0.046240651709401705 0.04896723646723644
0 0.6432434752747253 0.741631054131054 0.05594665750915754 0.102004477004477
0 0.9337219343696027 0.638792938015736 0.03373272884283255 0.0873152945691805
