0 0.2955729166666667 0.9430555555555555 0.07760416666666667 0.09722222222222222
0 0.8252604166666667 0.4675925925925926 0.044270833333333336 0.13148148148148148
0 0.26276041666666666 0.8472222222222222 0.06510416666666667 0.08888888888888889
0 0.9565104166666667 0.21944444444444444 0.04114583333333333 0.11851851851851852
0 0.8171875 0.3148148148148148 0.0625 0.13703703703703704
0 0.9408854166666667 0.7152777777777778 0.04114583333333333 0.12685185185185185
0 0.11901041666666666 0.6402777777777777 0.0359375 0.09722222222222222
0 0.059895833333333336 0.5782407407407407 0.028125 0.10648148148148148
0 0.13072916666666667 0.8166666666666667 0.05625 0.07222222222222222
0 0.8125 0.7810185185185186 0.03958333333333333 0.11203703703703703
0 0.038802083333333334 0.5 0.0390625 0.09814814814814815
0 0.9158854166666667 0.3074074074074074 0.06302083333333333 0.08703703703703704
0 0.9270833333333334 0.09537037037037037 0.07708333333333334 0.1037037037037037
0 0.9861979166666667 0.8148148148148148 0.0265625 0.06481481481481481
0 0.015104166666666667 0.6523148148148148 0.029166666666666667 0.09722222222222222
0 0.07942708333333333 0.7833333333333333 0.043229166666666666 0.05
