0 0.5385561342592593 0.5446244855967078 0.08868634259259262 0.1237139917695473
0 0.6105324074074073 0.5479681069958847 0.07089120370370369 0.1705246913580247
0 0.7298900462962963 0.6558641975308641 0.06799768518518524 0.09619341563786
0 0.7760416666666666 0.5776748971193416 0.05902777777777774 0.14711934156378603
0 0.8136574074074073 0.7825360082304527 0.055555555555555476 0.10210905349794233
0 0.886646412037037 0.8123713991769547 0.03920717592592595 0.07278806584362138
0 0.8557581018518519 0.7308384773662552 0.054398148148148216 0.08050411522633735
0 0.9483506944444445 0.8244598765432098 0.05671296296296298 0.0825617283950618
0 0.9397424768518519 0.7142489711934157 0.042100694444444406 0.12397119341563778
0 0.9190538194444444 0.6602366255144033 0.04586226851851857 0.11985596707818921
0 0.9835069444444445 0.5015432098765432 0.03067129629629631 0.13220164609053497
0 0.9741753472222221 0.3037551440329218 0.050491898148148216 0.11368312757201646
0 0.6619706284153005 0.8017607771706131 0.06676912568306008 0.09775349119611418
0 0.12158526490066227 0.7951618837380426 0.058981788079470195 0.08002207505518763
0 0.10037251655629138 0.7088545499141525 0.02759381898454746 0.08523424086337994
0 0.04880656732891832 0.7905629139072848 0.042425496688741716 0.07695609516801567
0 0.06234478476821192 0.6965906303654648 0.031905353200882995 0.10056414029923973
0 0.363748034591195 0.8248602375960867 0.050805817610062934 0.043850454227812724
0 0.3217374213836478 0.7092941998602376 0.053852201257861644 0.10971348707197759
