0 0.32786458333333335 0.7402777777777778 0.0609375 0.08425925925925926
0 0.30130208333333336 0.837037037037037 0.04010416666666667 0.053703703703703705
0 0.1375 0.5634259259259259 0.052083333333333336 0.08796296296296297
0 0.36640625 0.8268518518518518 0.04010416666666667 0.07962962962962963
0 0.8119791666666667 0.7421296296296296 0.04895833333333333 0.05277777777777778
0 0.7596354166666667 0.7819444444444444 0.058854166666666666 0.058333333333333334
0 0.17578125 0.8398148148148148 0.058854166666666666 0.08333333333333333
0 0.07369791666666667 0.787962962962963 0.0359375 0.06851851851851852
0 0.17916666666666667 0.7708333333333334 0.028125 0.062037037037037036
0 0.75859375 0.8550925925925926 0.0515625 0.03611111111111111
0 0.03697916666666667 0.7972222222222223 0.03958333333333333 0.06296296296296296
0 0.0234375 0.5037037037037037 0.029166666666666667 0.11666666666666667
0 0.8390625 0.6606481481481481 0.035416666666666666 0.12129629629629629
0 0.9919270833333333 0.41574074074074074 0.015104166666666667 0.10555555555555556
0 0.19947916666666668 0.8101851851851852 0.0010416666666666667 0.0
0 0.14633296996124032 0.803321490094746 0.03981952519379846 0.06702196382428943
0 0.7273650419287211 0.6153913347309573 0.038325471698113255 0.10220125786163524
0 0.8717447916666666 0.649048353909465 0.03197337962962964 0.04243827160493831
0 0.9175347222222221 0.6244855967078189 0.0402199074074075 0.10030864197530867
0 0.40114961139896377 0.7466177317213587 0.0407491364421416 0.09763001343312228
