0 0.0859375 0.7023148148148148 0.05 0.09537037037037037
0 0.9377604166666667 0.7074074074074074 0.04635416666666667 0.10925925925925926
0 0.8739583333333333 0.7513888888888889 0.04583333333333333 0.09351851851851851
0 0.43203125 0.8296296296296296 0.0546875 0.07222222222222222
0 0.79609375 0.6777777777777778 0.058854166666666666 0.09814814814814815
0 0.05625 0.7606481481481482 0.030208333333333334 0.07685185185185185
0 0.9596354166666666 0.8009259259259259 0.04114583333333333 0.044444444444444446
0 0.03125 0.8550925925925926 0.030208333333333334 0.14166666666666666
0 0.5166666666666667 0.8375 0.03229166666666667 0.09537037037037037
0 0.0296875 0.8226851851851852 0.020833333333333332 0.075
0 0.4657660590277778 0.7231385030864198 0.07161458333333333 0.09403935185185185
0 0.39360894097222227 0.8058449074074074 0.0493706597222222 0.08584104938271608
