0 0.16784079961464352 0.8523335474202527 0.07135115606936417 0.10115606936416187
0 0.20110789980732177 0.8041639905801756 0.03973988439306358 0.046563904945407825
0 0.26357779383429675 0.8087133376150716 0.06653420038535642 0.06850781417255405
0 0.10440558103975535 0.807282817986182 0.053676095820591234 0.07815154604145433
0 0.03520005096839959 0.6826933967606751 0.02516564729867482 0.09853890587835552
0 0.07071865443425077 0.6726412957299808 0.027076962283384298 0.0965568014497678
0 0.28966346153846156 0.39975071225071224 0.07892628205128206 0.12927350427350429
0 0.19511217948717946 0.5361467236467237 0.02964743589743589 0.13710826210826213
0 0.23677884615384617 0.5051638176638177 0.057692307692307696 0.08867521367521368
0 0.8447516025641024 0.6613247863247864 0.04206730769230767 0.11609686609686608
0 0.8920272435897435 0.819088319088319 0.050480769230769225 0.09259259259259249
0 0.9370993589743589 0.7067307692307692 0.04767628205128212 0.11787749287749284
0 0.94140625 0.5665954415954416 0.059895833333333336 0.09686609686609679
