0 0.35825448207171307 0.66622399291722 0.03548306772908365 0.145344547734986
0 0.4072252656042496 0.703851261620186 0.062043492695883155 0.09665043529585354
0 0.43378569057104904 0.79921056514682 0.06162848605577687 0.09480596133982588
0 0.4635750534188034 0.5525878442545109 0.07311698717948723 0.10802469135802466
0 0.6377704326923078 0.6255935422602089 0.057592147435897446 0.11277302943969614
0 0.7333400106837605 0.683909069325736 0.06143162393162396 0.09526353276353274
0 0.7940204326923077 0.6696640550807217 0.06059695512820511 0.1290954415954416
0 0.8717280982905983 0.7123990978157645 0.06310096153846155 0.07567663817663822
0 0.8430989583333334 0.8232431149097814 0.0709468482905983 0.08131528964862297
0 0.8890057425213675 0.8150819088319088 0.0388955662393163 0.08220560303893636
0 0.9351629273504273 0.7048314339981007 0.05375267094017092 0.11930199430199427
0 0.8891726762820512 0.6270773979107312 0.06193242521367518 0.06885090218423552
0 0.979984642094017 0.47513057929724595 0.0388955662393163 0.08131528964862293
0 0.1056690705128205 0.7966820987654322 0.04039797008547009 0.04540598290598291
0 0.09097889957264957 0.7570631528964862 0.03004807692307693 0.10208926875593544
0 0.8489258489258489 0.3193578193578194 0.06193693693693696 0.1235851235851236
