0 0.12994791666666666 0.5523148148148148 0.05364583333333333 0.09907407407407408
0 0.043229166666666666 0.5953703703703703 0.03854166666666667 0.1
0 0.19947916666666668 0.7291666666666666 0.052083333333333336 0.07685185185185185
0 0.22161458333333334 0.8134259259259259 0.033854166666666664 0.0787037037037037
0 0.74296875 0.7541666666666667 0.0515625 0.10092592592592593
0 0.38984375 0.7152777777777778 0.06510416666666667 0.09907407407407408
0 0.14635416666666667 0.850462962962963 0.052083333333333336 0.0787037037037037
0 0.8247395833333333 0.7486111111111111 0.05677083333333333 0.06388888888888888
0 0.78984375 0.7912037037037037 0.04010416666666667 0.09907407407407408
0 0.1140625 0.6925925925925925 0.026041666666666668 0.11851851851851852
0 0.8291666666666667 0.8361111111111111 0.052083333333333336 0.05925925925925926
0 0.04375 0.799537037037037 0.041666666666666664 0.062037037037037036
0 0.01328125 0.7643518518518518 0.024479166666666666 0.0824074074074074
0 0.36953125 0.8555555555555555 0.03802083333333333 0.025925925925925925
0 0.8317708333333333 0.7847222222222222 0.00625 0.002777777777777778
0 0.15391942282749677 0.6636402939904885 0.036275940337224394 0.09367343997694196
0 0.09920152399481194 0.8007277705721286 0.04195038910505837 0.03422683383772875
0 0.025940337224383922 0.679132439832829 0.029588197146562908 0.12898112119902008
0 0.9077988834422658 0.6557129024449285 0.03897739651416122 0.09985475671750184
