0 0.4609375 0.8023148148148148 0.059375 0.09907407407407408
0 0.9067708333333333 0.6620370370370371 0.046875 0.1037037037037037
0 0.10625 0.3453703703703704 0.059375 0.1111111111111111
0 0.17604166666666668 0.6768518518518518 0.0375 0.08333333333333333
0 0.11536458333333334 0.674074074074074 0.028645833333333332 0.12037037037037036
0 0.21692708333333333 0.8087962962962963 0.033854166666666664 0.0824074074074074
0 0.10078125 0.8310185185185185 0.0578125 0.08981481481481482
0 0.07291666666666667 0.6902777777777778 0.04375 0.09722222222222222
0 0.0328125 0.7921296296296296 0.030208333333333334 0.05277777777777778
0 0.8872395833333333 0.8314814814814815 0.04739583333333333 0.05740740740740741
0 0.05416666666666667 0.8203703703703704 0.034375 0.07222222222222222
0 0.14247927574171027 0.8090944347488849 0.03190445026178012 0.05041690905565251
0 0.17765597731239094 0.772008919914679 0.03190445026178012 0.10228815202637194
0 0.9061359489051094 0.745978642876453 0.046760948905109484 0.0767099216004325
