0 0.703792735042735 0.7082937638493194 0.06499287749287758 0.08309591642924985
0 0.7113603988603988 0.8103830326052549 0.0783475783475783 0.07755618866729984
0 0.7712339743589745 0.7559749920861032 0.06187678062678058 0.08270022158911053
0 0.8121883903133903 0.6677350427350428 0.06321225071225077 0.10802469135802475
0 0.9403935185185186 0.7108657803102247 0.04896723646723657 0.10011079455523897
0 0.938056445868946 0.6350902184235518 0.06076388888888881 0.06726812282367836
0 0.979789886039886 0.5500158277936056 0.03783831908831914 0.08863564419119975
0 0.21055911680911682 0.8519309908198798 0.0756766381766382 0.09180120291231407
0 0.2328169515669516 0.7696264640709086 0.061876780626780634 0.08626147515036406
0 0.1304309116809117 0.7516223488445711 0.05341880341880342 0.10960747071858182
0 0.0390625 0.6354859132636911 0.04340277777777778 0.1147515036403926
0 0.05063657407407408 0.45900601456157014 0.04829950142450142 0.09259259259259259
0 0.2711575875486381 0.5924845078541577 0.037289234760051894 0.1221357544314743
0 0.22464514652014653 0.06028693528693528 0.0715430402930403 0.11446886446886446
