0 0.13489583333333333 0.5180555555555556 0.05625 0.13240740740740742
0 0.9408854166666667 0.48518518518518516 0.0578125 0.09444444444444444
0 0.9622395833333334 0.5921296296296297 0.05677083333333333 0.06388888888888888
0 0.0296875 0.8537037037037037 0.053125 0.08518518518518518
0 0.2546875 0.8467592592592592 0.059375 0.09351851851851851
0 0.5013020833333334 0.8546296296296296 0.0390625 0.046296296296296294
0 0.9091145833333333 0.6796296296296296 0.05572916666666667 0.07222222222222222
0 0.10234375 0.6398148148148148 0.044270833333333336 0.07407407407407407
0 0.8606770833333334 0.8472222222222222 0.0609375 0.03518518518518519
0 0.9260416666666667 0.8282407407407407 0.057291666666666664 0.05648148148148148
0 0.23515625 0.825 0.0390625 0.053703703703703705
0 0.04973958333333333 0.7296296296296296 0.0234375 0.08518518518518518
0 0.08333333333333333 0.7601851851851852 0.026041666666666668 0.05925925925925926
0 0.040364583333333336 0.7921296296296296 0.0421875 0.05092592592592592
0 0.2609375 0.65 0.030208333333333334 0.12777777777777777
0 0.090625 0.7050925925925926 0.03229166666666667 0.08425925925925926
0 0.39431330472103004 0.516412335081863 0.023247496423462088 0.12358925449054202
0 0.14019380900508352 0.7730170257403373 0.036424291938997835 0.1008633906237393
0 0.07186181434599155 0.7966479137365213 0.02188818565400844 0.05133614627285513
0 0.8821924603174603 0.3375220458553792 0.05952380952380961 0.07627865961199297
