0 0.96484375 0.49074074074074076 0.059895833333333336 0.09444444444444444
0 0.30859375 0.5768518518518518 0.06510416666666667 0.1037037037037037
0 0.7278645833333334 0.8550925925925926 0.0609375 0.06759259259259259
0 0.09296875 0.3421296296296296 0.059895833333333336 0.13240740740740742
0 0.1734375 0.8699074074074075 0.057291666666666664 0.075
0 0.9716145833333333 0.6736111111111112 0.04739583333333333 0.049074074074074076
0 0.9794270833333333 0.600462962962963 0.034895833333333334 0.08611111111111111
0 0.15651041666666668 0.8217592592592593 0.03697916666666667 0.06018518518518518
0 0.909375 0.762962962962963 0.040625 0.06666666666666667
0 0.013541666666666667 0.8810185185185185 0.026041666666666668 0.075
0 0.18411458333333333 0.6513888888888889 0.06510416666666667 0.07685185185185185
0 0.22942708333333334 0.5097222222222222 0.044270833333333336 0.12129629629629629
0 0.04088541666666667 0.7976851851851852 0.0421875 0.058333333333333334
0 0.20651041666666667 0.34444444444444444 0.0671875 0.10555555555555556
0 0.24192708333333332 0.8222222222222222 0.0359375 0.05740740740740741
0 0.47175480769230765 0.8226495726495725 0.0434027777777778 0.10565052231718897
0 0.08241959064327485 0.8253736192332684 0.04203216374269005 0.047108512020792796
0 0.0807748538011696 0.7896361273554255 0.03728070175438596 0.047758284600389854
0 0.9062905317769131 0.687058653984724 0.0567444876783398 0.0446750252197723
