0 0.6002604166666666 0.6921296296296297 0.0515625 0.09907407407407408
0 0.93828125 0.7069444444444445 0.049479166666666664 0.10833333333333334
0 0.8028645833333333 0.6824074074074075 0.04739583333333333 0.1
0 0.8286458333333333 0.8064814814814815 0.0625 0.06296296296296296
0 0.9479166666666666 0.8032407407407407 0.04375 0.05462962962962963
0 0.32057291666666665 0.8180555555555555 0.0671875 0.06018518518518518
0 0.6231770833333333 0.7782407407407408 0.03697916666666667 0.11203703703703703
0 0.03828125 0.5412037037037037 0.022395833333333334 0.11018518518518519
0 0.04296875 0.7652777777777777 0.0390625 0.058333333333333334
0 0.99140625 0.6527777777777778 0.016145833333333335 0.06296296296296296
0 0.6691093346253231 0.7823715188056274 0.048651485788113645 0.1306345104794717
