0 0.5236979166666667 0.3541666666666667 0.0671875 0.11944444444444445
0 0.9390625 0.5925925925925926 0.040625 0.13148148148148148
0 0.4393229166666667 0.8268518518518518 0.0453125 0.1
0 0.13203125 0.5578703703703703 0.0421875 0.13425925925925927
0 0.065625 0.5935185185185186 0.053125 0.08518518518518518
0 0.9861979166666667 0.5847222222222223 0.0265625 0.10833333333333334
0 0.19088541666666667 0.9587962962962963 0.07447916666666667 0.07685185185185185
0 0.8518229166666667 0.8175925925925925 0.04114583333333333 0.0962962962962963
0 0.7723958333333333 0.7824074074074074 0.06354166666666666 0.0962962962962963
0 0.9236979166666667 0.7685185185185185 0.0328125 0.1037037037037037
0 0.09036458333333333 0.7912037037037037 0.0234375 0.06759259259259259
0 0.04765625 0.10416666666666667 0.028645833333333332 0.10092592592592593
0 0.3424479166666667 0.7893518518518519 0.022395833333333334 0.11574074074074074
0 0.12083333333333333 0.8032407407407407 0.030208333333333334 0.058333333333333334
0 0.6924479166666667 0.8606481481481482 0.058854166666666666 0.03425925925925926
0 0.7552083333333334 0.8527777777777777 0.053125 0.04259259259259259
0 0.5174479166666667 0.03148148148148148 0.03177083333333333 0.06111111111111111
0 0.07022130350194553 0.8052313013402508 0.014794098573281445 0.03314598645337949
0 0.039544753086419755 0.7966190591462923 0.038012890341321715 0.050431695311869536
0 0.049246550472040664 0.7671669490841604 0.02292120551924474 0.038731541999515826
0 0.14595194962042787 0.8148339851238402 0.0318107315389924 0.046200444751169426
0 0.3615402621722846 0.795672076570953 0.02387640449438203 0.10528506034124013
