0 0.8294270833333334 0.8064814814814815 0.0578125 0.06481481481481481
0 0.66484375 0.7935185185185185 0.0640625 0.06481481481481481
0 0.9375 0.7055555555555556 0.046875 0.1111111111111111
0 0.027604166666666666 0.8236111111111111 0.05416666666666667 0.06759259259259259
0 0.5875 0.6518518518518519 0.04583333333333333 0.10555555555555556
0 0.79609375 0.6708333333333333 0.0578125 0.0824074074074074
0 0.7947916666666667 0.7666666666666667 0.05625 0.09259259259259259
0 0.2796875 0.8148148148148148 0.05416666666666667 0.05740740740740741
0 0.9786458333333333 0.6069444444444444 0.03854166666666667 0.07685185185185185
0 0.04348958333333333 0.7037037037037037 0.03697916666666667 0.0962962962962963
0 0.6760416666666667 0.7037037037037037 0.06354166666666666 0.06111111111111111
0 0.9453125 0.8074074074074075 0.034375 0.04259259259259259
0 0.040364583333333336 0.7787037037037037 0.03177083333333333 0.03148148148148148
