0 0.9091145833333333 0.6574074074074074 0.0484375 0.1
0 0.45807291666666666 0.7912037037037037 0.06614583333333333 0.08981481481481482
0 0.06067708333333333 0.7421296296296296 0.033854166666666664 0.09166666666666666
0 0.07395833333333333 0.8407407407407408 0.051041666666666666 0.09259259259259259
0 0.79140625 0.8287037037037037 0.0546875 0.07962962962962963
0 0.11276041666666667 0.8412037037037037 0.0359375 0.06944444444444445
0 0.03958333333333333 0.7930555555555555 0.042708333333333334 0.06944444444444445
0 0.1203125 0.6726851851851852 0.041666666666666664 0.09166666666666666
0 0.15104166666666666 0.825462962962963 0.041666666666666664 0.06944444444444445
0 0.09947916666666666 0.7208333333333333 0.04583333333333333 0.07685185185185185
0 0.8184895833333333 0.362962962962963 0.033854166666666664 0.17592592592592593
0 0.1179139842632332 0.48005086631696076 0.028835836909871244 0.11762835797170562
0 0.17782099427753933 0.6340406930535686 0.028835836909871244 0.09974566841519625
0 0.20967453505007153 0.763789540613575 0.03129470672389125 0.12239707518677476
0 0.21749821173104433 0.8144571610236847 0.028165236051502163 0.08384994436496579
0 0.8749105865522175 0.7564377682403433 0.055436337625178925 0.060801144492131594
