0 0.3801831723027375 0.40973340490248705 0.06491545893719805 0.12882447665056365
0 0.40496678743961356 0.7268742172123815 0.0712057165861514 0.06799069601001964
0 0.033841586151368765 0.6823671497584541 0.04201892109500805 0.11585256754338881
0 0.0744766505636071 0.7007067453927357 0.025664251207729468 0.10780103775272852
0 0.1125956119162641 0.8322150653068529 0.07976046698872787 0.0764895330112721
0 0.15650161030595816 0.790391841116479 0.040257648953301126 0.06620146716765074
0 0.1444243156199678 0.6626856324923958 0.038747987117552334 0.11316872427983544
0 0.17562399355877617 0.7094292359992843 0.029690016103059592 0.1395598497047772
0 0.9702093397745573 0.49226158525675445 0.046799516908212505 0.10064412238325283
0 0.9332226247987118 0.7054034711039543 0.05585748792270533 0.12256217570227237
0 0.8037691223832529 0.8259527643585616 0.07724436392914656 0.0747003041689032
0 0.8205012077294688 0.7505814993737701 0.05082528180354266 0.09393451422436933
0 0.5930454911433174 0.794417606011809 0.0618961352657004 0.11898371801753445
0 0.5526620370370371 0.6054303095365897 0.07321859903381647 0.10959026659509753
0 0.742879428341385 0.8053766326713188 0.06818639291465374 0.0827518339595635
0 0.10794082125603865 0.7816693505099304 0.04730273752012882 0.03981034174270887
