0 0.88203125 0.6240740740740741 0.06197916666666667 0.06296296296296296
0 0.9697916666666667 0.9050925925925926 0.059375 0.1175925925925926
0 0.8325520833333333 0.08935185185185185 0.06927083333333334 0.09722222222222222
0 0.9794270833333333 0.5277777777777778 0.04010416666666667 0.1037037037037037
0 0.60390625 0.44166666666666665 0.07239583333333334 0.11666666666666667
0 0.7075520833333333 0.8087962962962963 0.04114583333333333 0.08055555555555556
0 0.24791666666666667 0.8569444444444444 0.053125 0.08425925925925926
0 0.8067708333333333 0.4486111111111111 0.07395833333333333 0.12314814814814815
0 0.15807291666666667 0.5819444444444445 0.027604166666666666 0.13425925925925927
0 0.94140625 0.7180555555555556 0.0421875 0.10648148148148148
0 0.71328125 0.5046296296296297 0.0328125 0.12037037037037036
0 0.19479166666666667 0.8097222222222222 0.03229166666666667 0.05277777777777778
0 0.8868558114035087 0.6952972709551657 0.053316885964912214 0.10355750487329426
0 0.0851138178913738 0.7321618743343983 0.025792066027689027 0.08105549639095966
0 0.07829140042598509 0.807596734114306 0.051417731629392976 0.08105549639095966
