0 0.24609375 0.8550925925925926 0.05364583333333333 0.08425925925925926
0 0.8614583333333333 0.6393518518518518 0.057291666666666664 0.07314814814814814
0 0.6408854166666667 0.4074074074074074 0.0671875 0.11666666666666667
0 0.98125 0.5199074074074074 0.036458333333333336 0.10833333333333334
0 0.9403645833333333 0.7212962962962963 0.04010416666666667 0.11481481481481481
0 0.8013020833333333 0.43842592592592594 0.08177083333333333 0.10092592592592593
0 0.15911458333333334 0.5972222222222222 0.043229166666666666 0.11296296296296296
0 0.9830729166666666 0.8763888888888889 0.0328125 0.10092592592592593
0 0.184375 0.8175925925925925 0.04791666666666667 0.07222222222222222
0 0.08307291666666666 0.29444444444444445 0.009895833333333333 0.012962962962962963
0 0.8786458333333333 0.7333333333333333 0.03958333333333333 0.1111111111111111
0 0.7135416666666666 0.8101851851851852 0.036458333333333336 0.07777777777777778
0 0.08645833333333333 0.8805555555555555 0.052083333333333336 0.16111111111111112
0 0.8697916666666666 0.6925925925925925 0.03333333333333333 0.040740740740740744
0 0.06067708333333333 0.34675925925925927 0.025520833333333333 0.10833333333333334
0 0.12081103465851172 0.8109638690678447 0.0527204383282365 0.08041680824555444
0 0.8700810185185185 0.10305212620027435 0.07966820987654326 0.13065843621399179
