0 0.8807291666666667 0.6856481481481481 0.053125 0.11203703703703703
0 0.05755208333333333 0.8550925925925926 0.06822916666666666 0.0787037037037037
0 0.12135416666666667 0.48009259259259257 0.051041666666666666 0.11388888888888889
0 0.14661458333333333 0.5675925925925925 0.0453125 0.09074074074074075
0 0.2359375 0.937037037037037 0.06979166666666667 0.10185185185185185
0 0.9283854166666666 0.6351851851851852 0.044270833333333336 0.13148148148148148
0 0.6526041666666667 0.7731481481481481 0.058333333333333334 0.08518518518518518
0 0.75234375 0.7157407407407408 0.0515625 0.10925925925925926
0 0.08645833333333333 0.712037037037037 0.03229166666666667 0.09259259259259259
0 0.02890625 0.6268518518518519 0.05364583333333333 0.0962962962962963
0 0.16432291666666668 0.6944444444444444 0.0328125 0.10185185185185185
0 0.19947916666666668 0.8314814814814815 0.040625 0.06111111111111111
0 0.1859375 0.624537037037037 0.05 0.09166666666666666
0 0.9145833333333333 0.8291666666666667 0.058333333333333334 0.05648148148148148
0 0.09192708333333334 0.8078703703703703 0.05572916666666667 0.049074074074074076
0 0.6986979166666667 0.8662037037037037 0.0390625 0.025
0 0.042708333333333334 0.788425925925926 0.04479166666666667 0.05462962962962963
0 0.4381065930388219 0.7031831027814963 0.047063253012048216 0.13238137736129701
0 0.4358057228915662 0.8318459021270266 0.03409471218206157 0.0877584411720958
0 0.40537148594377503 0.8390971292577717 0.0225903614457831 0.06804997768853191
0 0.8224364657210402 0.7136524822695035 0.055038416075650076 0.08635408458103494
