0 0.061197916666666664 0.6425925925925926 0.0515625 0.08518518518518518
0 0.8192708333333333 0.5101851851851852 0.058333333333333334 0.13148148148148148
0 0.22708333333333333 0.8740740740740741 0.07291666666666667 0.08333333333333333
0 0.9408854166666667 0.7092592592592593 0.043229166666666666 0.10925925925925926
0 0.9807291666666667 0.4166666666666667 0.0375 0.0962962962962963
0 0.9658854166666667 0.8055555555555556 0.058854166666666666 0.07592592592592592
0 0.05260416666666667 0.7342592592592593 0.03958333333333333 0.09814814814814815
0 0.11354166666666667 0.6703703703703704 0.025 0.10925925925925926
0 0.8911458333333333 0.3277777777777778 0.06354166666666666 0.06481481481481481
0 0.9346354166666667 0.39675925925925926 0.04010416666666667 0.125
0 0.84296875 0.3685185185185185 0.0546875 0.10740740740740741
0 0.10755208333333334 0.44305555555555554 0.04114583333333333 0.1175925925925926
0 0.35651041666666666 0.6736111111111112 0.0484375 0.09351851851851851
0 0.014583333333333334 0.799537037037037 0.028125 0.06574074074074074
0 0.017447916666666667 0.47824074074074074 0.033854166666666664 0.09351851851851851
