0 0.7692708333333333 0.7861111111111111 0.06145833333333333 0.08518518518518518
0 0.09661458333333334 0.9412037037037037 0.0828125 0.08981481481481482
0 0.30442708333333335 0.8523148148148149 0.06927083333333334 0.08611111111111111
0 0.035416666666666666 0.6597222222222222 0.04375 0.09537037037037037
0 0.79765625 0.537962962962963 0.0359375 0.1111111111111111
0 0.1890625 0.8462962962962963 0.0625 0.08148148148148149
0 0.9283854166666666 0.7708333333333334 0.050520833333333334 0.0824074074074074
0 0.042708333333333334 0.5847222222222223 0.04375 0.09537037037037037
0 0.7559895833333333 0.850462962962963 0.058854166666666666 0.04537037037037037
0 0.37395833333333334 0.774537037037037 0.05520833333333333 0.11018518518518519
0 0.93671875 0.5907407407407408 0.0640625 0.12962962962962962
0 0.83984375 0.7435185185185185 0.04635416666666667 0.10925925925925926
0 0.04010416666666667 0.7967592592592593 0.042708333333333334 0.05277777777777778
0 0.07630208333333334 0.8013888888888889 0.0234375 0.04351851851851852
0 0.7354166666666667 0.37453703703703706 0.03958333333333333 0.1675925925925926
0 0.425 0.8052076794308434 0.025 0.10856350700983468
0 0.13322603719599427 0.5613177555237641 0.02816523605150215 0.10848831664282314
0 0.03531831187410586 0.7417342234938801 0.03487124463519313 0.07192815132729291
0 0.9877795815295815 0.5415263748597082 0.018939393939393884 0.11544011544011541
