0 0.539660290237467 0.545538942636568 0.09344766930518904 0.12997166031466822
0 0.6091276385224274 0.557510016612919 0.054831794195250555 0.12899442978598652
0 0.7155617854001759 0.6619515293657774 0.06843667546174145 0.08575197889182054
0 0.693848944591029 0.7762875012215381 0.07668205804749348 0.10089905208638712
0 0.8158806068601583 0.7539333528779438 0.05744283201407209 0.10602951236196616
0 0.8560768469656992 0.727792436235708 0.055381486367634146 0.09234828496042216
0 0.8780645338610378 0.80865826248412 0.037791336851363155 0.07182644385810612
0 0.9324840589270008 0.8291801035864361 0.07077286719437113 0.09039382390305872
0 0.9363319041336851 0.7097136714550962 0.05400725593667547 0.12264243134955533
0 0.9234141380826737 0.6471709176194664 0.04081464379947235 0.11531320238444251
0 0.9850490600263853 0.49741033909899346 0.028860213280562874 0.12313104661389623
0 0.9634729551451187 0.3221196130167106 0.0615655233069481 0.11897781686699892
0 0.7934253246753247 0.6249570535284822 0.04444959802102654 0.12574726860441146
0 0.07311698717948717 0.8102789023841654 0.05872553981106612 0.07497375918428556
0 0.09594298245614036 0.7875993402309192 0.05166160593792172 0.0760983655720498
0 0.06520959851551957 0.717967461388514 0.02330043859649123 0.10140200929674616
0 0.22393563907044298 0.7040264665536997 0.04482116920842412 0.12507060437343662
