0 0.06979166666666667 0.5356481481481481 0.046875 0.09537037037037037
0 0.1703125 0.49444444444444446 0.051041666666666666 0.09074074074074075
0 0.3684895833333333 0.9111111111111111 0.06614583333333333 0.08518518518518518
0 0.06875 0.8185185185185185 0.057291666666666664 0.07777777777777778
0 0.15078125 0.6819444444444445 0.04635416666666667 0.09166666666666666
0 0.21380208333333334 0.775 0.0328125 0.09259259259259259
0 0.14739583333333334 0.7685185185185185 0.057291666666666664 0.07592592592592592
0 0.1625 0.5981481481481481 0.058333333333333334 0.08148148148148149
0 0.5033854166666667 0.8421296296296297 0.06822916666666666 0.075
0 0.08619791666666667 0.7490740740740741 0.028645833333333332 0.08518518518518518
0 0.5604166666666667 0.8087962962962963 0.03333333333333333 0.08055555555555556
0 0.05130208333333333 0.7194444444444444 0.0328125 0.09814814814814815
0 0.1296875 0.48657407407407405 0.04375 0.10092592592592593
0 0.6153645833333333 0.8092592592592592 0.0265625 0.08518518518518518
0 0.023177083333333334 0.7509259259259259 0.043229166666666666 0.07592592592592592
0 0.8697916666666666 0.7712962962962963 0.03958333333333333 0.10740740740740741
0 0.5059895833333333 0.7620370370370371 0.027604166666666666 0.09444444444444444
0 0.353125 0.8226851851851852 0.05520833333333333 0.041666666666666664
0 0.1093086518046709 0.3514979948100967 0.029524946921443748 0.10379806558150503
0 0.8913880042462845 0.8070889360698278 0.024548832271762203 0.04187308327435715
