0 0.18671875 0.5111111111111111 0.05260416666666667 0.09814814814814815
0 0.039322916666666666 0.6263888888888889 0.03697916666666667 0.0787037037037037
0 0.12890625 0.48148148148148145 0.0453125 0.09259259259259259
0 0.05390625 0.7152777777777778 0.044270833333333336 0.08611111111111111
0 0.52421875 0.8013888888888889 0.06510416666666667 0.06018518518518518
0 0.228125 0.5342592592592592 0.046875 0.08148148148148149
0 0.21822916666666667 0.7143518518518519 0.05520833333333333 0.0824074074074074
0 0.35546875 0.9064814814814814 0.07447916666666667 0.0962962962962963
0 0.5518229166666667 0.5662037037037037 0.06822916666666666 0.07685185185185185
0 0.5505208333333333 0.4638888888888889 0.08125 0.10185185185185185
0 0.7606770833333333 0.6680555555555555 0.049479166666666664 0.11944444444444445
0 0.6333333333333333 0.687037037037037 0.05 0.1259259259259259
0 0.7140625 0.6472222222222223 0.036458333333333336 0.12407407407407407
0 0.6049479166666667 0.5967592592592592 0.0703125 0.05462962962962963
0 0.20260416666666667 0.8560185185185185 0.04479166666666667 0.10648148148148148
0 0.015885416666666666 0.8046296296296296 0.030729166666666665 0.05925925925925926
0 0.016145833333333335 0.7662037037037037 0.03125 0.1287037037037037
0 0.015885416666666666 0.7453703703703703 0.028645833333333332 0.07222222222222222
0 0.13607687793427234 0.7198748043818466 0.0278755868544601 0.11085028690662495
0 0.1601012323943662 0.8124673969744393 0.04951584507042253 0.02738654147104853
0 0.26115023474178406 0.5532733437663016 0.03374413145539907 0.093244653103808
0 0.2610294117647059 0.9489651416122006 0.08455882352941177 0.05446623093681911
0 0.014960106382978722 0.5705772261623325 0.02548758865248227 0.06353427895981091
