0 0.5036458333333333 0.8407407407407408 0.06979166666666667 0.07962962962962963
0 0.36875 0.9101851851851852 0.06145833333333333 0.08703703703703704
0 0.17630208333333333 0.500462962962963 0.05260416666666667 0.09722222222222222
0 0.21223958333333334 0.7722222222222223 0.0328125 0.09074074074074075
0 0.15651041666666668 0.6944444444444444 0.0515625 0.09259259259259259
0 0.08046875 0.8143518518518519 0.06197916666666667 0.075
0 0.07213541666666666 0.5472222222222223 0.0421875 0.08888888888888889
0 0.16302083333333334 0.7814814814814814 0.057291666666666664 0.07777777777777778
0 0.55703125 0.8032407407407407 0.03802083333333333 0.08981481481481482
0 0.11145833333333334 0.34305555555555556 0.04583333333333333 0.11388888888888889
0 0.08802083333333334 0.7449074074074075 0.036458333333333336 0.07314814814814814
0 0.50703125 0.7402777777777778 0.0359375 0.10648148148148148
0 0.1328125 0.4949074074074074 0.036458333333333336 0.10462962962962963
0 0.6182291666666667 0.8138888888888889 0.025 0.07592592592592592
0 0.01953125 0.7490740740740741 0.033854166666666664 0.08518518518518518
0 0.8934895833333333 0.8004629629629629 0.028645833333333332 0.058333333333333334
0 0.8661458333333333 0.7833333333333333 0.03854166666666667 0.1
0 0.34270833333333334 0.8157407407407408 0.040625 0.05925925925925926
0 0.05059049893842887 0.7348431233781553 0.021563163481953293 0.10261854210898796
0 0.17482749469214434 0.5930054258079736 0.06037685774946923 0.05130927105449393
