0 0.91953125 0.0875 0.06822916666666666 0.10462962962962963
0 0.9408854166666667 0.7166666666666667 0.0421875 0.1111111111111111
0 0.17682291666666666 0.9023148148148148 0.0453125 0.09166666666666666
0 0.978125 0.3388888888888889 0.042708333333333334 0.07962962962962963
0 0.46119791666666665 0.44305555555555554 0.04739583333333333 0.1398148148148148
0 0.24791666666666667 0.8495370370370371 0.05 0.09351851851851851
0 0.2786458333333333 0.5912037037037037 0.078125 0.06018518518518518
0 0.8385416666666666 0.6615740740740741 0.04791666666666667 0.125
0 0.82890625 0.46620370370370373 0.06822916666666666 0.12314814814814815
0 0.12994791666666666 0.625 0.0578125 0.07777777777777778
0 0.7145833333333333 0.8208333333333333 0.04479166666666667 0.05277777777777778
0 0.045572916666666664 0.749537037037037 0.0421875 0.09722222222222222
0 0.13645833333333332 0.7305555555555555 0.03125 0.1037037037037037
0 0.22257486979166666 0.5541087962962963 0.048014322916666664 0.1350308641975309
0 0.7809436274509804 0.30446623093681924 0.08455882352941184 0.09912854030501089
