0 0.21201847484276728 0.8407582110412298 0.057488207547169816 0.08560447239692527
0 0.278719536163522 0.692479035639413 0.05183765723270441 0.11574074074074074
0 0.11036245353159853 0.7288654825829547 0.03330235439900867 0.10842627013630737
0 0.14521375464684014 0.6429849924273715 0.04840458488228004 0.11290100509431364
0 0.02836508674101611 0.639370783422828 0.03659386617100372 0.11255679471292852
0 0.051986524163568776 0.5774129147735095 0.04975991325898389 0.1008536417458351
0 0.8331404320987654 0.6752400548696845 0.0574845679012346 0.12825788751714673
0 0.9373070987654321 0.7050754458161866 0.04783950617283945 0.11522633744855969
0 0.8804976851851851 0.654835390946502 0.039158950617283965 0.08333333333333333
0 0.9556327160493827 0.8563100137174211 0.07060185185185179 0.09670781893004117
0 0.9861111111111109 0.6430041152263374 0.025462962962962975 0.09807956104252405
