0 0.26614583333333336 0.85 0.06979166666666667 0.08333333333333333
0 0.32578125 0.9282407407407407 0.0765625 0.09537037037037037
0 0.80703125 0.7939814814814815 0.0484375 0.09351851851851851
0 0.8276041666666667 0.4703703703703704 0.046875 0.12222222222222222
0 0.01875 0.6513888888888889 0.034375 0.09166666666666666
0 0.80546875 0.3365740740740741 0.059895833333333336 0.09537037037037037
0 0.9528645833333333 0.2199074074074074 0.04635416666666667 0.12314814814814815
0 0.9416666666666667 0.7138888888888889 0.041666666666666664 0.12222222222222222
0 0.07890625 0.3958333333333333 0.0453125 0.10462962962962963
0 0.11536458333333334 0.6462962962962963 0.034895833333333334 0.0962962962962963
0 0.97890625 0.8157407407407408 0.04114583333333333 0.06666666666666667
0 0.9135416666666667 0.2935185185185185 0.065625 0.09814814814814815
0 0.14114583333333333 0.8037037037037037 0.046875 0.09259259259259259
0 0.061197916666666664 0.6111111111111112 0.030729166666666665 0.10925925925925926
0 0.9877604166666667 0.41388888888888886 0.0234375 0.044444444444444446
0 0.08463541666666667 0.7865740740740741 0.049479166666666664 0.04351851851851852
0 0.9927083333333333 0.7412037037037037 0.0125 0.08055555555555556
