0 0.10104166666666667 0.850925925925926 0.06458333333333334 0.07407407407407407
0 0.9497395833333333 0.8138888888888889 0.059895833333333336 0.07962962962962963
0 0.94765625 0.5893518518518519 0.0390625 0.1287037037037037
0 0.9427083333333334 0.711574074074074 0.04375 0.10462962962962963
0 0.9260416666666667 0.33564814814814814 0.052083333333333336 0.11203703703703703
0 0.10208333333333333 0.7143518518518519 0.04791666666666667 0.10462962962962963
0 0.05807291666666667 0.6310185185185185 0.03802083333333333 0.11203703703703703
0 0.7020833333333333 0.7944444444444444 0.03333333333333333 0.10740740740740741
0 0.07447916666666667 0.8208333333333333 0.0 0.000925925925925926
0 0.7893229166666667 0.5768518518518518 0.050520833333333334 0.13148148148148148
0 0.009895833333333333 0.8134259259259259 0.019791666666666666 0.03796296296296296
0 0.84921875 0.34120370370370373 0.0640625 0.11203703703703703
0 0.5552083333333333 0.09722222222222222 0.053125 0.08888888888888889
0 0.8718550319488817 0.4341202224588806 0.034112087326943555 0.12513312034078808
0 0.07608695652173912 0.8064949006977992 0.05163043478260869 0.069243156199678
