0 0.15390625 0.8486111111111111 0.058854166666666666 0.08425925925925926
0 0.1328125 0.5550925925925926 0.06875 0.0712962962962963
0 0.79140625 0.8425925925925926 0.0546875 0.05925925925925926
0 0.7677083333333333 0.787962962962963 0.058333333333333334 0.05185185185185185
0 0.7708333333333334 0.7064814814814815 0.059375 0.08518518518518518
0 0.9104166666666667 0.6435185185185185 0.04479166666666667 0.11296296296296296
0 0.38958333333333334 0.7347222222222223 0.059375 0.08425925925925926
0 0.36666666666666664 0.8273148148148148 0.04375 0.0787037037037037
0 0.26614583333333336 0.7185185185185186 0.059375 0.08888888888888889
0 0.8203125 0.7356481481481482 0.04479166666666667 0.09351851851851851
0 0.03229166666666667 0.44166666666666665 0.03958333333333333 0.11296296296296296
0 0.15572916666666667 0.7560185185185185 0.0375 0.08796296296296297
0 0.06822916666666666 0.7962962962962963 0.029166666666666667 0.053703703703703705
0 0.10651041666666666 0.8180555555555555 0.027604166666666666 0.03981481481481482
0 0.26927083333333335 0.8347222222222223 0.04479166666666667 0.05092592592592592
0 0.026822916666666665 0.4398148148148148 0.0234375 0.10555555555555556
0 0.1262514723203769 0.7485931160842823 0.02944640753828033 0.11189634864546526
0 0.04129129129129129 0.809837615393171 0.026901901901901896 0.09537315092870645
