0 0.8236979166666667 0.7199074074074074 0.06302083333333333 0.09907407407407408
0 0.2296875 0.9412037037037037 0.057291666666666664 0.09537037037037037
0 0.14739583333333334 0.5685185185185185 0.04375 0.09074074074074075
0 0.028385416666666666 0.6310185185185185 0.05260416666666667 0.08611111111111111
0 0.88828125 0.6666666666666666 0.05260416666666667 0.1111111111111111
0 0.06875 0.8574074074074074 0.07291666666666667 0.08703703703703704
0 0.19973958333333333 0.8324074074074074 0.034895833333333334 0.06481481481481481
0 0.19166666666666668 0.6287037037037037 0.057291666666666664 0.09444444444444444
0 0.1640625 0.6939814814814815 0.03854166666666667 0.10277777777777777
0 0.6528645833333333 0.8009259259259259 0.0546875 0.0962962962962963
0 0.0859375 0.7027777777777777 0.028125 0.0962962962962963
0 0.9309895833333334 0.6388888888888888 0.0421875 0.1259259259259259
0 0.09036458333333333 0.7986111111111112 0.059895833333333336 0.04537037037037037
0 0.9169270833333333 0.8291666666666667 0.06197916666666667 0.05648148148148148
0 0.03854166666666667 0.7925925925925926 0.042708333333333334 0.05555555555555555
0 0.7036458333333333 0.8671296296296296 0.042708333333333334 0.021296296296296296
0 0.11711932809773122 0.47217374442505333 0.04335732984293193 0.0969555943377933
0 0.4351963141025641 0.8317010921177588 0.03505608974358972 0.08636039886039881
0 0.5157632743362831 0.6559324811537199 0.04747418879056049 0.14011799410029496
0 0.7619017737617135 0.7189870593485052 0.04036981258366801 0.10821062025881308
