0 0.4466145833333333 0.8037037037037037 0.04739583333333333 0.08703703703703704
0 0.44296875 0.9356481481481481 0.0796875 0.08611111111111111
0 0.8989583333333333 0.7726851851851851 0.053125 0.11388888888888889
0 0.1375 0.8199074074074074 0.058333333333333334 0.07685185185185185
0 0.28125 0.6458333333333334 0.05416666666666667 0.10277777777777777
0 0.026041666666666668 0.6398148148148148 0.046875 0.08333333333333333
0 0.5908854166666667 0.9412037037037037 0.0796875 0.08611111111111111
0 0.7161458333333334 0.7027777777777777 0.035416666666666666 0.10925925925925926
0 0.890625 0.5967592592592592 0.05520833333333333 0.08611111111111111
0 0.07109375 0.8305555555555556 0.0546875 0.07037037037037037
0 0.3997395833333333 0.8587962962962963 0.06302083333333333 0.04722222222222222
0 0.634375 0.45740740740740743 0.034375 0.1425925925925926
0 0.04635416666666667 0.7893518518518519 0.05625 0.04537037037037037
0 0.24895833333333334 0.8083333333333333 0.042708333333333334 0.07962962962962963
0 0.81953125 0.624537037037037 0.04114583333333333 0.13240740740740742
0 0.08541666666666667 0.750462962962963 0.03125 0.0787037037037037
0 0.9471354166666667 0.6648148148148149 0.049479166666666664 0.12037037037037036
0 0.49765625 0.7685185185185185 0.04739583333333333 0.07222222222222222
0 0.33880208333333334 0.725462962962963 0.0359375 0.11944444444444445
0 0.08984375 0.5976851851851852 0.030729166666666665 0.10462962962962963
0 0.20733173076923078 0.783179012345679 0.03438835470085471 0.10505698005698005
