0 0.13984375 0.5 0.04635416666666667 0.11851851851851852
0 0.68359375 0.8134259259259259 0.06927083333333334 0.0712962962962963
0 0.03671875 0.8430555555555556 0.059895833333333336 0.075
0 0.9377604166666667 0.7078703703703704 0.0453125 0.10833333333333334
0 0.34427083333333336 0.8273148148148148 0.058333333333333334 0.08796296296296297
0 0.9299479166666667 0.8134259259259259 0.07447916666666667 0.075
0 0.81015625 0.6930555555555555 0.05677083333333333 0.09907407407407408
0 0.012760416666666666 0.4597222222222222 0.024479166666666666 0.062037037037037036
0 0.765625 0.38287037037037036 0.03333333333333333 0.1175925925925926
0 0.40182291666666664 0.8324074074074074 0.05677083333333333 0.03148148148148148
0 0.959375 0.8 0.021875 0.04814814814814815
0 0.018229166666666668 0.7449074074074075 0.035416666666666666 0.0824074074074074
0 0.18373583780560526 0.7616941628569536 0.04789057841383423 0.11412575366063743
