0 0.9033854166666667 0.8231481481481482 0.0484375 0.07407407407407407
0 0.9072916666666667 0.6675925925925926 0.04479166666666667 0.09814814814814815
0 0.9169270833333333 0.7351851851851852 0.04635416666666667 0.08148148148148149
0 0.46197916666666666 0.8083333333333333 0.057291666666666664 0.0962962962962963
0 0.21796875 0.8009259259259259 0.033854166666666664 0.09444444444444444
0 0.03463541666666667 0.5087962962962963 0.028645833333333332 0.14722222222222223
0 0.06302083333333333 0.7106481481481481 0.051041666666666666 0.09166666666666666
0 0.11927083333333334 0.674537037037037 0.029166666666666667 0.09722222222222222
0 0.10130208333333333 0.8388888888888889 0.05677083333333333 0.07222222222222222
0 0.13463541666666667 0.8138888888888889 0.022395833333333334 0.05
0 0.10390625 0.7893518518518519 0.0234375 0.032407407407407406
0 0.08449570815450642 0.30301223970751867 0.0469420600858369 0.04967413765697028
0 0.03319474248927038 0.7882292163408043 0.033753576537911306 0.0433158480368781
0 0.05990701001430614 0.8059132093466856 0.020118025751072962 0.06437768240343347
0 0.18575643776824033 0.6566920998251471 0.025929899856938478 0.12597361309807664
0 0.16843258226037197 0.6880861548243523 0.01363555078683835 0.07033857892226986
