0 0.5341145833333333 0.6685185185185185 0.043229166666666666 0.11481481481481481
0 0.46119791666666665 0.9291666666666667 0.09010416666666667 0.10092592592592593
0 0.13151041666666666 0.6319444444444444 0.0609375 0.06944444444444445
0 0.3216145833333333 0.9106481481481481 0.0703125 0.09351851851851851
0 0.6130208333333333 0.5504629629629629 0.059375 0.14351851851851852
0 0.10416666666666667 0.7939814814814815 0.057291666666666664 0.06759259259259259
0 0.1625 0.5254629629629629 0.058333333333333334 0.05277777777777778
0 0.22630208333333332 0.5092592592592593 0.034895833333333334 0.11296296296296296
0 0.5684895833333333 0.7949074074074074 0.06197916666666667 0.05462962962962963
0 0.18723958333333332 0.5560185185185185 0.0484375 0.08055555555555556
0 0.18125 0.45740740740740743 0.06145833333333333 0.06481481481481481
0 0.07213541666666666 0.6314814814814815 0.0484375 0.06666666666666667
0 0.4744791666666667 0.6611111111111111 0.07083333333333333 0.10185185185185185
0 0.56953125 0.7157407407407408 0.05677083333333333 0.05925925925925926
0 0.85234375 0.6013888888888889 0.06510416666666667 0.0712962962962963
0 0.054427083333333334 0.7106481481481481 0.03177083333333333 0.08981481481481482
0 0.51015625 0.8268518518518518 0.028645833333333332 0.046296296296296294
0 0.0140625 0.7921296296296296 0.027083333333333334 0.0824074074074074
0 0.9802083333333333 0.6944444444444444 0.036458333333333336 0.06296296296296296
0 0.409375 0.6662037037037037 0.065625 0.06759259259259259
0 0.31145833333333334 0.8138888888888889 0.028125 0.04259259259259259
0 0.014583333333333334 0.7041666666666667 0.027083333333333334 0.06574074074074074
0 0.66328125 0.562962962962963 0.0578125 0.05185185185185185
0 0.65625 0.8166666666666667 0.057291666666666664 0.06666666666666667
0 0.4121826710816777 0.7499386804022566 0.042770419426048534 0.07971547706647039
0 0.2209230132450331 0.8149374540103017 0.06519039735099336 0.05273485405935734
0 0.1641832229580574 0.8066593083149374 0.04346026490066223 0.03372577875889133
0 0.5598958333333334 0.5081569664902998 0.04290674603174598 0.12654320987654316
