0 0.44088541666666664 0.7166666666666667 0.0453125 0.11296296296296296
0 0.17473958333333334 0.6449074074074074 0.04010416666666667 0.10462962962962963
0 0.34270833333333334 0.9208333333333333 0.08020833333333334 0.08796296296296297
0 0.62265625 0.6453703703703704 0.059895833333333336 0.10555555555555556
0 0.196875 0.4925925925925926 0.059375 0.1111111111111111
0 0.48515625 0.7708333333333334 0.06927083333333334 0.08796296296296297
0 0.1046875 0.8231481481481482 0.04895833333333333 0.06296296296296296
0 0.6869791666666667 0.6189814814814815 0.029166666666666667 0.10833333333333334
0 0.3419270833333333 0.736574074074074 0.06822916666666666 0.062037037037037036
0 0.31640625 0.6203703703703703 0.06614583333333333 0.06851851851851852
0 0.30572916666666666 0.5185185185185185 0.040625 0.12962962962962962
0 0.30520833333333336 0.6861111111111111 0.058333333333333334 0.05740740740740741
0 0.7234375 0.8462962962962963 0.06354166666666666 0.08333333333333333
0 0.10338541666666666 0.7143518518518519 0.034895833333333334 0.09537037037037037
0 0.9260416666666667 0.6967592592592593 0.05416666666666667 0.08796296296296297
0 0.09375 0.6041666666666666 0.027083333333333334 0.09907407407407408
0 0.22942708333333334 0.8004629629629629 0.0515625 0.05277777777777778
0 0.8908854166666667 0.6083333333333333 0.03802083333333333 0.07592592592592592
0 0.17942708333333332 0.35138888888888886 0.05572916666666667 0.0824074074074074
0 0.6375 0.8300925925925926 0.03333333333333333 0.04722222222222222
0 0.2911458333333333 0.8171296296296297 0.07291666666666667 0.06759259259259259
0 0.023177083333333334 0.7166666666666667 0.04010416666666667 0.06296296296296296
0 0.028645833333333332 0.7833333333333333 0.03854166666666667 0.06666666666666667
0 0.06510416666666667 0.7611111111111111 0.04375 0.07777777777777778
0 0.14817708333333332 0.7893518518518519 0.021354166666666667 0.05462962962962963
0 0.6614583333333334 0.5648148148148148 0.06458333333333334 0.05555555555555555
0 0.13275588768115942 0.5535426731078905 0.04528985507246377 0.06441223832528183
