0 0.6875 0.48194444444444445 0.06145833333333333 0.10833333333333334
0 0.74609375 0.42268518518518516 0.06822916666666666 0.09537037037037037
0 0.3606770833333333 0.9078703703703703 0.07135416666666666 0.09166666666666666
0 0.0984375 0.6907407407407408 0.053125 0.1
0 0.14713541666666666 0.5606481481481481 0.0640625 0.06574074074074074
0 0.8713541666666667 0.7921296296296296 0.04479166666666667 0.0787037037037037
0 0.059375 0.8393518518518519 0.052083333333333336 0.08425925925925926
0 0.15208333333333332 0.4398148148148148 0.057291666666666664 0.08703703703703704
0 0.36276041666666664 0.649074074074074 0.06197916666666667 0.07777777777777778
0 0.31197916666666664 0.5875 0.06354166666666666 0.10462962962962963
0 0.06692708333333333 0.41759259259259257 0.033854166666666664 0.10925925925925926
0 0.26588541666666665 0.6393518518518518 0.058854166666666666 0.09166666666666666
0 0.10234375 0.4310185185185185 0.0265625 0.11388888888888889
0 0.11432291666666666 0.8578703703703704 0.06614583333333333 0.10092592592592593
0 0.6309895833333333 0.6106481481481482 0.034895833333333334 0.1175925925925926
0 0.7091145833333333 0.6064814814814815 0.06197916666666667 0.09074074074074075
0 0.9302083333333333 0.8064814814814815 0.03854166666666667 0.040740740740740744
0 0.022916666666666665 0.7240740740740741 0.03854166666666667 0.07407407407407407
0 0.96328125 0.43657407407407406 0.03802083333333333 0.12314814814814815
0 0.03274546204620462 0.6247708104143747 0.04073844884488449 0.09809314264759811
0 0.28155940594059403 0.7842867620095342 0.02681518151815183 0.10359369270260352
0 0.04764020537124803 0.5285676671932596 0.028139810426540287 0.10224679655959285
