0 0.9747395833333333 0.5902777777777778 0.04739583333333333 0.06944444444444445
0 0.9848958333333333 0.42916666666666664 0.029166666666666667 0.10648148148148148
0 0.08411458333333334 0.861574074074074 0.06927083333333334 0.075
0 0.2640625 0.6787037037037037 0.051041666666666666 0.09814814814814815
0 0.9075520833333334 0.6782407407407407 0.05572916666666667 0.08055555555555556
0 0.8377604166666667 0.7981481481481482 0.0546875 0.1
0 0.6755208333333333 0.8643518518518518 0.029166666666666667 0.030555555555555555
0 0.49375 0.8629629629629629 0.029166666666666667 0.027777777777777776
0 0.06186969214437368 0.3223047888652984 0.030188428874734607 0.10674687426279782
0 0.08455194978632478 0.812707739791073 0.03956330128205129 0.032941595441595355
0 0.03889556623931624 0.7966820987654321 0.03806089743589743 0.04125118708452036
0 0.23237179487179485 0.8187915479582146 0.02704326923076922 0.06113485280151944
0 0.9636650868878358 0.678427242408285 0.0464060031595577 0.07460066701772855
