0 0.896875 0.6777777777777778 0.05625 0.07962962962962963
0 0.26145833333333335 0.8546296296296296 0.05625 0.08333333333333333
0 0.63984375 0.8361111111111111 0.0609375 0.08518518518518518
0 0.8497395833333333 0.6050925925925926 0.0578125 0.10277777777777777
0 0.7877604166666666 0.8472222222222222 0.0265625 0.05
0 0.9169270833333333 0.4740740740740741 0.06197916666666667 0.08888888888888889
0 0.09947916666666666 0.5333333333333333 0.057291666666666664 0.10740740740740741
0 0.125 0.7236111111111111 0.040625 0.10092592592592593
0 0.053385416666666664 0.5652777777777778 0.04739583333333333 0.08611111111111111
0 0.26067708333333334 0.7458333333333333 0.0328125 0.11574074074074074
0 0.95703125 0.8236111111111111 0.0296875 0.05277777777777778
0 0.07473958333333333 0.7129629629629629 0.04739583333333333 0.05555555555555555
0 0.20755208333333333 0.749537037037037 0.030729166666666665 0.09166666666666666
0 0.9528645833333333 0.5666666666666667 0.05572916666666667 0.10925925925925926
0 0.021875 0.6592592592592592 0.041666666666666664 0.08333333333333333
0 0.08177083333333333 0.8027777777777778 0.026041666666666668 0.06666666666666667
0 0.10208333333333333 0.7680555555555556 0.029166666666666667 0.05092592592592592
0 0.971875 0.7777777777777778 0.042708333333333334 0.07962962962962963
0 0.8453125 0.8425925925925926 0.027083333333333334 0.046296296296296294
0 0.08880208333333334 0.39861111111111114 0.033854166666666664 0.12314814814814815
0 0.73984375 0.8583333333333333 0.028645833333333332 0.03148148148148148
0 0.059317129629629636 0.7577556188667299 0.023370726495726506 0.06172839506172836
0 0.04039797008547009 0.7939616967394746 0.04162215099715099 0.047087685976574825
0 0.1658780809859155 0.7395996348461138 0.0339275234741784 0.10074334898278565
0 0.7222465034965035 0.6290468790468792 0.03860722610722611 0.1392126392126392
0 0.6095206876456877 0.5254467754467755 0.06738053613053623 0.05892255892255891
