0 0.2841435185185185 0.6558641975308641 0.06905864197530866 0.0949931412894376
0 0.29320987654320985 0.45816186556927296 0.06327160493827162 0.11659807956104247
0 0.15075231481481483 0.10099451303155008 0.03144290123456791 0.13477366255144033
0 0.11940586419753085 0.8016117969821672 0.047067901234567895 0.07510288065843619
0 0.0853587962962963 0.7860082304526749 0.05111882716049383 0.06104252400548702
0 0.07339891975308642 0.7371399176954733 0.0318287037037037 0.07167352537722907
0 0.1798804012345679 0.6781550068587106 0.044945987654320965 0.11076817558299044
0 0.93383487654321 0.7151920438957475 0.05671296296296298 0.1224279835390946
0 0.8372878086419753 0.7503429355281207 0.052276234567901154 0.1049382716049382
0 0.7482638888888888 0.8225308641975307 0.07214506172839504 0.05452674897119344
0 0.5481264302059495 0.6008983812187474 0.06245232646834478 0.10000847529451647
0 0.9648526887871853 0.5040681413679126 0.038496376811594145 0.12162047631155175
