0 0.6695449561403508 0.6694688109161792 0.0657894736842105 0.10761858349577645
0 0.6317388523391813 0.564083820662768 0.07606907894736838 0.11289798570500324
0 0.7287097953216374 0.6627680311890837 0.052083333333333336 0.12264457439896033
0 0.785361842105263 0.6538336582196231 0.05710891812865491 0.09584145549057828
0 0.8107182017543858 0.7318063677712799 0.05482456140350879 0.10721247563352826
0 0.8503517909356724 0.7334307992202728 0.05322551169590651 0.10233918128654967
0 0.7180875365497076 0.8388157894736841 0.0760690789473685 0.0889376218323586
0 0.8880436769005847 0.8140432098765431 0.04271747076023402 0.08081546458739432
0 0.9345303362573099 0.7084551656920077 0.05071271929824566 0.11411630929174794
0 0.9701663011695906 0.4885477582846003 0.058479532163742694 0.10071474983755688
0 0.8125456871345028 0.33138401559454184 0.06944444444444452 0.12183235867446393
0 0.09537189327485379 0.7833820662768031 0.05413925438596491 0.058479532163742666
0 0.046258223684210516 0.7762751786874593 0.04728618421052631 0.048326835607537394
0 0.318781980994152 0.7175925925925924 0.06510416666666667 0.09909031838856398
0 0.42523300438596484 0.7385071474983754 0.06784539473684206 0.08243989603638732
0 0.4031968390804598 0.6754647367674187 0.06325830140485315 0.07946643961969631
0 0.4169659961685824 0.8393642684830425 0.07203863346104722 0.10784731091244495
0 0.46296296296296297 0.7953739179792819 0.06305874840357599 0.07520930892578406
0 0.4343271072796935 0.49542358450404433 0.08161717752234997 0.08407833120476799
0 0.06196120689655173 0.47945934440187316 0.04849137931034483 0.10891159358592303
