0 0.8111979166666666 0.6282407407407408 0.0421875 0.11574074074074074
0 0.05182291666666667 0.8444444444444444 0.05364583333333333 0.07407407407407407
0 0.8078125 0.8171296296296297 0.05 0.05092592592592592
0 0.93828125 0.7069444444444445 0.04635416666666667 0.11018518518518519
0 0.86953125 0.4462962962962963 0.050520833333333334 0.11296296296296296
0 0.8700520833333333 0.8148148148148148 0.0609375 0.05740740740740741
0 0.853125 0.5425925925925926 0.0375 0.1111111111111111
0 0.17890625 0.8236111111111111 0.07447916666666667 0.07685185185185185
0 0.24739583333333334 0.49166666666666664 0.05 0.1111111111111111
0 0.03723958333333333 0.7662037037037037 0.059895833333333336 0.062037037037037036
0 0.6703125 0.0412037037037037 0.035416666666666666 0.08055555555555556
0 0.9916666666666667 0.6296296296296297 0.015625 0.05925925925925926
0 0.8966145833333333 0.19583333333333333 0.0390625 0.11388888888888889
0 0.7512832125603864 0.631105743424584 0.06748188405797097 0.1231884057971015
