0 0.4420301649305556 0.7612364969135803 0.05832248263888887 0.11815200617283947
0 0.3323025173611111 0.82055362654321 0.0770399305555556 0.10368441358024688
0 0.31494140625 0.7308545524691359 0.06456163194444446 0.09114583333333333
0 0.06227355072463768 0.8859366612989801 0.0508756038647343 0.09339774557165857
0 0.03925120772946859 0.812265163714439 0.0464975845410628 0.08507783145464305
0 0.07027475845410629 0.7435587761674718 0.03970410628019324 0.08937198067632847
0 0.10137379227053138 0.7777777777777778 0.029438405797101448 0.06280193236714977
0 0.6335212793068298 0.5092592592592593 0.08043450560652397 0.10731679691924345
0 0.7379357993197279 0.8250188964474678 0.07068452380952372 0.07369614512471653
0 0.9359085648148148 0.7148919753086419 0.0549768518518519 0.1298868312757201
0 0.8596491228070176 0.6062378167641326 0.05619517543859646 0.13109161793372318
0 0.8939830043859648 0.6483918128654971 0.04317434210526325 0.11793372319688107
