0 0.15703125 0.44814814814814813 0.05364583333333333 0.10740740740740741
0 0.22760416666666666 0.812037037037037 0.057291666666666664 0.07407407407407407
0 0.3609375 0.9027777777777778 0.07083333333333333 0.10185185185185185
0 0.28854166666666664 0.5925925925925926 0.041666666666666664 0.11666666666666667
0 0.7958333333333333 0.5430555555555555 0.04895833333333333 0.10462962962962963
0 0.3572916666666667 0.5861111111111111 0.06875 0.08703703703703704
0 0.2755208333333333 0.7560185185185185 0.040625 0.09907407407407408
0 0.2986979166666667 0.6791666666666667 0.05677083333333333 0.06018518518518518
0 0.07213541666666666 0.5504629629629629 0.0546875 0.07685185185185185
0 0.91171875 0.8074074074074075 0.04010416666666667 0.053703703703703705
0 0.14947916666666666 0.8148148148148148 0.058333333333333334 0.08518518518518518
0 0.09557291666666666 0.40324074074074073 0.05260416666666667 0.12685185185185185
0 0.03411458333333333 0.649537037037037 0.0265625 0.10462962962962963
0 0.971875 0.3921296296296296 0.051041666666666666 0.08611111111111111
0 0.07473958333333333 0.6537037037037037 0.05260416666666667 0.0962962962962963
0 0.85859375 0.7925925925925926 0.0296875 0.08148148148148149
0 0.011979166666666667 0.8046296296296296 0.022916666666666665 0.07222222222222222
0 0.028385416666666666 0.7615740740740741 0.033854166666666664 0.05277777777777778
0 0.9791666666666666 0.7837962962962963 0.03854166666666667 0.06574074074074074
0 0.9041666666666667 0.7555555555555555 0.04895833333333333 0.06111111111111111
0 0.4108029801324503 0.6156487613441256 0.02897350993377484 0.11773362766740253
0 0.5287665562913907 0.70149619818494 0.06070640176600447 0.07848908511160164
0 0.6039597130242825 0.695364238410596 0.05863686534216335 0.06131959774343885
0 0.7745119463869464 0.44612794612794615 0.06883741258741255 0.049210049210049234
