0 0.8104166666666667 0.6388888888888888 0.04479166666666667 0.10925925925925926
0 0.051041666666666666 0.8412037037037037 0.05416666666666667 0.08425925925925926
0 0.7536458333333333 0.6287037037037037 0.06041666666666667 0.1111111111111111
0 0.9390625 0.7074074074074074 0.04583333333333333 0.10925925925925926
0 0.22447916666666667 0.5814814814814815 0.04375 0.11666666666666667
0 0.8098958333333334 0.8162037037037037 0.051041666666666666 0.05092592592592592
0 0.8731770833333333 0.4736111111111111 0.049479166666666664 0.09166666666666666
0 0.87421875 0.8152777777777778 0.058854166666666666 0.05277777777777778
0 0.029427083333333333 0.763425925925926 0.050520833333333334 0.058333333333333334
0 0.175 0.8009259259259259 0.0625 0.11666666666666667
0 0.8583333333333333 0.5592592592592592 0.035416666666666666 0.11666666666666667
0 0.9361979166666666 0.05555555555555555 0.0390625 0.10185185185185185
0 0.9864583333333333 0.6421296296296296 0.023958333333333335 0.06018518518518518
0 0.20442708333333334 0.8166666666666667 0.030729166666666665 0.025925925925925925
