0 0.9244791666666666 0.49675925925925923 0.06041666666666667 0.08981481481481482
0 0.020833333333333332 0.5583333333333333 0.040625 0.08148148148148149
0 0.6322916666666667 0.5236111111111111 0.058333333333333334 0.14166666666666666
0 0.9015625 0.8337962962962963 0.058333333333333334 0.0824074074074074
0 0.2877604166666667 0.49444444444444446 0.0734375 0.1037037037037037
0 0.8127604166666667 0.39351851851851855 0.0640625 0.10555555555555556
0 0.16822916666666668 0.8916666666666667 0.06354166666666666 0.08703703703703704
0 0.13645833333333332 0.6907407407407408 0.027083333333333334 0.10185185185185185
0 0.9859375 0.587037037037037 0.026041666666666668 0.0962962962962963
0 0.3411458333333333 0.825 0.03125 0.07962962962962963
0 0.9067708333333333 0.7018518518518518 0.057291666666666664 0.11481481481481481
0 0.10677083333333333 0.6412037037037037 0.028125 0.10277777777777777
0 0.03984375 0.8574074074074074 0.04739583333333333 0.07962962962962963
0 0.43203125 0.6731481481481482 0.06927083333333334 0.11296296296296296
0 0.9236979166666667 0.5990740740740741 0.05364583333333333 0.06111111111111111
0 0.97421875 0.7643518518518518 0.0421875 0.09166666666666666
0 0.07447916666666667 0.7078703703703704 0.042708333333333334 0.09722222222222222
0 0.38828125 0.8412037037037037 0.0296875 0.05648148148148148
0 0.23776041666666667 0.8393518518518519 0.0390625 0.06944444444444445
0 0.15807291666666667 0.562962962962963 0.04114583333333333 0.09444444444444444
0 0.10260416666666666 0.8115740740740741 0.035416666666666666 0.041666666666666664
0 0.19290580568720378 0.5665262418816922 0.03381714060031594 0.1097068632613657
0 0.19130962897526502 0.8020874231121582 0.022268845700824495 0.08670331108493654
0 0.03884904371584699 0.7147465088038858 0.04439890710382513 0.08310564663023685
0 0.038422131147540985 0.7959547662416515 0.042691256830601106 0.05426533090467516
0 0.07097421448087432 0.8037340619307833 0.01643613387978143 0.04477838494231932
0 0.7357486263736264 0.7872066205399539 0.038347069597069586 0.10242843576176902
