0 0.43515625 0.8300925925925926 0.04010416666666667 0.09166666666666666
0 0.9291666666666667 0.625462962962963 0.05 0.11018518518518519
0 0.26458333333333334 0.736574074074074 0.04375 0.10833333333333334
0 0.7424479166666667 0.8106481481481481 0.05260416666666667 0.0712962962962963
0 0.63828125 0.8351851851851851 0.0453125 0.08518518518518518
0 0.10286458333333333 0.7671296296296296 0.04114583333333333 0.1175925925925926
0 0.030729166666666665 0.6037037037037037 0.03854166666666667 0.10925925925925926
0 0.7856770833333333 0.7796296296296297 0.05572916666666667 0.07407407407407407
0 0.80234375 0.6277777777777778 0.0453125 0.12962962962962962
0 0.13958333333333334 0.4949074074074074 0.034375 0.1398148148148148
0 0.18854166666666666 0.9666666666666667 0.065625 0.06111111111111111
0 0.6994791666666667 0.8587962962962963 0.059375 0.04537037037037037
0 0.21614583333333334 0.6699074074074074 0.04479166666666667 0.10092592592592593
0 0.07447916666666667 0.8134259259259259 0.025 0.06388888888888888
0 0.8651041666666667 0.7935185185185185 0.051041666666666666 0.07222222222222222
0 0.12083333333333333 0.6375 0.04895833333333333 0.06388888888888888
0 0.16015625 0.7101851851851851 0.0265625 0.10185185185185185
0 0.04114583333333333 0.799074074074074 0.04583333333333333 0.06666666666666667
0 0.20520833333333333 0.8305555555555556 0.034375 0.044444444444444446
