0 0.8325520833333333 0.8013888888888889 0.049479166666666664 0.06759259259259259
0 0.9372395833333333 0.7055555555555556 0.04739583333333333 0.1111111111111111
0 0.01484375 0.8166666666666667 0.0296875 0.06296296296296296
0 0.6479166666666667 0.7166666666666667 0.06458333333333334 0.1037037037037037
0 0.28229166666666666 0.8208333333333333 0.06145833333333333 0.06759259259259259
0 0.6768229166666667 0.7865740740740741 0.058854166666666666 0.05277777777777778
0 0.7971354166666667 0.6731481481481482 0.05677083333333333 0.08333333333333333
0 0.9463541666666667 0.8069444444444445 0.046875 0.041666666666666664
0 0.5934895833333333 0.6773148148148148 0.03177083333333333 0.12314814814814815
0 0.77890625 0.8046296296296296 0.04114583333333333 0.07592592592592592
0 0.04869791666666667 0.7300925925925926 0.04010416666666667 0.09537037037037037
0 0.98359375 0.6263888888888889 0.03177083333333333 0.06388888888888888
0 0.34270833333333334 0.5189814814814815 0.023958333333333335 0.12685185185185185
0 0.15 0.3638888888888889 0.05520833333333333 0.06111111111111111
0 0.33676103988603995 0.7193732193732194 0.040509259259259287 0.14086736308958525
