0 0.19692748708010335 0.851457077232271 0.06924257105943153 0.08720930232558136
0 0.12959155701754385 0.7646198830409355 0.028097587719298246 0.097953216374269
0 0.0995751096491228 0.7339181286549706 0.03741776315789473 0.10672514619883033
0 0.060032894736842105 0.7185672514619882 0.041118421052631575 0.11403508771929823
0 0.24116847826086954 0.5324745034889963 0.05449879227053138 0.15297906602254432
0 0.06630661829375549 0.5244063324538258 0.036966798592788036 0.1351021205902472
0 0.023911609498680743 0.5284374083846379 0.04150175901495163 0.12166520082087365
0 0.11076297273526826 0.5573878627968337 0.027484608619173255 0.11262581843056778
0 0.2866456834532374 0.8137934097166711 0.033972821742605915 0.0559552358113509
0 0.8919114708233413 0.8224531485922373 0.05245803357314145 0.08526512123634425
0 0.8343949840127898 0.6656896704858336 0.055330735411670655 0.12123634425792708
0 0.9372501998401279 0.7047695177191581 0.04596322941646681 0.10969002575717204
0 0.8966503267973855 0.5725006051803438 0.05696259985475661 0.10368756556120386
