0 0.45990018570102137 0.5229289177757144 0.09081940575673168 0.10703600536469614
0 0.4175371402042712 0.8369441865263593 0.07340993500464249 0.09542969152997005
0 0.4556928969359332 0.7590529247910864 0.05832172701949858 0.11348395749509955
0 0.3936716573816156 0.7311977715877437 0.045990018570102126 0.06241617662230481
0 0.4038477067183462 0.6761412575366064 0.06601259689922477 0.08756818834338212
0 0.09467861757105943 0.7836276198679298 0.04643087855297157 0.057062876830318666
0 0.28030119509043927 0.741817398794143 0.05874515503875968 0.05813953488372097
0 0.6622456395348837 0.8498420901521677 0.07408753229974158 0.08685041630778059
0 0.6669896640826872 0.6766795865633075 0.06621447028423771 0.0994114269308068
0 0.7232114018087856 0.6416881998277347 0.0567264211886305 0.11627906976744184
0 0.7904352390180878 0.6641185759402813 0.06237887596899216 0.11735572782084405
0 0.8388848514211886 0.7559933964972725 0.04945897932816538 0.1202268159632501
0 0.7883155684754523 0.7712460522538042 0.060965762273901804 0.11269020958943435
0 0.8864260335917312 0.8123385012919896 0.03835594315245482 0.08362044214757397
0 0.9343709625322997 0.704313809933965 0.052688953488372076 0.11089577950043071
0 0.9710109819121446 0.4893410852713178 0.054505813953488295 0.09941142693080675
0 0.6274224806201549 0.5690137812230835 0.07307816537467708 0.0879270743611829
0 0.7941308243727597 0.3305455993628037 0.06888440860215053 0.10951812027080847
