0 0.28466235632183906 0.7410068114091103 0.050287356321839054 0.16443167305236273
0 0.21087763409961685 0.8461047254150702 0.06495450191570881 0.09472115793954877
0 0.1667265325670498 0.7787888463175819 0.05088601532567048 0.08673903788846318
0 0.10404265873015874 0.7649911816578483 0.04637896825396825 0.08553791887125213
0 0.07291666666666667 0.6847442680776012 0.03869047619047619 0.12257495590828926
0 0.0390625 0.7164902998236332 0.030505952380952377 0.09964726631393296
0 0.09598214285714285 0.37301587301587297 0.050595238095238096 0.14021164021164023
0 0.14967757936507936 0.47354497354497355 0.037450396825396824 0.14021164021164018
0 0.8359375 0.6732804232804233 0.06175595238095243 0.11199294532627867
0 0.8663194444444444 0.7034832451499119 0.06001984126984136 0.0903880070546737
0 0.9352678571428572 0.70326278659612 0.051587301587301584 0.1261022927689594
0 0.962673611111111 0.783068783068783 0.039930555555555476 0.07848324514991187
0 0.9857390873015873 0.6353615520282186 0.025545634920634917 0.08641975308641968
0 0.609129113018598 0.7941901128596408 0.0616952789699571 0.11405182006040375
