0 0.5651041666666666 0.5856481481481481 0.0625 0.10462962962962963
0 0.10442708333333334 0.55 0.05572916666666667 0.09444444444444444
0 0.9109375 0.47685185185185186 0.058333333333333334 0.0962962962962963
0 0.9533854166666667 0.575925925925926 0.04114583333333333 0.09814814814814815
0 0.28098958333333335 0.8555555555555555 0.058854166666666666 0.08888888888888889
0 0.8966145833333333 0.6699074074074074 0.04739583333333333 0.08796296296296297
0 0.03463541666666667 0.5814814814814815 0.044270833333333336 0.07407407407407407
0 0.08567708333333333 0.8189814814814815 0.0359375 0.075
0 0.9489583333333333 0.8310185185185185 0.023958333333333335 0.04351851851851852
0 0.8018229166666667 0.8217592592592593 0.05572916666666667 0.08981481481481482
0 0.8635416666666667 0.6055555555555555 0.05520833333333333 0.08148148148148149
0 0.1046875 0.7648148148148148 0.03229166666666667 0.07592592592592592
0 0.23177083333333334 0.8638888888888889 0.04375 0.07222222222222222
0 0.7666666666666667 0.3189814814814815 0.05520833333333333 0.11944444444444445
0 0.7359375 0.8560185185185185 0.034375 0.03611111111111111
0 0.6434895833333333 0.8629629629629629 0.0609375 0.02962962962962963
0 0.04296875 0.7560185185185185 0.034895833333333334 0.05092592592592592
0 0.20356514084507044 0.7482394366197184 0.03301056338028167 0.09454877412623894
0 0.1085680751173709 0.6501043296817944 0.0227406103286385 0.10302556077203959
0 0.17636802575107294 0.7884279128914322 0.03487124463519313 0.11365442695914807
0 0.04058837890625 0.7931857638888888 0.041707356770833336 0.043402777777777776
0 0.049947102864583336 0.7188585069444444 0.0360107421875 0.035807291666666664
0 0.0347900390625 0.6589988425925926 0.044352213541666664 0.07667824074074074
0 0.9747795643153526 0.7735899800215152 0.019666320885200504 0.08875057630244351
0 0.7410793439716311 0.1514479905437352 0.05762411347517731 0.09407013396375098
