0 0.03984375 0.8435185185185186 0.05260416666666667 0.08888888888888889
0 0.9419270833333333 0.7064814814814815 0.044270833333333336 0.1111111111111111
0 0.10755208333333334 0.7986111111111112 0.0453125 0.07685185185185185
0 0.8598958333333333 0.7143518518518519 0.06354166666666666 0.08611111111111111
0 0.8075520833333333 0.5796296296296296 0.0421875 0.13703703703703704
0 0.8731770833333333 0.8194444444444444 0.05572916666666667 0.05
0 0.1625 0.8013888888888889 0.059375 0.04722222222222222
0 0.753125 0.7675925925925926 0.05625 0.1259259259259259
0 0.12213541666666666 0.5935185185185186 0.04635416666666667 0.12777777777777777
0 0.0515625 0.7583333333333333 0.03125 0.06666666666666667
0 0.17473958333333334 0.7125 0.030729166666666665 0.09351851851851851
0 0.8419270833333333 0.36574074074074076 0.06510416666666667 0.08703703703703704
0 0.49270833333333336 0.43472222222222223 0.041666666666666664 0.13055555555555556
0 0.8770833333333333 0.40694444444444444 0.035416666666666666 0.09351851851851851
0 0.9864583333333333 0.6226851851851852 0.026041666666666668 0.06388888888888888
0 0.017447916666666667 0.31712962962962965 0.030729166666666665 0.10277777777777777
