0 0.15755208333333334 0.4842592592592593 0.05260416666666667 0.09814814814814815
0 0.21875 0.8791666666666667 0.078125 0.08611111111111111
0 0.6908854166666667 0.513425925925926 0.0828125 0.08796296296296297
0 0.38619791666666664 0.712037037037037 0.059895833333333336 0.10555555555555556
0 0.2234375 0.7791666666666667 0.03958333333333333 0.09351851851851851
0 0.8463541666666666 0.8185185185185185 0.058333333333333334 0.044444444444444446
0 0.2864583333333333 0.7055555555555556 0.06354166666666666 0.06481481481481481
0 0.17291666666666666 0.6074074074074074 0.065625 0.06296296296296296
0 0.01640625 0.5166666666666667 0.0328125 0.07407407407407407
0 0.4903645833333333 0.8282407407407407 0.033854166666666664 0.04351851851851852
0 0.3734375 0.8273148148148148 0.05625 0.0712962962962963
0 0.09114583333333333 0.7361111111111112 0.029166666666666667 0.10925925925925926
0 0.9653645833333333 0.7490740740740741 0.0265625 0.08703703703703704
0 0.09427083333333333 0.5472222222222223 0.03125 0.10555555555555556
0 0.4578125 0.7472222222222222 0.0375 0.11481481481481481
0 0.8697916666666666 0.7699074074074074 0.027083333333333334 0.0824074074074074
0 0.8955729166666667 0.6782407407407407 0.05260416666666667 0.058333333333333334
0 0.4192708333333333 0.8037037037037037 0.030208333333333334 0.07777777777777778
0 0.0109375 0.40046296296296297 0.020833333333333332 0.0824074074074074
0 0.278125 0.8064814814814815 0.06666666666666667 0.053703703703703705
0 0.017708333333333333 0.7226851851851852 0.030208333333333334 0.1361111111111111
0 0.2218967013888889 0.7002314814814815 0.06618923611111113 0.0713734567901235
0 0.3434244791666667 0.8950617283950618 0.0640190972222222 0.05401234567901238
0 0.97900390625 0.6452546296296297 0.029839409722222262 0.10609567901234572
