0 0.97265625 0.39166666666666666 0.049479166666666664 0.0962962962962963
0 0.16145833333333334 0.4564814814814815 0.053125 0.11296296296296296
0 0.37057291666666664 0.9004629629629629 0.0859375 0.09907407407407408
0 0.21171875 0.8087962962962963 0.058854166666666666 0.07314814814814814
0 0.30625 0.6726851851851852 0.057291666666666664 0.0712962962962963
0 0.27760416666666665 0.7569444444444444 0.05416666666666667 0.10092592592592593
0 0.775 0.43657407407407406 0.08541666666666667 0.10648148148148148
0 0.6231770833333333 0.6898148148148148 0.06614583333333333 0.07777777777777778
0 0.5528645833333333 0.6518518518518519 0.0703125 0.09074074074074075
0 0.2825520833333333 0.611574074074074 0.04114583333333333 0.09907407407407408
0 0.08489583333333334 0.5532407407407407 0.052083333333333336 0.07685185185185185
0 0.14791666666666667 0.8189814814814815 0.059375 0.08055555555555556
0 0.08671875 0.6532407407407408 0.05677083333333333 0.0824074074074074
0 0.09791666666666667 0.4203703703703704 0.042708333333333334 0.11296296296296296
0 0.4041666666666667 0.6296296296296297 0.046875 0.13333333333333333
0 0.909375 0.8097222222222222 0.05 0.04722222222222222
0 0.034895833333333334 0.6523148148148148 0.027083333333333334 0.10833333333333334
0 0.790625 0.5277777777777778 0.042708333333333334 0.12222222222222222
0 0.90234375 0.749537037037037 0.0515625 0.07685185185185185
0 0.3453125 0.5875 0.06666666666666667 0.08611111111111111
0 0.026041666666666668 0.7458333333333333 0.03333333333333333 0.08981481481481482
0 0.9828125 0.7652777777777777 0.03125 0.09537037037037037
0 0.8604097682119206 0.8109516801569783 0.027248896247240615 0.044763306352710315
0 0.015277777777777776 0.8017094017094016 0.021367521367521364 0.05104463437796767
