0 0.46171875 0.5824074074074074 0.0609375 0.10740740740740741
0 0.13359375 0.5018518518518519 0.04635416666666667 0.11481481481481481
0 0.9817708333333334 0.4824074074074074 0.035416666666666666 0.12037037037037036
0 0.2171875 0.5523148148148148 0.06041666666666667 0.08611111111111111
0 0.12109375 0.687962962962963 0.03697916666666667 0.1037037037037037
0 0.35052083333333334 0.9018518518518519 0.07291666666666667 0.10555555555555556
0 0.21666666666666667 0.8138888888888889 0.06354166666666666 0.07962962962962963
0 0.3580729166666667 0.6810185185185185 0.04114583333333333 0.11018518518518519
0 0.90234375 0.8111111111111111 0.0390625 0.04814814814814815
0 0.90703125 0.7402777777777778 0.0390625 0.0824074074074074
0 0.012760416666666666 0.4351851851851852 0.024479166666666666 0.10185185185185185
0 0.46328125 0.6898148148148148 0.0671875 0.05925925925925926
0 0.09505208333333333 0.5138888888888888 0.03177083333333333 0.1
0 0.69375 0.5935185185185186 0.071875 0.07037037037037037
0 0.2484375 0.7791666666666667 0.0375 0.06388888888888888
0 0.0578125 0.6953703703703704 0.0375 0.07037037037037037
0 0.013541666666666667 0.7620370370370371 0.026041666666666668 0.11481481481481481
0 0.09765625 0.21388888888888888 0.0234375 0.13703703703703704
0 0.8739583333333333 0.7726851851851851 0.026041666666666668 0.0712962962962963
0 0.23301156195462477 0.6672968780298622 0.058627835951134404 0.0644754702346325
0 0.3163176265270506 0.8103063796781073 0.05890052356020945 0.04605390731045176
0 0.35353948516579403 0.7996412643009501 0.04226657940663176 0.08580570098894698
0 0.05726439790575915 0.5398002714756641 0.035994764397905755 0.0732014737250339
0 0.7755335365853658 0.5186690755796448 0.06817411924119246 0.05269497139415836
