0 0.9276041666666667 0.5231481481481481 0.05625 0.09814814814814815
0 0.20885416666666667 0.8421296296296297 0.07083333333333333 0.08796296296296297
0 0.9182291666666667 0.924537037037037 0.07291666666666667 0.12129629629629629
0 0.70546875 0.8023148148148148 0.0390625 0.09166666666666666
0 0.14713541666666666 0.5300925925925926 0.04010416666666667 0.10648148148148148
0 0.057291666666666664 0.7759259259259259 0.035416666666666666 0.05185185185185185
0 0.8059895833333334 0.4537037037037037 0.08489583333333334 0.11666666666666667
0 0.8729166666666667 0.649074074074074 0.057291666666666664 0.06851851851851852
0 0.9432291666666667 0.6180555555555556 0.051041666666666666 0.09537037037037037
0 0.9411458333333333 0.7212962962962963 0.03958333333333333 0.10555555555555556
0 0.5473958333333333 0.6083333333333333 0.036458333333333336 0.11851851851851852
0 0.014583333333333334 0.8055555555555556 0.028125 0.07037037037037037
0 0.9497395833333333 0.7060185185185185 0.0234375 0.06944444444444445
0 0.9903645833333333 0.7560185185185185 0.018229166666666668 0.11203703703703703
