0 0.9278645833333333 0.5097222222222222 0.05260416666666667 0.11018518518518519
0 0.8934895833333333 0.8115740740740741 0.058854166666666666 0.062037037037037036
0 0.94140625 0.7101851851851851 0.043229166666666666 0.10925925925925926
0 0.0546875 0.8384259259259259 0.06354166666666666 0.08055555555555556
0 0.91953125 0.6314814814814815 0.0609375 0.07037037037037037
0 0.07291666666666667 0.7435185185185185 0.029166666666666667 0.10185185185185185
0 0.8471354166666667 0.34305555555555556 0.06614583333333333 0.09537037037037037
0 0.8822916666666667 0.3958333333333333 0.036458333333333336 0.10462962962962963
0 0.039322916666666666 0.6421296296296296 0.044270833333333336 0.10277777777777777
0 0.016927083333333332 0.34814814814814815 0.03177083333333333 0.09444444444444444
0 0.015625 0.7962962962962963 0.027083333333333334 0.08518518518518518
0 0.11903297244094488 0.7588764946048411 0.051468175853018376 0.07855788859725871
0 0.7177254098360656 0.7446873102610806 0.07377049180327866 0.08561020036429864
0 0.7809938524590163 0.5669398907103824 0.07872267759562845 0.1211293260473588
