0 0.5389690890771145 0.5417751832262002 0.07896600864126248 0.11791680119834211
0 0.6076553605313092 0.5468585283575795 0.07046568627450979 0.1523297491039426
0 0.7240005060728745 0.6458989353726194 0.07063933873144397 0.1042135252661569
0 0.7846238191632928 0.5909806567701305 0.04681174089068823 0.1555705503073924
0 0.9256916329284749 0.6509596641175588 0.044703103913630214 0.11508472034787821
0 0.9409792510121456 0.7047533363322835 0.042383603238866384 0.11845853951117101
0 0.8868927125506072 0.8117783775678512 0.03753373819163291 0.07459889038836412
0 0.9339153171390013 0.8250862198230619 0.0657894736842105 0.08322087269455686
0 0.8575826585695006 0.7264957264957265 0.05777665317139006 0.09146798620482825
0 0.8096111673414303 0.7703553756185335 0.04955296896086369 0.1199580146948568
0 0.9831048044217687 0.4961892164273117 0.03274872448979593 0.12188208616780043
0 0.9622130102040816 0.3065948601662888 0.061118197278911525 0.11432350718065004
0 0.054386337868480725 0.8037288989669942 0.041454081632653066 0.0875535399344923
0 0.06678713151927437 0.7009007306626355 0.025510204081632657 0.10298563869992437
0 0.09672619047619048 0.7394809775762158 0.029053287981859407 0.08251448727639212
0 0.11284722222222224 0.7960128495842782 0.040391156462585044 0.07275132275132273
0 0.6776792524790236 0.7846003898635477 0.06245232646834478 0.11102635816594628
0 0.2906828703703704 0.6997942386831276 0.04108796296296298 0.1251028806584363
