0 0.7371304791029561 0.6562181447502549 0.07135575942915402 0.10505153471514335
0 0.7760735219164119 0.5381413523615359 0.04603083588175328 0.13959678332767025
0 0.5322215851172273 0.544229244535055 0.07756753312945973 0.09740627477630531
0 0.6144081294597349 0.522284516932835 0.07756753312945967 0.16111677426662138
0 0.6237257900101938 0.8062917657718881 0.0780453618756372 0.09938837920489292
0 0.10833561769005848 0.6518031189083819 0.038491410818713455 0.10274528914879787
0 0.06087810672514619 0.6756619558154644 0.03083881578947368 0.09523229369720598
0 0.04140396564327485 0.7802347303443794 0.036207054093567254 0.06436809616634176
0 0.06584658260233918 0.7659194282001299 0.025699013157894735 0.07147498375568544
0 0.36195632309941517 0.8163783300844705 0.0470577485380117 0.07127192982456144
0 0.1660085330428468 0.8211288630678609 0.057870370370370385 0.07524408940530941
0 0.8871703142536476 0.8147836388577129 0.03893097643097647 0.06827534605312377
0 0.8257926487093153 0.8113542835765057 0.050855780022446714 0.05393440578625759
0 0.846047278338945 0.7221910462651203 0.05839646464646459 0.06889886519516145
0 0.9554748877665543 0.8155630377852601 0.0717241863075196 0.07793989275470757
0 0.9405688832772167 0.7048883900735752 0.04085998877665548 0.1103628881406659
0 0.9160178170594836 0.67963586482105 0.05594135802469135 0.1240803092654944
0 0.9841926107990012 0.5056179775280899 0.030573111735330845 0.14010264946594533
0 0.975245786516854 0.26130531280344016 0.048181960049937564 0.13004577611319187
0 0.9025710978835979 0.08965314520870075 0.03348214285714282 0.12051734273956495
