0 0.95 0.6773148148148148 0.053125 0.09351851851851851
0 0.44635416666666666 0.8032407407407407 0.04895833333333333 0.08425925925925926
0 0.8830729166666667 0.8162037037037037 0.04739583333333333 0.08796296296296297
0 0.7380208333333333 0.6231481481481481 0.03854166666666667 0.10925925925925926
0 0.5104166666666666 0.9157407407407407 0.071875 0.09074074074074075
0 0.025520833333333333 0.6449074074074074 0.04583333333333333 0.09351851851851851
0 0.38776041666666666 0.8476851851851852 0.0640625 0.075
0 0.08958333333333333 0.6851851851851852 0.03333333333333333 0.09444444444444444
0 0.44166666666666665 0.9333333333333333 0.0875 0.08888888888888889
0 0.19036458333333334 0.8180555555555555 0.05677083333333333 0.06018518518518518
0 0.28359375 0.6222222222222222 0.0515625 0.12037037037037036
0 0.46875 0.5449074074074074 0.040625 0.1175925925925926
0 0.9859375 0.6643518518518519 0.026041666666666668 0.08055555555555556
0 0.24427083333333333 0.8296296296296296 0.023958333333333335 0.03518518518518519
0 0.6385416666666667 0.24166666666666667 0.04375 0.13703703703703704
0 0.10911458333333333 0.8087962962962963 0.027604166666666666 0.04537037037037037
0 0.32734375 0.6074074074074074 0.03802083333333333 0.12407407407407407
0 0.06961137820512821 0.3868411680911681 0.033386752136752136 0.12790835707502374
0 0.11276169950738915 0.33593322386425833 0.0305316091954023 0.13090676883780336
0 0.06818181818181818 0.8186026936026936 0.054924242424242424 0.04349046015712685
0 0.044428661616161616 0.7901234567901234 0.05034722222222222 0.040404040404040394
0 0.8201992753623187 0.6175523349436393 0.03170289855072461 0.09339774557165857
0 0.9013435990338164 0.6147342995169082 0.048460144927536204 0.05555555555555555
