0 0.27162447257383965 0.808134083450539 0.05340189873417719 0.08673230192217536
0 0.07878428270042193 0.8705461790904828 0.08306962025316454 0.11779184247538674
0 0.16943565400843882 0.7949484294421002 0.05076476793248945 0.10372714486638543
0 0.37790300546448086 0.40452337583485126 0.07650273224043716 0.10898603521554343
0 0.1321002492877493 0.2740186767964546 0.05408653846153847 0.12147831592276034
0 0.8108468430034129 0.7502212109720642 0.06026023890784984 0.10744532928833274
0 0.9358112912400455 0.7064530400707875 0.050661262798634844 0.12166603463531794
0 0.8767953640500569 0.8202186828466691 0.06488196814562007 0.09069649854632789
0 0.8405325654152447 0.6408797876374668 0.04603953356086462 0.1068132979395778
0 0.9778528528528528 0.5401234567901234 0.038945195195195244 0.09092425759092422
