0 0.14244791666666667 0.8449074074074074 0.0609375 0.10092592592592593
0 0.4231770833333333 0.836574074074074 0.0703125 0.0824074074074074
0 0.2109375 0.6925925925925925 0.06041666666666667 0.06296296296296296
0 0.21666666666666667 0.7782407407407408 0.040625 0.08055555555555556
0 0.15651041666666668 0.4648148148148148 0.05572916666666667 0.08518518518518518
0 0.94765625 0.7916666666666666 0.0453125 0.06296296296296296
0 0.06875 0.36435185185185187 0.052083333333333336 0.10092592592592593
0 0.1546875 0.5111111111111111 0.0010416666666666667 0.003703703703703704
0 0.61875 0.5523148148148148 0.07291666666666667 0.10833333333333334
0 0.35546875 0.9087962962962963 0.0734375 0.08981481481481482
0 0.25026041666666665 0.8134259259259259 0.05572916666666667 0.03981481481481482
0 0.89140625 0.6842592592592592 0.0515625 0.08703703703703704
0 0.34088541666666666 0.7893518518518519 0.0265625 0.10648148148148148
0 0.95625 0.7037037037037037 0.042708333333333334 0.09814814814814815
0 0.09348958333333333 0.5402777777777777 0.03177083333333333 0.10092592592592593
0 0.86796875 0.7782407407407408 0.0296875 0.075
0 0.42890625 0.7638888888888888 0.05677083333333333 0.05555555555555555
0 0.12109375 0.7449074074074075 0.028645833333333332 0.08981481481481482
0 0.9059895833333333 0.8055555555555556 0.024479166666666666 0.046296296296296294
0 0.0171875 0.7449074074074075 0.025 0.09166666666666666
0 0.009895833333333333 0.7708333333333334 0.01875 0.1287037037037037
0 0.08219401041666667 0.7523148148148148 0.02549913194444445 0.10223765432098762
0 0.14322916666666666 0.5623070987654322 0.055338541666666664 0.0848765432098765
0 0.2216254340277778 0.6148726851851852 0.0439453125 0.10706018518518519
0 0.4926215277777778 0.8087384259259259 0.05316840277777774 0.09355709876543207
