0 0.859375 0.7916666666666666 0.053125 0.08518518518518518
0 0.9369791666666667 0.7055555555555556 0.046875 0.11296296296296296
0 0.8013020833333333 0.6819444444444445 0.04739583333333333 0.11018518518518519
0 0.6692708333333334 0.7731481481481481 0.03229166666666667 0.10740740740740741
0 0.06927083333333334 0.6125 0.03958333333333333 0.11574074074074074
0 0.3614583333333333 0.8203703703703704 0.078125 0.1
0 0.9497395833333333 0.8004629629629629 0.024479166666666666 0.06018518518518518
0 0.47890625 0.4648148148148148 0.049479166666666664 0.12777777777777777
0 0.5893229166666667 0.7435185185185185 0.06822916666666666 0.053703703703703705
0 0.62265625 0.7912037037037037 0.0578125 0.08981481481481482
0 0.21510416666666668 0.14212962962962963 0.046875 0.11574074074074074
0 0.6354166666666666 0.7824074074074074 0.03125 0.07777777777777778
