0 0.8294270833333334 0.4828703703703704 0.0484375 0.11388888888888889
0 0.96171875 0.8037037037037037 0.05677083333333333 0.08148148148148149
0 0.94140625 0.7083333333333334 0.043229166666666666 0.11481481481481481
0 0.2638020833333333 0.8495370370370371 0.07864583333333333 0.0824074074074074
0 0.04401041666666667 0.6375 0.0484375 0.05462962962962963
0 0.83984375 0.3685185185185185 0.05572916666666667 0.1037037037037037
0 0.9408854166666667 0.34444444444444444 0.03802083333333333 0.12222222222222222
0 0.04375 0.7046296296296296 0.04375 0.08703703703703704
0 0.11171875 0.7819444444444444 0.03802083333333333 0.06018518518518518
0 0.9875 0.4305555555555556 0.023958333333333335 0.06296296296296296
0 0.9013020833333333 0.3037037037037037 0.0640625 0.11666666666666667
0 0.35572916666666665 0.850462962962963 0.036458333333333336 0.1675925925925926
0 0.0140625 0.799074074074074 0.028125 0.06481481481481481
0 0.26328125 0.2625 0.044270833333333336 0.08055555555555556
0 0.07739143192488264 0.769594418362024 0.0330105633802817 0.07466092853416795
