0 0.15572916666666667 0.8435185185185186 0.06875 0.08148148148148149
0 0.9377604166666667 0.7083333333333334 0.0484375 0.1111111111111111
0 0.8114583333333333 0.6935185185185185 0.06041666666666667 0.0962962962962963
0 0.7338541666666667 0.7958333333333333 0.029166666666666667 0.10277777777777777
0 0.1953125 0.6851851851851852 0.04375 0.1111111111111111
0 0.14270833333333333 0.7490740740740741 0.030208333333333334 0.09444444444444444
0 0.9869791666666666 0.6875 0.025 0.08425925925925926
0 0.10963541666666667 0.7351851851851852 0.04010416666666667 0.10185185185185185
0 0.8161458333333333 0.8263888888888888 0.06041666666666667 0.030555555555555555
0 0.3216145833333333 0.7509259259259259 0.03697916666666667 0.10925925925925926
0 0.2989583333333333 0.8027777777777778 0.036458333333333336 0.027777777777777776
0 0.4398036858974359 0.7159900284900285 0.042668269230769225 0.1271367521367521
