0 0.40379549808429116 0.5044699872286079 0.09458812260536398 0.16389953171562371
0 0.38035168195718655 0.7884528259145996 0.03121814475025483 0.13733152112357008
0 0.32277331804281345 0.8159191301393136 0.06291411824668706 0.10221995696001814
0 0.29179408766564735 0.7803828293124929 0.05638379204892967 0.10929890134783106
0 0.6140046296296297 0.5032921810699589 0.07569444444444452 0.13333333333333333
0 0.7608876329787234 0.8195429472025216 0.07119902482269502 0.07781717888100864
0 0.8613691816816815 0.6133216549883216 0.06076388888888893 0.1413913913913914
0 0.8938626126126125 0.6594094094094093 0.04973723723723727 0.10510510510510514
0 0.9375 0.7067484150817483 0.05067567567567567 0.12137137137137133
0 0.05194698952879581 0.8842350203606747 0.06898996509598604 0.09016870273414773
0 0.02693580114449213 0.7856461611826417 0.04627145922746781 0.09696391670640594
0 0.0906428826895565 0.788825305992688 0.04537732474964233 0.03973931012557622
0 0.08751341201716739 0.7073597202352567 0.036883047210300425 0.10570656493403274
