0 0.15625 0.8439814814814814 0.065625 0.0787037037037037
0 0.7911458333333333 0.8416666666666667 0.053125 0.06111111111111111
0 0.3919270833333333 0.737037037037037 0.05260416666666667 0.09259259259259259
0 0.13645833333333332 0.5662037037037037 0.059375 0.09351851851851851
0 0.02734375 0.35555555555555557 0.0328125 0.1111111111111111
0 0.8244791666666667 0.7425925925925926 0.053125 0.08888888888888889
0 0.76015625 0.7828703703703703 0.058854166666666666 0.05462962962962963
0 0.36796875 0.825 0.04635416666666667 0.08333333333333333
0 0.32838541666666665 0.7324074074074074 0.06197916666666667 0.08333333333333333
0 0.796875 0.663425925925926 0.06041666666666667 0.06944444444444445
0 0.16328125 0.7601851851851852 0.0265625 0.09074074074074075
0 0.52578125 0.25046296296296294 0.0421875 0.14351851851851852
0 0.6049479166666667 0.05416666666666667 0.0421875 0.10462962962962963
0 0.03900078988941548 0.7980077233631736 0.03900078988941549 0.0539757767245918
0 0.07146030805687205 0.797788309636651 0.019006714060031606 0.04476040021063717
0 0.10009379936808846 0.7361330524837635 0.026411927330173782 0.09873617693522897
0 0.13736670616113747 0.7517114270668773 0.029867693522906805 0.1184834123222749
0 0.10183047493403694 0.8163539528974885 0.017315303430079164 0.03249291507866703
0 0.9185715663580247 0.6331447187928669 0.04123263888888893 0.10202331961591213
