0 0.023177083333333334 0.5555555555555556 0.04635416666666667 0.07407407407407407
0 0.890625 0.6143518518518518 0.058333333333333334 0.07685185185185185
0 0.09583333333333334 0.8347222222222223 0.04791666666666667 0.058333333333333334
0 0.80078125 0.28888888888888886 0.0640625 0.13148148148148148
0 0.9072916666666667 0.49953703703703706 0.06041666666666667 0.09907407407407408
0 0.1125 0.6523148148148148 0.05520833333333333 0.08425925925925926
0 0.9684895833333333 0.5708333333333333 0.05364583333333333 0.10092592592592593
0 0.4869791666666667 0.6550925925925926 0.075 0.13240740740740742
0 0.14453125 0.5912037037037037 0.027604166666666666 0.10648148148148148
0 0.21041666666666667 0.5814814814814815 0.04791666666666667 0.1037037037037037
0 0.9104166666666667 0.6777777777777778 0.05 0.06666666666666667
0 0.23411458333333332 0.8694444444444445 0.06510416666666667 0.09444444444444444
0 0.12994791666666666 0.7333333333333333 0.0390625 0.07592592592592592
0 0.03723958333333333 0.8550925925925926 0.0421875 0.08611111111111111
0 0.9158854166666667 0.8379629629629629 0.05572916666666667 0.05740740740740741
0 0.0890625 0.7652777777777777 0.027083333333333334 0.06944444444444445
0 0.0453125 0.7199074074074074 0.04791666666666667 0.06759259259259259
0 0.8622395833333333 0.8337962962962963 0.044270833333333336 0.06018518518518518
0 0.96875 0.8287037037037037 0.0375 0.040740740740740744
0 0.014565677966101696 0.6289234149403641 0.027365819209039553 0.04158819836785944
0 0.031828703703703706 0.8006885090218424 0.024483618233618238 0.02572016460905344
0 0.0582042378917379 0.8060303893637227 0.02114494301994303 0.046691991136435504
0 0.19240640096618356 0.8221953837895866 0.04181763285024154 0.04857756307031678
0 0.5678310886644219 0.7605374735004364 0.030513468013467934 0.11254520513779777
0 0.7935642764857881 0.5821131208728108 0.0395671834625323 0.10766580534022388
0 0.2598464111922141 0.41903217085698835 0.034595498783455005 0.113544201135442
