0 0.9580729166666667 0.8138888888888889 0.06822916666666666 0.08148148148148149
0 0.93046875 0.31574074074074077 0.05572916666666667 0.12037037037037036
0 0.09322916666666667 0.7037037037037037 0.041666666666666664 0.09074074074074075
0 0.109375 0.8532407407407407 0.07083333333333333 0.0787037037037037
0 0.9463541666666667 0.5833333333333334 0.0375 0.14629629629629629
0 0.9427083333333334 0.711574074074074 0.04479166666666667 0.10462962962962963
0 0.8927083333333333 0.4930555555555556 0.027083333333333334 0.1398148148148148
0 0.05182291666666667 0.6106481481481482 0.030729166666666665 0.1175925925925926
0 0.8739583333333333 0.42314814814814816 0.030208333333333334 0.10185185185185185
0 0.19036458333333334 0.913425925925926 0.044270833333333336 0.15092592592592594
0 0.7052083333333333 0.8032407407407407 0.040625 0.09166666666666666
0 0.8486979166666667 0.3398148148148148 0.0640625 0.10925925925925926
0 0.010677083333333334 0.8273148148148148 0.0203125 0.05462962962962963
0 0.7886773767605635 0.5669666145018257 0.051899941314554 0.14280125195618157
0 0.07883458219800182 0.8033101221112121 0.05407016348773842 0.0772025431425976
