0 0.25286458333333334 0.874537037037037 0.06510416666666667 0.08796296296296297
0 0.7229166666666667 0.5138888888888888 0.071875 0.10925925925925926
0 0.03359375 0.5083333333333333 0.05572916666666667 0.09444444444444444
0 0.14895833333333333 0.47685185185185186 0.03854166666666667 0.11851851851851852
0 0.4044270833333333 0.7023148148148148 0.0453125 0.10833333333333334
0 0.20208333333333334 0.5944444444444444 0.057291666666666664 0.08703703703703704
0 0.34921875 0.9018518518518519 0.0640625 0.1037037037037037
0 0.96328125 0.7407407407407407 0.033854166666666664 0.1
0 0.97734375 0.6287037037037037 0.04114583333333333 0.09814814814814815
0 0.09817708333333333 0.538425925925926 0.05260416666666667 0.09722222222222222
0 0.228125 0.7935185185185185 0.04375 0.07037037037037037
0 0.21822916666666667 0.6949074074074074 0.0625 0.05462962962962963
0 0.09244791666666667 0.7148148148148148 0.0453125 0.11481481481481481
0 0.46953125 0.7458333333333333 0.0328125 0.11944444444444445
0 0.31536458333333334 0.7958333333333333 0.030729166666666665 0.07685185185185185
0 0.490625 0.8291666666666667 0.0375 0.041666666666666664
0 0.40260416666666665 0.8138888888888889 0.057291666666666664 0.06111111111111111
0 0.8677083333333333 0.7666666666666667 0.035416666666666666 0.06296296296296296
0 0.9270833333333334 0.674537037037037 0.05 0.09722222222222222
0 0.34765625 0.8194444444444444 0.0546875 0.05740740740740741
0 0.0140625 0.7268518518518519 0.026041666666666668 0.12222222222222222
0 0.3382703993055556 0.7301311728395062 0.0689019097222222 0.08101851851851852
