0 0.38419699367088606 0.8172175339896859 0.0524129746835443 0.17287857477730892
0 0.2062380268199234 0.5709876543209876 0.054477969348659006 0.10429970200085142
0 0.2234494731800766 0.8429118773946361 0.06914511494252874 0.08939974457215838
0 0.276580459770115 0.729565772669221 0.052083333333333336 0.08620689655172416
0 0.6490960249042146 0.7559067688378034 0.06794779693486591 0.09525329927628778
0 0.6522658475783475 0.8319484013928459 0.04829950142450142 0.035216840772396285
0 0.8450186965811965 0.7304526748971194 0.06120904558404554 0.07280785058562837
0 0.8303285256410257 0.6621953149730928 0.07545405982905985 0.10565052231718897
0 0.9366096866096867 0.7049303577081355 0.047186609686609655 0.12701804368471045
0 0.9696625712250712 0.7249129471351694 0.026486823361823397 0.12187401076289966
0 0.9809027777777779 0.6008626147515037 0.03338675213675207 0.10644191199746761
0 0.08435792349726776 0.5966909532483302 0.055327868852459 0.13327261687917424
0 0.23559761345852898 0.6709702660406885 0.034966744913928004 0.1291079812206573
