0 0.9713541666666666 0.25555555555555554 0.05625 0.0962962962962963
0 0.37994791666666666 0.4837962962962963 0.07552083333333333 0.11574074074074074
0 0.9341145833333333 0.5074074074074074 0.058854166666666666 0.11481481481481481
0 0.8098958333333334 0.8467592592592592 0.05520833333333333 0.04537037037037037
0 0.019270833333333334 0.8805555555555555 0.0375 0.07592592592592592
0 0.20442708333333334 0.8287037037037037 0.05572916666666667 0.05740740740740741
0 0.9848958333333333 0.5847222222222223 0.029166666666666667 0.08611111111111111
0 0.159375 0.8185185185185185 0.03333333333333333 0.05
0 0.5041666666666667 0.8537037037037037 0.053125 0.04814814814814815
0 0.93046875 0.7759259259259259 0.0421875 0.10555555555555556
0 0.12786458333333334 0.5027777777777778 0.0359375 0.10555555555555556
0 0.9822916666666667 0.6902777777777778 0.034375 0.09722222222222222
0 0.17864583333333334 0.6662037037037037 0.04479166666666667 0.10092592592592593
0 0.0734375 0.513425925925926 0.04895833333333333 0.1175925925925926
0 0.16510416666666666 0.7472222222222222 0.04583333333333333 0.07037037037037037
0 0.25546875 0.7106481481481481 0.04114583333333333 0.11203703703703703
0 0.9111979166666667 0.6875 0.05260416666666667 0.09722222222222222
0 0.1375 0.6189814814814815 0.065625 0.049074074074074076
0 0.07265625 0.7486111111111111 0.028645833333333332 0.0824074074074074
0 0.23958333333333334 0.125 0.05625 0.08518518518518518
0 0.20032051282051283 0.2374169040835708 0.02047720797720798 0.12503956948401393
0 0.07211538461538461 0.8204237891737891 0.045739850427350424 0.05846391263057929
0 0.03764356303418803 0.7971272554605887 0.03288595085470085 0.05341880341880346
