0 0.15989583333333332 0.8439814814814814 0.06145833333333333 0.08055555555555556
0 0.13307291666666668 0.5699074074074074 0.050520833333333334 0.10092592592592593
0 0.8028645833333333 0.6648148148148149 0.07135416666666666 0.07777777777777778
0 0.9184895833333333 0.6199074074074075 0.050520833333333334 0.12685185185185185
0 0.39505208333333336 0.7375 0.04739583333333333 0.09722222222222222
0 0.334375 0.7407407407407407 0.059375 0.07407407407407407
0 0.8223958333333333 0.7472222222222222 0.05625 0.07407407407407407
0 0.78359375 0.8435185185185186 0.05677083333333333 0.05740740740740741
0 0.7588541666666667 0.7842592592592592 0.05625 0.05185185185185185
0 0.36640625 0.825 0.0453125 0.08518518518518518
0 0.9041666666666667 0.37824074074074077 0.040625 0.14166666666666666
0 0.040625 0.7981481481481482 0.04375 0.06296296296296296
0 0.6557291666666667 0.3939814814814815 0.05625 0.14351851851851852
0 0.5736979166666667 0.3587962962962963 0.043229166666666666 0.13240740740740742
0 0.2981770833333333 0.8393518518518519 0.034895833333333334 0.04537037037037037
0 0.013802083333333333 0.274537037037037 0.0234375 0.11203703703703703
0 0.08806316254416961 0.7644614579243555 0.02963044758539457 0.09848187410024865
0 0.14971657832744403 0.7716594686559352 0.02852620730270908 0.08408585263708938
0 0.16911470823341326 0.7579491961985967 0.012240207833733023 0.06505906386002304
