0 0.23508155684754523 0.5164369796152742 0.0526889534883721 0.13278782658627622
0 0.28464147286821706 0.810544071202986 0.03754844961240309 0.06854722939994257
0 0.1899628552971576 0.8494832041343668 0.06419573643410853 0.09115704852138962
0 0.09679828811369508 0.685113407981625 0.032905361757105935 0.1155612977318403
0 0.057130167958656324 0.7233347688774044 0.04441214470284237 0.0958225667527993
0 0.13141957364341086 0.770169394200402 0.027454780361757112 0.08828596037898366
0 0.0690406976744186 0.4979543496985357 0.04037467700258397 0.1360178007464829
0 0.8355296184738955 0.667298824929347 0.05250167336010705 0.12308493232188009
0 0.8869854417670683 0.8227353859883979 0.06212349397590356 0.0866428677673658
0 0.9372908299866131 0.7048564628885913 0.046854082998661305 0.11267291387773312
0 0.8961889223560909 0.5774951658485795 0.0591951137884872 0.10635133125092959
