0 0.9778645833333334 0.7291666666666666 0.04114583333333333 0.08796296296296297
0 0.9515625 0.6898148148148148 0.051041666666666666 0.08148148148148149
0 0.4 0.9333333333333333 0.07916666666666666 0.08518518518518518
0 0.24791666666666667 0.5787037037037037 0.0625 0.09259259259259259
0 0.44036458333333334 0.8069444444444445 0.0484375 0.08611111111111111
0 0.42942708333333335 0.875462962962963 0.07135416666666666 0.05277777777777778
0 0.21223958333333334 0.8189814814814815 0.058854166666666666 0.06574074074074074
0 0.08489583333333334 0.725 0.03333333333333333 0.09259259259259259
0 0.025520833333333333 0.6365740740740741 0.04583333333333333 0.08611111111111111
0 0.8059895833333334 0.6754629629629629 0.0390625 0.12314814814814815
0 0.32708333333333334 0.8555555555555555 0.06041666666666667 0.08518518518518518
0 0.7541666666666667 0.5967592592592592 0.058333333333333334 0.08611111111111111
0 0.06432291666666666 0.836574074074074 0.05260416666666667 0.06574074074074074
0 0.05182291666666667 0.7921296296296296 0.05572916666666667 0.049074074074074076
0 0.25729166666666664 0.5486111111111112 0.0010416666666666667 0.002777777777777778
0 0.9191625916870415 0.6303767092275651 0.047371638141809315 0.06361495970297922
