0 0.19010416666666666 0.9606481481481481 0.07083333333333333 0.07685185185185185
0 0.92890625 0.6273148148148148 0.05260416666666667 0.10648148148148148
0 0.7859375 0.774074074074074 0.05520833333333333 0.08518518518518518
0 0.26276041666666666 0.7324074074074074 0.043229166666666666 0.1
0 0.7401041666666667 0.8037037037037037 0.04895833333333333 0.09444444444444444
0 0.1390625 0.4930555555555556 0.035416666666666666 0.14537037037037037
0 0.8591145833333333 0.788425925925926 0.05364583333333333 0.08425925925925926
0 0.125 0.6370370370370371 0.05 0.05740740740740741
0 0.63984375 0.8212962962962963 0.04010416666666667 0.10555555555555556
0 0.68984375 0.8652777777777778 0.0609375 0.03425925925925926
0 0.20546875 0.8305555555555556 0.0359375 0.03888888888888889
0 0.82109375 0.6171296296296296 0.030729166666666665 0.13055555555555556
0 0.15963541666666667 0.7125 0.025520833333333333 0.09722222222222222
0 0.042708333333333334 0.8013888888888889 0.051041666666666666 0.07314814814814814
0 0.10442708333333334 0.7671296296296296 0.0296875 0.1175925925925926
0 0.24375 0.2833333333333333 0.03125 0.12962962962962962
0 0.08229166666666667 0.8055555555555556 0.034375 0.04814814814814815
0 0.08489583333333334 0.7523148148148148 0.016666666666666666 0.08611111111111111
0 0.08489583333333334 0.7861111111111111 0.0 0.001851851851851852
0 0.21836494811932555 0.6656218475284624 0.03019617380025942 0.08898976797809481
0 0.026649643320363167 0.6031128404669261 0.0322227626459144 0.08862948551664512
0 0.43804717898832685 0.8279290964115867 0.03870784695201041 0.08790892059374544
